    1.57583E+03    8.92435E+02    1.09376E-01    8.93243E+02    4.79320E-12
    1.59005E+03    8.94024E+02    1.09376E-01    8.93243E+02    4.75034E-12
    1.59953E+03    8.89201E+02    1.17512E-01    8.90172E+02    5.07347E-12
    1.60427E+03    8.92939E+02    1.09376E-01    8.93243E+02    4.70824E-12
    1.61848E+03    9.15384E+02    1.16748E-01    9.14742E+02    4.98144E-12
    1.61848E+03    9.12175E+02    1.09376E-01    9.11671E+02    4.66688E-12
    1.62796E+03    9.11630E+02    1.09376E-01    9.11671E+02    4.63971E-12
    1.63981E+03    9.14826E+02    1.16748E-01    9.14742E+02    4.91665E-12
    1.64455E+03    9.12147E+02    1.09376E-01    9.11671E+02    4.59291E-12
    1.64455E+03    9.13752E+02    1.16748E-01    9.14742E+02    4.90249E-12
    1.66351E+03    9.15336E+02    1.16748E-01    9.14742E+02    4.84662E-12
    1.67299E+03    9.11582E+02    1.09376E-01    9.11671E+02    4.51484E-12
    1.97630E+03    8.41739E+02    1.15235E-01    8.41032E+02    4.02665E-12
    1.98104E+03    9.00023E+02    1.13002E-01    8.99386E+02    3.93917E-12
    1.98815E+03    9.00015E+02    1.13002E-01    8.99386E+02    3.92509E-12
    2.00711E+03    8.52936E+02    9.53744E-02    8.53317E+02    3.28151E-12
    2.01659E+03    8.52926E+02    9.53744E-02    8.53317E+02    3.26609E-12
    2.01659E+03    8.41161E+02    1.15235E-01    8.41032E+02    3.94621E-12
    2.02607E+03    8.40616E+02    1.15235E-01    8.41032E+02    3.92775E-12
    2.02844E+03    8.89277E+02    1.17512E-01    8.90172E+02    4.00069E-12
    2.03081E+03    8.52911E+02    9.53744E-02    8.53317E+02    3.24322E-12
    2.03318E+03    8.89272E+02    1.17512E-01    8.90172E+02    3.99136E-12
    2.03791E+03    8.40069E+02    1.15235E-01    8.41032E+02    3.90492E-12
    2.04265E+03    8.52898E+02    9.53744E-02    8.53317E+02    3.22441E-12
    2.04739E+03    8.41663E+02    1.15235E-01    8.41032E+02    3.88684E-12
    2.05213E+03    8.53423E+02    9.53744E-02    8.53317E+02    3.20951E-12
    2.05687E+03    8.40583E+02    1.15235E-01    8.41032E+02    3.86893E-12
    2.06161E+03    8.89241E+02    1.17512E-01    8.90172E+02    3.93631E-12
    2.06635E+03    8.52338E+02    9.53744E-02    8.53317E+02    3.18743E-12
    2.06635E+03    8.40039E+02    1.15235E-01    8.41032E+02    3.85118E-12
    2.07346E+03    9.11154E+02    1.09376E-01    9.11671E+02    3.64283E-12
    2.07346E+03    8.90833E+02    1.17512E-01    8.90172E+02    3.91382E-12
    2.07820E+03    8.52860E+02    9.53744E-02    8.53317E+02    3.16926E-12
    2.08057E+03    8.93499E+02    1.09376E-01    8.93243E+02    3.63039E-12
    2.08531E+03    8.90286E+02    1.17512E-01    8.90172E+02    3.89158E-12
    2.09005E+03    9.12206E+02    1.09376E-01    9.11671E+02    3.61392E-12
    2.09005E+03    8.53917E+02    9.53744E-02    8.53317E+02    3.15129E-12
    2.09242E+03    8.93487E+02    1.09376E-01    8.93243E+02    3.60983E-12
    2.09716E+03    9.14337E+02    1.16748E-01    9.14742E+02    3.84444E-12
    2.09953E+03    9.12196E+02    1.09376E-01    9.11671E+02    3.59761E-12
    2.09953E+03    8.89201E+02    1.17512E-01    8.90172E+02    3.86523E-12
    2.10190E+03    8.52835E+02    9.53744E-02    8.53317E+02    3.13353E-12
    2.10427E+03    8.92404E+02    1.09376E-01    8.93243E+02    3.58950E-12
    2.10664E+03    8.41065E+02    1.15235E-01    8.41032E+02    3.77753E-12
    2.10664E+03    9.14327E+02    1.16748E-01    9.14742E+02    3.82714E-12
    2.10664E+03    8.98819E+02    1.13002E-01    8.99386E+02    3.70433E-12
    2.10900E+03    8.89191E+02    1.17512E-01    8.90172E+02    3.84785E-12
    2.11374E+03    9.11111E+02    1.09376E-01    9.11671E+02    3.57341E-12
    2.11374E+03    9.14854E+02    1.16748E-01    9.14742E+02    3.81427E-12
    2.11611E+03    8.41590E+02    1.15235E-01    8.41032E+02    3.76061E-12
    2.11611E+03    8.93996E+02    1.09376E-01    8.93243E+02    3.56940E-12
    2.12085E+03    8.89178E+02    1.17512E-01    8.90172E+02    3.82636E-12
    2.12559E+03    9.11633E+02    1.09376E-01    9.11671E+02    3.55349E-12
    2.12796E+03    8.41042E+02    1.15235E-01    8.41032E+02    3.73967E-12
    2.12796E+03    9.15374E+02    1.16748E-01    9.14742E+02    3.78878E-12
    2.12796E+03    8.98796E+02    1.13002E-01    8.99386E+02    3.66720E-12
    2.13033E+03    8.93981E+02    1.09376E-01    8.93243E+02    3.54558E-12
    2.13507E+03    8.99323E+02    1.13002E-01    8.99386E+02    3.65499E-12
    2.13507E+03    8.89698E+02    1.17512E-01    8.90172E+02    3.80088E-12
    2.13507E+03    8.40500E+02    1.15235E-01    8.41032E+02    3.72722E-12
    2.13744E+03    9.14294E+02    1.16748E-01    9.14742E+02    3.77198E-12
    2.14218E+03    8.40492E+02    1.15235E-01    8.41032E+02    3.71485E-12
    2.14455E+03    9.11078E+02    1.09376E-01    9.11671E+02    3.52208E-12
    2.14692E+03    8.90220E+02    1.17512E-01    8.90172E+02    3.77990E-12
    2.15166E+03    8.40482E+02    1.15235E-01    8.41032E+02    3.69849E-12
    2.15166E+03    9.14814E+02    1.16748E-01    9.14742E+02    3.74705E-12
    2.15403E+03    9.43153E+02    1.45736E-01    9.42383E+02    4.67228E-12
    2.15640E+03    9.29782E+02    1.30439E-01    9.30098E+02    4.17728E-12
    2.16351E+03    9.14801E+02    1.16748E-01    9.14742E+02    3.72653E-12
    2.16588E+03    8.99825E+02    1.13002E-01    8.99386E+02    3.60301E-12
    2.18483E+03    9.14778E+02    1.16748E-01    9.14742E+02    3.69016E-12
    2.18720E+03    9.29749E+02    1.30439E-01    9.30098E+02    4.11844E-12
    2.19431E+03    9.43110E+02    1.45736E-01    9.42383E+02    4.58651E-12
    2.20142E+03    9.51124E+02    1.45736E-01    9.51597E+02    4.57170E-12
    2.20379E+03    9.43100E+02    1.45736E-01    9.42383E+02    4.56678E-12
    2.21090E+03    9.51649E+02    1.45736E-01    9.51597E+02    4.55210E-12
    2.21564E+03    9.43087E+02    1.45736E-01    9.42383E+02    4.54236E-12
    2.22038E+03    9.51638E+02    1.45736E-01    9.51597E+02    4.53266E-12
    2.22749E+03    9.51631E+02    1.45736E-01    9.51597E+02    4.51820E-12
    2.23697E+03    9.51621E+02    1.45736E-01    9.51597E+02    4.49905E-12
    2.24408E+03    9.43057E+02    1.45736E-01    9.42383E+02    4.48480E-12
    2.24882E+03    9.51608E+02    1.45736E-01    9.51597E+02    4.47535E-12
    2.25355E+03    9.15239E+02    1.16748E-01    9.14742E+02    3.57763E-12
    2.25592E+03    9.51066E+02    1.45736E-01    9.51597E+02    4.46124E-12
    2.26066E+03    9.51061E+02    1.45736E-01    9.51597E+02    4.45189E-12
    2.26777E+03    9.15224E+02    1.16748E-01    9.14742E+02    3.55520E-12
    2.27962E+03    9.15211E+02    1.16748E-01    9.14742E+02    3.53672E-12
    2.28199E+03    9.79380E+02    1.51553E-01    9.79238E+02    4.58632E-12
    2.28199E+03    9.51573E+02    1.45736E-01    9.51597E+02    4.41029E-12
    2.28436E+03    9.51035E+02    1.45736E-01    9.51597E+02    4.40571E-12
    2.29384E+03    9.15196E+02    1.16748E-01    9.14742E+02    3.51480E-12
    2.29384E+03    1.01359E+03    1.47650E-01    1.01302E+03    4.44512E-12
    2.30569E+03    9.79889E+02    1.51553E-01    9.79238E+02    4.53918E-12
    2.30806E+03    9.14646E+02    1.16748E-01    9.14742E+02    3.49315E-12
    2.31517E+03    9.79345E+02    1.51553E-01    9.79238E+02    4.52060E-12
    2.34123E+03    1.02263E+03    1.49589E-01    1.02224E+03    4.41233E-12
    2.34597E+03    9.79312E+02    1.51553E-01    9.79238E+02    4.46124E-12
    2.34834E+03    1.02209E+03    1.49589E-01    1.02224E+03    4.39897E-12
    2.35545E+03    9.79302E+02    1.51553E-01    9.79238E+02    4.44328E-12
    2.36493E+03    1.01352E+03    1.47650E-01    1.01302E+03    4.31150E-12
    2.37441E+03    9.79281E+02    1.51553E-01    9.79238E+02    4.40781E-12
    2.38389E+03    1.01350E+03    1.47650E-01    1.01302E+03    4.27721E-12
    2.39336E+03    1.01349E+03    1.47650E-01    1.01302E+03    4.26027E-12
    2.41943E+03    1.01346E+03    1.47650E-01    1.01302E+03    4.21437E-12
    2.42891E+03    1.01398E+03    1.47650E-01    1.01302E+03    4.19793E-12
