    1.49231E+03    7.85246E+02    7.27202E-02    7.85749E+02    5.50550E-12
    1.49405E+03    7.88525E+02    7.27202E-02    7.85749E+02    5.49911E-12
    1.49744E+03    7.82787E+02    7.27202E-02    7.85749E+02    5.48664E-12
    1.50262E+03    7.89344E+02    7.27202E-02    7.85749E+02    5.46772E-12
    1.50431E+03    7.84426E+02    7.27202E-02    7.85749E+02    5.46160E-12
    1.51461E+03    7.87705E+02    7.27202E-02    7.85749E+02    5.42444E-12
    1.57804E+03    7.86885E+02    7.27202E-02    7.85749E+02    5.20642E-12
    1.58830E+03    7.81967E+02    7.27202E-02    7.85749E+02    5.17280E-12
    1.60202E+03    7.84426E+02    7.27202E-02    7.85749E+02    5.12847E-12
    1.61058E+03    7.81148E+02    7.27202E-02    7.85749E+02    5.10124E-12
    1.62430E+03    7.83607E+02    7.27202E-02    7.85749E+02    5.05812E-12
    1.63631E+03    7.85246E+02    7.27202E-02    7.85749E+02    5.02100E-12
    1.81185E+03    6.03279E+02    6.55133E-02    6.01474E+02    4.08517E-12
    1.87529E+03    6.05738E+02    6.55133E-02    6.01474E+02    3.94696E-12
    1.90783E+03    6.00820E+02    6.55133E-02    6.01474E+02    3.87964E-12
    1.92328E+03    6.04918E+02    6.55133E-02    6.01474E+02    3.84847E-12
    2.05804E+03    7.86885E+02    7.27202E-02    7.85749E+02    3.99212E-12
    2.06659E+03    7.84426E+02    7.27202E-02    7.85749E+02    3.97559E-12
    2.07000E+03    7.81148E+02    7.27202E-02    7.85749E+02    3.96904E-12
    2.07520E+03    7.90164E+02    7.27202E-02    7.85749E+02    3.95910E-12
    2.07859E+03    7.83607E+02    7.27202E-02    7.85749E+02    3.95264E-12
    2.08205E+03    7.88525E+02    7.27202E-02    7.85749E+02    3.94608E-12
    2.08545E+03    7.84426E+02    7.27202E-02    7.85749E+02    3.93964E-12
