1.5639810427e+3  8.9512127126e+2
1.5758293839e+3  8.9243480244e+2
1.5805687204e+3  9.0152064272e+2
1.5805687204e+3  8.7424791545e+2
1.5805687204e+3  8.8815165877e+2
1.5829383886e+3  8.7691917784e+2
1.5853080569e+3  8.7852092151e+2
1.5876777251e+3  8.7530983096e+2
1.5900473934e+3  8.9830194896e+2
1.5900473934e+3  9.0685809869e+2
1.5900473934e+3  8.9402387409e+2
1.5947867299e+3  8.7744126517e+2
1.5947867299e+3  8.6032896571e+2
1.5995260664e+3  8.7476239957e+2
1.5995260664e+3  8.8652710546e+2
1.5995260664e+3  8.8759662417e+2
1.5995260664e+3  8.8920090225e+2
1.5995260664e+3  8.5818485947e+2
1.6018957346e+3  8.6192564057e+2
1.6042654028e+3  8.9293914895e+2
1.6042654028e+3  8.7957016499e+2
1.6042654028e+3  8.7636160884e+2
1.6042654028e+3  8.5657551258e+2
1.6042654028e+3  9.0416909547e+2
1.6066350711e+3  8.5978153433e+2
1.6066350711e+3  9.0095800492e+2
1.6090047393e+3  8.7849557746e+2
1.6090047393e+3  9.0683782345e+2
1.6090047393e+3  8.8812124591e+2
1.6113744076e+3  8.7261069012e+2
1.6113744076e+3  9.0362673290e+2
1.6113744076e+3  8.7528448691e+2
1.6113744076e+3  8.5817218744e+2
1.6161137441e+3  8.7688369618e+2
1.6161137441e+3  9.0950401703e+2
1.6161137441e+3  8.5602808120e+2
1.6184834123e+3  9.1538383557e+2
1.6184834123e+3  9.1217527942e+2
1.6184834123e+3  8.7902019920e+2
1.6184834123e+3  8.6672073396e+2
1.6184834123e+3  9.0575816712e+2
1.6232227488e+3  8.8115416783e+2
1.6232227488e+3  8.7473705553e+2
1.6255924171e+3  8.7259548369e+2
1.6255924171e+3  8.8329067086e+2
1.6255924171e+3  8.7687355856e+2
1.6279620853e+3  8.8542717389e+2
1.6279620853e+3  8.8007958030e+2
1.6279620853e+3  9.1163038244e+2
1.6303317536e+3  8.7472945232e+2
1.6303317536e+3  9.0841929189e+2
1.6303317536e+3  8.5547811542e+2
1.6303317536e+3  8.8649415820e+2
1.6350710900e+3  9.0039283270e+2
1.6350710900e+3  8.9557999848e+2
1.6374407583e+3  9.0199457637e+2
1.6398104265e+3  9.0680487619e+2
1.6398104265e+3  9.1482626657e+2
1.6421800948e+3  9.0947613858e+2
1.6421800948e+3  8.7257774286e+2
1.6421800948e+3  9.1589325088e+2
1.6445497630e+3  9.1214740097e+2
1.6445497630e+3  9.0359125124e+2
1.6445497630e+3  9.1375167904e+2
1.6469194313e+3  9.2177053501e+2
1.6492890995e+3  8.8219580809e+2
1.6492890995e+3  8.6775730542e+2
1.6563981043e+3  8.8432724231e+2
1.6587677725e+3  9.0838887903e+2
1.6635071090e+3  9.1533568188e+2
1.6658767773e+3  9.0891603518e+2
1.6706161137e+3  9.0570241022e+2
1.6729857820e+3  9.0356083838e+2
1.6729857820e+3  9.1158222876e+2
1.6753554502e+3  9.0783637884e+2
1.6824644550e+3  9.0943305370e+2
1.6848341232e+3  9.0515244443e+2
1.7227488152e+3  8.9762526294e+2
1.7251184834e+3  9.0671363763e+2
1.9597156398e+3  8.4443064602e+2
1.9715639810e+3  8.4548749271e+2
1.9763033175e+3  8.3960007096e+2
1.9763033175e+3  8.4173910840e+2
1.9810426540e+3  9.0002280964e+2
1.9834123223e+3  9.0376359074e+2
1.9881516588e+3  9.0001520643e+2
1.9905213270e+3  8.3958486454e+2
1.9928909953e+3  8.5509035152e+2
2.0000000000e+3  8.4438756114e+2
2.0023696682e+3  8.4545454545e+2
2.0047393365e+3  8.5507767950e+2
2.0047393365e+3  8.4277821426e+2
2.0071090047e+3  8.5293610766e+2
2.0071090047e+3  9.0587728413e+2
2.0094786730e+3  8.3956458930e+2
2.0094786730e+3  8.2940416149e+2
2.0094786730e+3  8.4437742352e+2
2.0118483412e+3  8.5025724206e+2
2.0142180095e+3  8.4758091086e+2
2.0142180095e+3  8.5560230124e+2
2.0165876777e+3  9.0319334972e+2
2.0165876777e+3  8.5292597004e+2
2.0165876777e+3  8.4116126416e+2
2.0189573460e+3  8.4383252655e+2
2.0189573460e+3  8.5934054794e+2
2.0213270142e+3  8.5185138252e+2
2.0236966825e+3  8.3847986416e+2
2.0236966825e+3  8.4970981068e+2
2.0236966825e+3  8.4757077325e+2
2.0260663507e+3  8.4061636718e+2
2.0260663507e+3  8.4542920141e+2
2.0260663507e+3  8.5505486986e+2
2.0260663507e+3  8.5986770408e+2
2.0284360190e+3  9.0585447449e+2
2.0284360190e+3  8.4328762957e+2
2.0284360190e+3  8.8392934080e+2
2.0284360190e+3  8.8927693438e+2
2.0308056872e+3  8.4863268875e+2
2.0308056872e+3  8.5291076362e+2
2.0308056872e+3  8.5665407912e+2
2.0308056872e+3  8.8125300961e+2
2.0308056872e+3  8.4542413260e+2
2.0331753555e+3  8.3312213295e+2
2.0331753555e+3  8.3846972654e+2
2.0331753555e+3  8.7750715969e+2
2.0331753555e+3  8.8927186558e+2
2.0331753555e+3  8.5451250729e+2
2.0331753555e+3  8.4274780140e+2
2.0355450237e+3  8.5076665737e+2
2.0355450237e+3  8.5985756646e+2
2.0379146919e+3  8.4702080746e+2
2.0379146919e+3  8.8552348126e+2
2.0379146919e+3  8.4006893580e+2
2.0379146919e+3  9.0424005880e+2
2.0402843602e+3  8.4274019819e+2
2.0402843602e+3  8.3151025167e+2
2.0402843602e+3  8.5450490407e+2
2.0426540284e+3  8.5824568518e+2
2.0426540284e+3  8.8124033758e+2
2.0426540284e+3  8.3739007020e+2
2.0426540284e+3  8.5289809159e+2
2.0426540284e+3  8.4380718250e+2
2.0426540284e+3  8.4862001673e+2
2.0426540284e+3  9.0583926806e+2
2.0473933649e+3  8.6091441316e+2
2.0473933649e+3  8.8337430621e+2
2.0473933649e+3  8.4647591048e+2
2.0473933649e+3  8.4166307626e+2
2.0473933649e+3  8.5128874471e+2
2.0497630332e+3  8.8658032795e+2
2.0497630332e+3  8.5556428517e+2
2.0497630332e+3  8.3898674506e+2
2.0497630332e+3  9.0422738678e+2
2.0497630332e+3  8.3150011405e+2
2.0521327014e+3  8.4433180424e+2
2.0521327014e+3  8.3577565451e+2
2.0521327014e+3  8.5342271333e+2
2.0521327014e+3  8.5716602884e+2
2.0521327014e+3  9.0850292724e+2
2.0521327014e+3  8.7855640317e+2
2.0545023697e+3  8.8069290620e+2
2.0545023697e+3  8.4914210406e+2
2.0545023697e+3  8.4700306663e+2
2.0568720379e+3  8.6143903490e+2
2.0568720379e+3  8.5983475682e+2
2.0568720379e+3  9.0635882100e+2
2.0568720379e+3  8.4058341993e+2
2.0568720379e+3  8.5127860709e+2
2.0592417062e+3  8.3844184809e+2
2.0616113744e+3  8.8389385914e+2
2.0616113744e+3  8.4378690727e+2
2.0616113744e+3  8.3469599818e+2
2.0616113744e+3  8.8924145272e+2
2.0616113744e+3  8.5501685379e+2
2.0639810427e+3  8.8656512152e+2
2.0639810427e+3  8.5020148516e+2
2.0639810427e+3  8.4806244773e+2
2.0663507109e+3  8.5447702562e+2
2.0663507109e+3  8.3362141065e+2
2.0663507109e+3  8.3736472616e+2
2.0663507109e+3  8.5233798819e+2
2.0663507109e+3  8.4538611653e+2
2.0663507109e+3  8.4003852295e+2
2.0663507109e+3  8.4217756038e+2
2.0663507109e+3  8.5928985985e+2
2.0687203791e+3  9.0099855539e+2
2.0710900474e+3  9.0313505842e+2
2.0710900474e+3  8.6730618141e+2
2.0710900474e+3  8.6142382847e+2
2.0710900474e+3  8.9725270548e+2
2.0710900474e+3  8.3735965735e+2
2.0734597156e+3  9.1115391439e+2
2.0734597156e+3  9.0580632080e+2
2.0734597156e+3  8.4858706947e+2
2.0734597156e+3  8.4270471653e+2
2.0734597156e+3  8.5072610690e+2
2.0734597156e+3  8.9083305877e+2
2.0758293839e+3  8.8655244950e+2
2.0758293839e+3  8.3468079175e+2
2.0758293839e+3  8.6302303774e+2
2.0758293839e+3  8.4002838533e+2
2.0781990521e+3  8.8441087766e+2
2.0781990521e+3  8.8868895253e+2
2.0781990521e+3  8.8013280280e+2
2.0781990521e+3  8.4590820387e+2
2.0781990521e+3  8.4430392579e+2
2.0781990521e+3  8.5286007553e+2
2.0805687204e+3  8.3734951973e+2
2.0805687204e+3  8.9349925235e+2
2.0805687204e+3  8.4269711331e+2
2.0829383886e+3  8.9563575538e+2
2.0829383886e+3  9.0098334896e+2
2.0829383886e+3  8.5071596928e+2
2.0829383886e+3  8.9830955217e+2
2.0853080569e+3  9.0632840814e+2
2.0853080569e+3  8.4910915680e+2
2.0853080569e+3  8.4001824771e+2
2.0853080569e+3  8.9028562739e+2
2.0853080569e+3  8.4376156322e+2
2.0876777251e+3  8.7263603416e+2
2.0876777251e+3  8.4482854753e+2
2.0876777251e+3  9.0953442989e+2
2.0876777251e+3  9.0311731759e+2
2.0876777251e+3  8.4696758497e+2
2.0900473934e+3  8.3733938211e+2
2.0900473934e+3  9.1220569227e+2
2.0900473934e+3  8.5391692222e+2
2.0900473934e+3  8.8332868693e+2
2.0900473934e+3  8.3413082596e+2
2.0924170616e+3  8.9829941455e+2
2.0924170616e+3  8.5070583166e+2
2.0924170616e+3  8.8011759637e+2
2.0924170616e+3  8.4268444129e+2
2.0924170616e+3  8.9348658033e+2
2.0924170616e+3  8.8706946803e+2
2.0924170616e+3  8.8546518995e+2
2.0947867299e+3  8.9615784271e+2
2.0947867299e+3  8.4856425983e+2
2.0971563981e+3  8.4000557569e+2
2.0971563981e+3  9.1433712649e+2
2.0971563981e+3  8.8225156499e+2
2.0971563981e+3  8.4642268799e+2
2.0971563981e+3  9.0952429227e+2
2.0971563981e+3  9.0524621740e+2
2.0971563981e+3  9.0096814253e+2
2.0971563981e+3  8.7476493398e+2
2.0995260664e+3  8.5016346909e+2
2.0995260664e+3  9.1219555465e+2
2.0995260664e+3  8.3625972578e+2
2.0995260664e+3  8.8920090225e+2
2.0995260664e+3  8.4374635679e+2
2.1018957346e+3  9.0738018603e+2
2.1018957346e+3  8.8652457105e+2
2.1018957346e+3  8.7155130902e+2
2.1018957346e+3  8.5283473148e+2
2.1018957346e+3  8.8438553362e+2
2.1018957346e+3  8.3839622881e+2
2.1042654028e+3  8.3411561954e+2
2.1042654028e+3  8.9240438959e+2
2.1042654028e+3  9.2021187622e+2
2.1042654028e+3  8.7529209012e+2
2.1042654028e+3  8.9614770510e+2
2.1066350711e+3  8.8010238994e+2
2.1066350711e+3  9.0470132042e+2
2.1066350711e+3  8.4641255037e+2
2.1066350711e+3  8.4106495679e+2
2.1066350711e+3  8.4373875358e+2
2.1066350711e+3  9.1432698887e+2
2.1066350711e+3  8.9881896748e+2
2.1066350711e+3  8.5229490331e+2
2.1066350711e+3  8.4908634716e+2
2.1090047393e+3  9.1860252934e+2
2.1090047393e+3  8.3624958816e+2
2.1090047393e+3  8.8919076463e+2
2.1090047393e+3  9.0149022987e+2
2.1113744076e+3  8.8651443343e+2
2.1113744076e+3  8.3838609119e+2
2.1137440758e+3  8.4426590972e+2
2.1137440758e+3  9.1111082951e+2
2.1137440758e+3  9.1485414502e+2
2.1137440758e+3  9.0790227336e+2
2.1137440758e+3  8.5014826267e+2
2.1161137441e+3  8.4479813468e+2
2.1161137441e+3  8.8062701168e+2
2.1161137441e+3  8.5068048762e+2
2.1161137441e+3  9.0094786730e+2
2.1161137441e+3  8.4158957853e+2
2.1161137441e+3  8.9399599564e+2
2.1161137441e+3  8.3891578174e+2
2.1161137441e+3  8.9827407051e+2
2.1184834123e+3  9.0468864840e+2
2.1184834123e+3  8.8276351471e+2
2.1208530806e+3  9.0735991079e+2
2.1208530806e+3  8.8917809261e+2
2.1208530806e+3  8.9185188940e+2
2.1208530806e+3  8.4639734394e+2
2.1232227488e+3  8.9612742986e+2
2.1232227488e+3  8.8650176141e+2
2.1232227488e+3  8.7259801810e+2
2.1255924171e+3  9.0147248904e+2
2.1255924171e+3  8.7901259599e+2
2.1255924171e+3  8.6992168690e+2
2.1255924171e+3  9.1163291685e+2
2.1279620853e+3  9.1858225410e+2
2.1279620853e+3  9.2072129153e+2
2.1279620853e+3  8.4104214715e+2
2.1279620853e+3  9.0467851078e+2
2.1279620853e+3  9.1537369795e+2
2.1279620853e+3  8.8275337709e+2
2.1279620853e+3  8.9879615784e+2
2.1303317536e+3  8.4478292825e+2
2.1303317536e+3  9.0734977317e+2
2.1303317536e+3  9.1055832932e+2
2.1303317536e+3  8.9398078921e+2
2.1303317536e+3  8.7259041488e+2
2.1327014218e+3  8.8542210508e+2
2.1350710900e+3  8.9932331399e+2
2.1350710900e+3  8.8969764554e+2
2.1350710900e+3  8.9130192361e+2
2.1350710900e+3  8.4049978458e+2
2.1374407583e+3  8.8274323948e+2
2.1374407583e+3  9.0306409509e+2
2.1374407583e+3  9.2659350686e+2
2.1374407583e+3  9.1696783841e+2
2.1374407583e+3  8.8702131434e+2
2.1374407583e+3  9.0841168867e+2
2.1374407583e+3  9.1429404161e+2
2.1374407583e+3  9.2391971006e+2
2.1398104265e+3  9.2070861951e+2
2.1398104265e+3  8.8060166764e+2
2.1421800948e+3  8.3888790329e+2
2.1421800948e+3  8.4049218136e+2
2.1421800948e+3  9.2551891933e+2
2.1445497630e+3  9.1107788225e+2
2.1445497630e+3  9.0091745444e+2
2.1469194313e+3  9.2765288795e+2
2.1469194313e+3  9.0305395747e+2
2.1469194313e+3  8.9021973287e+2
2.1492890995e+3  8.9823858884e+2
2.1492890995e+3  8.8861292039e+2
2.1492890995e+3  9.2230275997e+2
2.1492890995e+3  8.9609955141e+2
2.1492890995e+3  9.7524393644e+2
2.1516587678e+3  8.6989380845e+2
2.1516587678e+3  8.4048204374e+2
2.1516587678e+3  9.1855691005e+2
2.1516587678e+3  9.1481359455e+2
2.1540284360e+3  9.2497148795e+2
2.1540284360e+3  9.4315330613e+2
2.1540284360e+3  9.0892870720e+2
2.1563981043e+3  9.2978178777e+2
2.1563981043e+3  9.0090478242e+2
2.1587677725e+3  9.7523379882e+2
2.1587677725e+3  9.2657069721e+2
2.1611374408e+3  9.0785158527e+2
2.1611374408e+3  9.2015105051e+2
2.1635071090e+3  9.2282231290e+2
2.1635071090e+3  9.7522873001e+2
2.1635071090e+3  9.1480092252e+2
2.1658767773e+3  8.9982512609e+2
2.1658767773e+3  9.0196416352e+2
2.1658767773e+3  8.9447753250e+2
2.1658767773e+3  9.0410320095e+2
2.1682464455e+3  9.7522366120e+2
2.1682464455e+3  9.2549104088e+2
2.1706161137e+3  9.2174519097e+2
2.1729857820e+3  9.0676939453e+2
2.1729857820e+3  9.2815976886e+2
2.1753554502e+3  9.2013584408e+2
2.1753554502e+3  8.9446739489e+2
2.1777251185e+3  9.1371619738e+2
2.1777251185e+3  9.2387662519e+2
2.1800947867e+3  9.4366018704e+2
2.1848341232e+3  9.1852142839e+2
2.1848341232e+3  9.3670324657e+2
2.1848341232e+3  9.1477811288e+2
2.1848341232e+3  9.5648934283e+2
2.1872037915e+3  9.2814456244e+2
2.1872037915e+3  9.2974884051e+2
2.1872037915e+3  9.2547076564e+2
2.1895734597e+3  9.2172491573e+2
2.1919431280e+3  9.7519831716e+2
2.1919431280e+3  9.5006462732e+2
2.1943127962e+3  9.5647920521e+2
2.1943127962e+3  9.4311022125e+2
2.1966824645e+3  9.1904351573e+2
2.1990521327e+3  9.2331905619e+2
2.1990521327e+3  9.1315862838e+2
2.2014218009e+3  9.5112400841e+2
2.2014218009e+3  9.2599031857e+2
2.2037914692e+3  9.5646906759e+2
2.2037914692e+3  9.4310008364e+2
2.2061611374e+3  9.2865904656e+2
2.2085308057e+3  9.3346934638e+2
2.2085308057e+3  9.1903084370e+2
2.2109004739e+3  9.3827964620e+2
2.2109004739e+3  9.2598018096e+2
2.2109004739e+3  9.5164863015e+2
2.2109004739e+3  9.8319943229e+2
2.2109004739e+3  9.3667536812e+2
2.2132701422e+3  9.2276909040e+2
2.2156398104e+3  9.5645639557e+2
2.2156398104e+3  9.4308741161e+2
2.2180094787e+3  9.2811161518e+2
2.2180094787e+3  9.2543781838e+2
2.2180094787e+3  9.8319182908e+2
2.2180094787e+3  9.1902070609e+2
2.2203791469e+3  9.1367057810e+2
2.2203791469e+3  9.5163849254e+2
2.2227488152e+3  9.3666269610e+2
2.2274881517e+3  9.2542768077e+2
2.2274881517e+3  9.5163088932e+2
2.2274881517e+3  9.2275388397e+2
2.2298578199e+3  9.4360696454e+2
2.2298578199e+3  9.2756418380e+2
2.2322274882e+3  9.3451352105e+2
2.2345971564e+3  9.2809387434e+2
2.2345971564e+3  9.7568745723e+2
2.2369668246e+3  9.3825176775e+2
2.2369668246e+3  9.5162075170e+2
2.2369668246e+3  9.8317155384e+2
2.2440758294e+3  9.4305699876e+2
2.2488151659e+3  9.5160807968e+2
2.2488151659e+3  9.3716957701e+2
2.2488151659e+3  9.8315888182e+2
2.2535545024e+3  9.1523937451e+2
2.2559241706e+3  9.5106571711e+2
2.2606635071e+3  9.3876118306e+2
2.2606635071e+3  9.5106064830e+2
2.2654028436e+3  9.3447803938e+2
2.2677725118e+3  9.1522416808e+2
2.2748815166e+3  9.3874597663e+2
2.2772511848e+3  9.3446536736e+2
2.2796208531e+3  9.2483716451e+2
2.2796208531e+3  9.1521149606e+2
2.2819905213e+3  9.7938008465e+2
2.2819905213e+3  9.5157259802e+2
2.2843601896e+3  9.5103530426e+2
2.2867298578e+3  9.3873330461e+2
2.2890995261e+3  9.3445269534e+2
2.2914691943e+3  1.0681400005e+3
2.2938388626e+3  9.1519628963e+2
2.2938388626e+3  1.0135920116e+3
2.2962085308e+3  9.2481942368e+2
2.2985781991e+3  9.8684897483e+2
2.3009478673e+3  9.8310312492e+2
2.3056872038e+3  9.7988949996e+2
2.3080568720e+3  9.2480675165e+2
2.3080568720e+3  1.0675875003e+3
2.3080568720e+3  9.2373723294e+2
2.3080568720e+3  9.1464632385e+2
2.3104265403e+3  9.8683630281e+2
2.3151658768e+3  9.7934460299e+2
2.3175355450e+3  9.8629394024e+2
2.3270142180e+3  9.8681856198e+2
2.3270142180e+3  1.0675672251e+3
2.3317535545e+3  9.8413969638e+2
2.3388625592e+3  1.0039181894e+3
2.3388625592e+3  9.8734064931e+2
2.3412322275e+3  1.0226322326e+3
2.3412322275e+3  9.8359479940e+2
2.3436018957e+3  1.0675494842e+3
2.3459715640e+3  9.7931165573e+2
2.3483412322e+3  1.0220898700e+3
2.3483412322e+3  1.0039080518e+3
2.3554502370e+3  9.7930151811e+2
2.3578199052e+3  1.0675342778e+3
2.3625592417e+3  9.8357198976e+2
2.3649289100e+3  1.0135159794e+3
2.3672985782e+3  1.0675241402e+3
2.3696682464e+3  9.8356438655e+2
2.3744075829e+3  9.7928124287e+2
2.3838862559e+3  1.0134957042e+3
2.3838862559e+3  1.0290037256e+3
2.3838862559e+3  9.8354918012e+2
2.3909952607e+3  1.0038624325e+3
2.3933649289e+3  1.0134855666e+3
2.4028436019e+3  1.0043845199e+3
2.4123222749e+3  9.9956154801e+2
2.4123222749e+3  1.0049091416e+3
2.4170616114e+3  1.0038345541e+3
2.4170616114e+3  1.0295030033e+3
2.4194312796e+3  1.0134576881e+3
2.4265402844e+3  1.0043591758e+3
2.4289099526e+3  1.0139823099e+3
2.4360189573e+3  1.0289479687e+3
2.4478672986e+3  9.9898877259e+2
2.4644549763e+3  1.0289175558e+3
2.4715639810e+3  9.9949818790e+2
2.4763033175e+3  9.9949311909e+2
2.4834123223e+3  1.0037635907e+3
2.4881516588e+3  1.0288922118e+3
2.5047393365e+3  1.0032060217e+3
2.5094786730e+3  9.9892287807e+2
2.5308056872e+3  1.0037129027e+3
2.5450236967e+3  1.0036976962e+3
