    3.87387E+02    5.30392E+02    1.03039E-02    5.30835E+02    3.12012E-12
    4.11411E+02    5.79412E+02    1.09270E-02    5.79975E+02    3.11556E-12
    4.17417E+02    5.80392E+02    1.09270E-02    5.79975E+02    3.07074E-12
    4.23423E+02    5.96078E+02    1.06455E-02    5.95332E+02    2.94922E-12
    4.23423E+02    5.96078E+02    1.79389E-02    5.95332E+02    4.96976E-12
    4.47447E+02    6.60784E+02    2.70562E-02    6.59828E+02    7.09314E-12
    4.53453E+02    6.77451E+02    1.15876E-02    6.78255E+02    2.99762E-12
    4.53453E+02    6.77451E+02    2.55136E-02    6.78255E+02    6.60013E-12
    6.21622E+02    5.52941E+02    4.00165E-02    5.52334E+02    7.55138E-12
    6.27628E+02    4.32353E+02    1.71383E-02    4.32555E+02    3.20316E-12
    6.27628E+02    5.00980E+02    1.63733E-02    5.00123E+02    3.06019E-12
    9.33934E+02    6.77451E+02    1.15876E-02    6.78255E+02    1.45543E-12
    9.33934E+02    6.77451E+02    2.55136E-02    6.78255E+02    3.20456E-12
    1.17417E+03    7.64706E+02    4.89844E-02    7.64251E+02    4.89371E-12
    1.18619E+03    7.67647E+02    3.35546E-02    7.67322E+02    3.31827E-12
    1.19219E+03    7.70588E+02    6.48441E-02    7.70393E+02    6.38025E-12
    1.19820E+03    7.99020E+02    5.58104E-02    7.98034E+02    5.46386E-12
    1.21021E+03    7.95098E+02    3.35546E-02    7.94963E+02    3.25240E-12
    1.21021E+03    7.95098E+02    4.29933E-02    7.94963E+02    4.16728E-12
    1.21622E+03    8.09804E+02    3.72458E-02    8.10319E+02    3.59236E-12
    1.22222E+03    7.97059E+02    5.58104E-02    7.98034E+02    5.35646E-12
    1.33033E+03    7.34314E+02    6.35875E-02    7.33538E+02    5.60694E-12
    1.35435E+03    7.09804E+02    3.74896E-02    7.08968E+02    3.24707E-12
    1.36036E+03    7.33333E+02    6.35875E-02    7.33538E+02    5.48317E-12
    1.39039E+03    7.46078E+02    5.12729E-02    7.45823E+02    4.32578E-12
    1.39640E+03    7.33333E+02    6.35875E-02    7.33538E+02    5.34167E-12
    1.40841E+03    7.69608E+02    6.48441E-02    7.70393E+02    5.40077E-12
    1.40841E+03    7.34314E+02    6.35875E-02    7.33538E+02    5.29611E-12
    1.42643E+03    7.69608E+02    6.48441E-02    7.70393E+02    5.33255E-12
    1.42643E+03    7.34314E+02    6.35875E-02    7.33538E+02    5.22921E-12
    1.44444E+03    7.69608E+02    6.48441E-02    7.70393E+02    5.26603E-12
    1.45045E+03    7.63725E+02    4.89844E-02    7.64251E+02    3.96158E-12
    1.45646E+03    7.66667E+02    3.35546E-02    7.67322E+02    2.70251E-12
    1.47447E+03    7.64706E+02    4.89844E-02    7.64251E+02    3.89703E-12
    1.48649E+03    7.67647E+02    3.35546E-02    7.67322E+02    2.64792E-12
    1.49249E+03    5.52941E+02    4.00165E-02    5.52334E+02    3.14514E-12
    1.49249E+03    7.94118E+02    3.35546E-02    7.94963E+02    2.63726E-12
    1.49249E+03    7.94118E+02    4.29933E-02    7.94963E+02    3.37910E-12
    1.52252E+03    7.69608E+02    6.48441E-02    7.70393E+02    4.99598E-12
    1.56456E+03    5.30392E+02    1.03039E-02    5.30835E+02    7.72545E-13
    1.57057E+03    5.51961E+02    4.00165E-02    5.52334E+02    2.98879E-12
    1.58258E+03    6.28431E+02    4.80351E-02    6.29115E+02    3.56046E-12
    1.58258E+03    6.06863E+02    4.67980E-02    6.07617E+02    3.46876E-12
    1.58258E+03    5.80392E+02    1.09270E-02    5.79975E+02    8.09928E-13
    1.60060E+03    7.33333E+02    6.35875E-02    7.33538E+02    4.66018E-12
    1.61261E+03    5.80392E+02    1.09270E-02    5.79975E+02    7.94846E-13
    1.61862E+03    7.11765E+02    4.93049E-02    7.12039E+02    3.57322E-12
    1.69670E+03    7.70588E+02    6.48441E-02    7.70393E+02    4.48311E-12
    1.70871E+03    7.97059E+02    5.58104E-02    7.98034E+02    3.83142E-12
    1.71471E+03    7.94118E+02    3.35546E-02    7.94963E+02    2.29548E-12
    1.71471E+03    7.94118E+02    4.29933E-02    7.94963E+02    2.94118E-12
    1.72072E+03    7.99020E+02    5.58104E-02    7.98034E+02    3.80468E-12
    1.73273E+03    7.97059E+02    5.58104E-02    7.98034E+02    3.77830E-12
    1.75075E+03    7.69608E+02    6.48441E-02    7.70393E+02    4.34470E-12
    1.76276E+03    7.66667E+02    3.35546E-02    7.67322E+02    2.23291E-12
    1.76877E+03    7.69608E+02    6.48441E-02    7.70393E+02    4.30044E-12
    1.77477E+03    7.64706E+02    4.89844E-02    7.64251E+02    3.23763E-12
    1.78679E+03    7.70588E+02    6.48441E-02    7.70393E+02    4.25708E-12
    1.78679E+03    7.66667E+02    3.35546E-02    7.67322E+02    2.20289E-12
    1.84084E+03    6.60784E+02    2.70562E-02    6.59828E+02    1.72411E-12
    1.86486E+03    6.60784E+02    2.70562E-02    6.59828E+02    1.70190E-12
    1.87087E+03    6.77451E+02    1.15876E-02    6.78255E+02    7.26549E-13
    1.87087E+03    6.77451E+02    2.55136E-02    6.78255E+02    1.59971E-12
    1.87688E+03    6.60784E+02    2.70562E-02    6.59828E+02    1.69101E-12
    1.89489E+03    6.78431E+02    1.15876E-02    6.78255E+02    7.17338E-13
    1.89489E+03    6.78431E+02    2.55136E-02    6.78255E+02    1.57943E-12
    1.91892E+03    6.93137E+02    2.68803E-02    6.93612E+02    1.64320E-12
    1.96697E+03    7.06863E+02    6.78736E-02    7.05897E+02    4.04778E-12
    1.99700E+03    7.64706E+02    4.89844E-02    7.64251E+02    2.87736E-12
    2.00300E+03    6.60784E+02    2.70562E-02    6.59828E+02    1.58453E-12
    2.00901E+03    7.33333E+02    6.35875E-02    7.33538E+02    3.71282E-12
    2.02102E+03    7.70588E+02    6.48441E-02    7.70393E+02    3.76368E-12
    2.02703E+03    6.94118E+02    2.68803E-02    6.93612E+02    1.55557E-12
    2.02703E+03    7.64706E+02    4.89844E-02    7.64251E+02    2.83473E-12
    2.03904E+03    6.94118E+02    2.68803E-02    6.93612E+02    1.54640E-12
    2.04505E+03    7.46078E+02    5.12729E-02    7.45823E+02    2.94102E-12
    2.05706E+03    7.67647E+02    3.35546E-02    7.67322E+02    1.91346E-12
    2.05706E+03    7.70588E+02    6.48441E-02    7.70393E+02    3.69775E-12
    2.05706E+03    7.64706E+02    4.89844E-02    7.64251E+02    2.79335E-12
    2.08108E+03    7.67647E+02    3.35546E-02    7.67322E+02    1.89137E-12
    2.11111E+03    8.10784E+02    3.72458E-02    8.10319E+02    2.06957E-12
    2.13514E+03    7.99020E+02    5.58104E-02    7.98034E+02    3.06622E-12
    2.13514E+03    7.94118E+02    3.35546E-02    7.94963E+02    1.84349E-12
    2.13514E+03    7.94118E+02    4.29933E-02    7.94963E+02    2.36205E-12
    2.14715E+03    8.16667E+02    7.38802E-02    8.16462E+02    4.03626E-12
    2.15916E+03    7.97059E+02    5.58104E-02    7.98034E+02    3.03210E-12
    2.16517E+03    8.09804E+02    3.72458E-02    8.10319E+02    2.01790E-12
    2.18318E+03    7.46078E+02    5.12729E-02    7.45823E+02    2.75493E-12
    2.19520E+03    8.15686E+02    7.38802E-02    8.16462E+02    3.94792E-12
    2.19520E+03    8.09804E+02    3.72458E-02    8.10319E+02    1.99030E-12
    2.20721E+03    7.67647E+02    3.35546E-02    7.67322E+02    1.78329E-12
    2.21321E+03    8.09804E+02    3.72458E-02    8.10319E+02    1.97409E-12
    2.21922E+03    7.67647E+02    3.35546E-02    7.67322E+02    1.77364E-12
    2.23123E+03    7.66667E+02    3.35546E-02    7.67322E+02    1.76409E-12
    2.23724E+03    7.70588E+02    6.48441E-02    7.70393E+02    3.39995E-12
    2.27928E+03    8.09804E+02    3.72458E-02    8.10319E+02    1.91687E-12
    2.29730E+03    8.10784E+02    3.72458E-02    8.10319E+02    1.90184E-12
    2.32733E+03    8.16667E+02    7.38802E-02    8.16462E+02    3.72378E-12
    2.33333E+03    7.99020E+02    5.58104E-02    7.98034E+02    2.80577E-12
    2.44144E+03    8.16667E+02    7.38802E-02    8.16462E+02    3.54973E-12
