      1.433E+03      5.662E-09      1.372E+37      7.347E+16      6.877E+02
      1.435E+03      5.669E-09      1.374E+37      7.356E+16      6.943E+02
      1.435E+03      5.669E-09      1.374E+37      7.357E+16      7.107E+02
      1.437E+03      5.676E-09      1.376E+37      7.365E+16      7.000E+02
      1.442E+03      5.696E-09      1.380E+37      7.391E+16      6.943E+02
      1.442E+03      5.697E-09      1.381E+37      7.392E+16      7.107E+02
      1.444E+03      5.703E-09      1.382E+37      7.400E+16      7.025E+02
      1.447E+03      5.717E-09      1.385E+37      7.418E+16      7.057E+02
      1.447E+03      5.717E-09      1.385E+37      7.418E+16      7.148E+02
      1.449E+03      5.723E-09      1.387E+37      7.427E+16      7.016E+02
      1.449E+03      5.724E-09      1.387E+37      7.428E+16      7.320E+02
      1.452E+03      5.737E-09      1.390E+37      7.445E+16      7.107E+02
      1.456E+03      5.751E-09      1.394E+37      7.463E+16      7.287E+02
      1.458E+03      5.758E-09      1.395E+37      7.471E+16      7.238E+02
      1.459E+03      5.765E-09      1.397E+37      7.480E+16      7.328E+02
      1.461E+03      5.771E-09      1.399E+37      7.488E+16      7.066E+02
      1.463E+03      5.778E-09      1.400E+37      7.498E+16      7.205E+02
      1.465E+03      5.785E-09      1.402E+37      7.506E+16      7.213E+02
      1.465E+03      5.785E-09      1.402E+37      7.507E+16      7.279E+02
      1.465E+03      5.785E-09      1.402E+37      7.507E+16      7.295E+02
      1.475E+03      5.826E-09      1.412E+37      7.560E+16      7.426E+02
      1.477E+03      5.833E-09      1.413E+37      7.568E+16      7.393E+02
      1.477E+03      5.833E-09      1.414E+37      7.569E+16      7.475E+02
      1.478E+03      5.839E-09      1.415E+37      7.577E+16      7.352E+02
      1.483E+03      5.860E-09      1.420E+37      7.604E+16      7.426E+02
      1.484E+03      5.860E-09      1.420E+37      7.604E+16      7.631E+02
      1.484E+03      5.861E-09      1.420E+37      7.605E+16      7.770E+02
      1.485E+03      5.866E-09      1.422E+37      7.612E+16      7.352E+02
      1.485E+03      5.866E-09      1.422E+37      7.612E+16      7.385E+02
      1.485E+03      5.867E-09      1.422E+37      7.613E+16      7.459E+02
      1.485E+03      5.867E-09      1.422E+37      7.613E+16      7.697E+02
      1.487E+03      5.873E-09      1.423E+37      7.621E+16      7.328E+02
      1.489E+03      5.881E-09      1.425E+37      7.631E+16      7.738E+02
      1.491E+03      5.888E-09      1.427E+37      7.640E+16      7.803E+02
      1.492E+03      5.894E-09      1.428E+37      7.648E+16      7.418E+02
      1.492E+03      5.894E-09      1.428E+37      7.648E+16      7.697E+02
      1.492E+03      5.895E-09      1.429E+37      7.649E+16      7.852E+02
      1.494E+03      5.901E-09      1.430E+37      7.657E+16      7.648E+02
      1.494E+03      5.901E-09      1.430E+37      7.658E+16      7.885E+02
      1.494E+03      5.903E-09      1.431E+37      7.660E+16      8.516E+02
      1.496E+03      5.907E-09      1.432E+37      7.665E+16      7.451E+02
      1.496E+03      5.908E-09      1.432E+37      7.666E+16      7.557E+02
      1.496E+03      5.908E-09      1.432E+37      7.666E+16      7.779E+02
      1.497E+03      5.915E-09      1.433E+37      7.675E+16      7.730E+02
      1.497E+03      5.915E-09      1.433E+37      7.675E+16      7.828E+02
      1.497E+03      5.915E-09      1.433E+37      7.675E+16      7.926E+02
      1.499E+03      5.921E-09      1.435E+37      7.683E+16      7.418E+02
      1.499E+03      5.921E-09      1.435E+37      7.684E+16      7.689E+02
      1.501E+03      5.928E-09      1.436E+37      7.692E+16      7.451E+02
      1.501E+03      5.930E-09      1.437E+37      7.695E+16      8.443E+02
      1.501E+03      5.930E-09      1.437E+37      7.695E+16      8.508E+02
      1.503E+03      5.935E-09      1.438E+37      7.701E+16      7.746E+02
      1.503E+03      5.935E-09      1.438E+37      7.702E+16      7.893E+02
      1.503E+03      5.937E-09      1.439E+37      7.703E+16      8.475E+02
      1.504E+03      5.942E-09      1.440E+37      7.710E+16      7.795E+02
      1.504E+03      5.942E-09      1.440E+37      7.710E+16      7.844E+02
      1.506E+03      5.949E-09      1.442E+37      7.720E+16      7.967E+02
      1.507E+03      5.953E-09      1.443E+37      7.725E+16      6.869E+02
      1.508E+03      5.956E-09      1.443E+37      7.728E+16      8.008E+02
      1.509E+03      5.960E-09      1.444E+37      7.734E+16      6.770E+02
      1.511E+03      5.967E-09      1.446E+37      7.742E+16      6.746E+02
      1.511E+03      5.969E-09      1.446E+37      7.745E+16      7.713E+02
      1.511E+03      5.969E-09      1.447E+37      7.745E+16      7.770E+02
      1.511E+03      5.969E-09      1.447E+37      7.746E+16      7.943E+02
      1.511E+03      5.970E-09      1.447E+37      7.747E+16      8.270E+02
      1.513E+03      5.975E-09      1.448E+37      7.754E+16      7.672E+02
      1.513E+03      5.976E-09      1.448E+37      7.754E+16      7.746E+02
      1.513E+03      5.977E-09      1.449E+37      7.756E+16      8.525E+02
      1.514E+03      5.980E-09      1.449E+37      7.760E+16      6.828E+02
      1.515E+03      5.983E-09      1.450E+37      7.763E+16      7.877E+02
      1.515E+03      5.984E-09      1.450E+37      7.765E+16      8.393E+02
      1.518E+03      5.996E-09      1.453E+37      7.780E+16      7.705E+02
      1.518E+03      5.996E-09      1.453E+37      7.780E+16      7.762E+02
      1.518E+03      5.998E-09      1.453E+37      7.782E+16      8.426E+02
      1.518E+03      5.998E-09      1.453E+37      7.783E+16      8.500E+02
      1.520E+03      6.004E-09      1.455E+37      7.791E+16      8.467E+02
      1.523E+03      6.014E-09      1.458E+37      7.804E+16      6.951E+02
      1.523E+03      6.017E-09      1.458E+37      7.808E+16      8.008E+02
      1.523E+03      6.017E-09      1.458E+37      7.808E+16      8.049E+02
      1.523E+03      6.017E-09      1.458E+37      7.808E+16      8.098E+02
      1.523E+03      6.017E-09      1.458E+37      7.808E+16      8.164E+02
      1.524E+03      6.021E-09      1.459E+37      7.813E+16      6.721E+02
      1.524E+03      6.021E-09      1.459E+37      7.813E+16      6.754E+02
      1.525E+03      6.024E-09      1.460E+37      7.817E+16      8.213E+02
      1.525E+03      6.024E-09      1.460E+37      7.817E+16      8.279E+02
      1.527E+03      6.031E-09      1.462E+37      7.826E+16      8.352E+02
      1.527E+03      6.031E-09      1.462E+37      7.826E+16      8.402E+02
      1.529E+03      6.038E-09      1.463E+37      7.835E+16      8.492E+02
      1.529E+03      6.041E-09      1.464E+37      7.839E+16      6.803E+02
      1.529E+03      6.042E-09      1.464E+37      7.839E+16      6.918E+02
      1.530E+03      6.045E-09      1.465E+37      7.844E+16      8.451E+02
      1.530E+03      6.045E-09      1.465E+37      7.844E+16      8.566E+02
      1.531E+03      6.048E-09      1.466E+37      7.848E+16      6.869E+02
      1.534E+03      6.059E-09      1.468E+37      7.862E+16      8.533E+02
      1.534E+03      6.059E-09      1.468E+37      7.862E+16      8.607E+02
      1.535E+03      6.062E-09      1.469E+37      7.866E+16      6.967E+02
      1.535E+03      6.065E-09      1.470E+37      7.870E+16      8.238E+02
      1.536E+03      6.065E-09      1.470E+37      7.870E+16      8.484E+02
      1.537E+03      6.073E-09      1.472E+37      7.880E+16      8.730E+02
      1.538E+03      6.076E-09      1.472E+37      7.884E+16      7.008E+02
      1.539E+03      6.078E-09      1.473E+37      7.887E+16      8.189E+02
      1.539E+03      6.079E-09      1.473E+37      7.888E+16      8.557E+02
      1.539E+03      6.079E-09      1.473E+37      7.888E+16      8.631E+02
      1.541E+03      6.086E-09      1.475E+37      7.897E+16      8.451E+02
      1.541E+03      6.086E-09      1.475E+37      7.898E+16      8.770E+02
      1.542E+03      6.093E-09      1.476E+37      7.906E+16      8.525E+02
      1.542E+03      6.093E-09      1.477E+37      7.906E+16      8.590E+02
      1.543E+03      6.096E-09      1.477E+37      7.910E+16      7.123E+02
      1.543E+03      6.097E-09      1.477E+37      7.911E+16      7.303E+02
      1.544E+03      6.100E-09      1.478E+37      7.915E+16      8.672E+02
      1.545E+03      6.103E-09      1.479E+37      7.920E+16      7.328E+02
      1.546E+03      6.106E-09      1.480E+37      7.923E+16      8.484E+02
      1.547E+03      6.113E-09      1.481E+37      7.932E+16      8.426E+02
      1.548E+03      6.113E-09      1.481E+37      7.933E+16      8.689E+02
      1.548E+03      6.116E-09      1.482E+37      7.936E+16      6.828E+02
      1.548E+03      6.116E-09      1.482E+37      7.936E+16      6.877E+02
      1.548E+03      6.116E-09      1.482E+37      7.936E+16      6.918E+02
      1.548E+03      6.116E-09      1.482E+37      7.937E+16      7.139E+02
      1.549E+03      6.120E-09      1.483E+37      7.941E+16      8.648E+02
      1.551E+03      6.127E-09      1.485E+37      7.950E+16      8.615E+02
      1.552E+03      6.130E-09      1.486E+37      7.955E+16      7.230E+02
      1.554E+03      6.136E-09      1.487E+37      7.963E+16      6.992E+02
      1.554E+03      6.140E-09      1.488E+37      7.967E+16      8.582E+02
      1.555E+03      6.141E-09      1.488E+37      7.968E+16      8.861E+02
      1.555E+03      6.143E-09      1.489E+37      7.971E+16      6.869E+02
      1.555E+03      6.144E-09      1.489E+37      7.972E+16      7.270E+02
      1.558E+03      6.154E-09      1.491E+37      7.985E+16      8.648E+02
      1.560E+03      6.163E-09      1.494E+37      7.997E+16      6.795E+02
      1.560E+03      6.163E-09      1.494E+37      7.997E+16      6.828E+02
      1.562E+03      6.171E-09      1.495E+37      8.007E+16      7.262E+02
      1.562E+03      6.171E-09      1.495E+37      8.008E+16      7.311E+02
      1.563E+03      6.174E-09      1.496E+37      8.011E+16      8.607E+02
      1.563E+03      6.174E-09      1.496E+37      8.012E+16      8.705E+02
      1.564E+03      6.178E-09      1.497E+37      8.017E+16      7.361E+02
      1.567E+03      6.191E-09      1.500E+37      8.034E+16      7.197E+02
      1.568E+03      6.192E-09      1.501E+37      8.035E+16      7.803E+02
      1.570E+03      6.202E-09      1.503E+37      8.048E+16      8.992E+02
      1.572E+03      6.208E-09      1.505E+37      8.056E+16      8.902E+02
      1.574E+03      6.219E-09      1.507E+37      8.069E+16      7.336E+02
      1.575E+03      6.222E-09      1.508E+37      8.074E+16      8.902E+02
      1.577E+03      6.229E-09      1.510E+37      8.083E+16      8.992E+02
      1.578E+03      6.233E-09      1.511E+37      8.088E+16      7.869E+02
      1.579E+03      6.235E-09      1.511E+37      8.091E+16      8.820E+02
      1.579E+03      6.235E-09      1.511E+37      8.091E+16      8.861E+02
      1.581E+03      6.246E-09      1.514E+37      8.104E+16      7.320E+02
      1.581E+03      6.247E-09      1.514E+37      8.106E+16      7.754E+02
      1.586E+03      6.263E-09      1.518E+37      8.127E+16      9.066E+02
      1.588E+03      6.273E-09      1.520E+37      8.139E+16      7.344E+02
      1.588E+03      6.274E-09      1.520E+37      8.141E+16      7.820E+02
      1.592E+03      6.290E-09      1.524E+37      8.161E+16      8.861E+02
      1.594E+03      6.295E-09      1.526E+37      8.169E+16      8.328E+02
      1.594E+03      6.297E-09      1.526E+37      8.171E+16      8.951E+02
      1.594E+03      6.297E-09      1.526E+37      8.171E+16      9.041E+02
      1.597E+03      6.307E-09      1.528E+37      8.184E+16      7.410E+02
      1.597E+03      6.309E-09      1.529E+37      8.186E+16      8.303E+02
      1.597E+03      6.309E-09      1.529E+37      8.187E+16      8.541E+02
      1.599E+03      6.316E-09      1.531E+37      8.195E+16      8.434E+02
      1.599E+03      6.317E-09      1.531E+37      8.197E+16      9.041E+02
      1.601E+03      6.322E-09      1.532E+37      8.204E+16      8.377E+02
      1.601E+03      6.323E-09      1.532E+37      8.205E+16      8.746E+02
      1.602E+03      6.327E-09      1.533E+37      8.210E+16      7.459E+02
      1.602E+03      6.328E-09      1.534E+37      8.211E+16      7.844E+02
      1.602E+03      6.329E-09      1.534E+37      8.213E+16      8.352E+02
      1.603E+03      6.330E-09      1.534E+37      8.214E+16      8.697E+02
      1.603E+03      6.330E-09      1.534E+37      8.214E+16      8.828E+02
      1.604E+03      6.335E-09      1.535E+37      8.220E+16      7.803E+02
      1.604E+03      6.337E-09      1.536E+37      8.223E+16      8.893E+02
      1.607E+03      6.349E-09      1.539E+37      8.238E+16      8.049E+02
      1.608E+03      6.350E-09      1.539E+37      8.240E+16      8.508E+02
      1.608E+03      6.350E-09      1.539E+37      8.240E+16      8.582E+02
      1.608E+03      6.351E-09      1.539E+37      8.241E+16      8.975E+02
      1.608E+03      6.351E-09      1.539E+37      8.241E+16      9.000E+02
      1.609E+03      6.354E-09      1.540E+37      8.245E+16      7.475E+02
      1.611E+03      6.362E-09      1.542E+37      8.255E+16      7.738E+02
      1.611E+03      6.362E-09      1.542E+37      8.255E+16      7.811E+02
      1.611E+03      6.364E-09      1.542E+37      8.258E+16      8.779E+02
      1.612E+03      6.369E-09      1.543E+37      8.264E+16      7.992E+02
      1.613E+03      6.370E-09      1.544E+37      8.266E+16      8.393E+02
      1.613E+03      6.371E-09      1.544E+37      8.267E+16      8.730E+02
      1.613E+03      6.371E-09      1.544E+37      8.267E+16      9.041E+02
      1.616E+03      6.381E-09      1.546E+37      8.281E+16      7.492E+02
      1.616E+03      6.382E-09      1.547E+37      8.281E+16      7.779E+02
      1.616E+03      6.384E-09      1.547E+37      8.283E+16      8.451E+02
      1.616E+03      6.385E-09      1.547E+37      8.285E+16      8.959E+02
      1.618E+03      6.391E-09      1.549E+37      8.293E+16      8.623E+02
      1.618E+03      6.391E-09      1.549E+37      8.293E+16      8.672E+02
      1.618E+03      6.391E-09      1.549E+37      8.293E+16      8.861E+02
      1.619E+03      6.395E-09      1.550E+37      8.298E+16      7.467E+02
      1.620E+03      6.397E-09      1.550E+37      8.301E+16      8.615E+02
      1.620E+03      6.398E-09      1.550E+37      8.302E+16      8.811E+02
      1.620E+03      6.398E-09      1.551E+37      8.302E+16      8.910E+02
      1.620E+03      6.398E-09      1.551E+37      8.303E+16      9.008E+02
      1.620E+03      6.398E-09      1.551E+37      8.303E+16      9.057E+02
      1.621E+03      6.403E-09      1.552E+37      8.309E+16      8.156E+02
      1.621E+03      6.404E-09      1.552E+37      8.310E+16      8.557E+02
      1.621E+03      6.405E-09      1.552E+37      8.311E+16      8.762E+02
      1.623E+03      6.409E-09      1.553E+37      8.316E+16      7.746E+02
      1.623E+03      6.411E-09      1.554E+37      8.319E+16      8.492E+02
      1.623E+03      6.412E-09      1.554E+37      8.320E+16      9.074E+02
      1.624E+03      6.416E-09      1.555E+37      8.325E+16      7.787E+02
      1.624E+03      6.416E-09      1.555E+37      8.325E+16      7.836E+02
      1.625E+03      6.418E-09      1.555E+37      8.328E+16      8.721E+02
      1.625E+03      6.418E-09      1.555E+37      8.329E+16      8.926E+02
      1.626E+03      6.422E-09      1.556E+37      8.333E+16      7.459E+02
      1.626E+03      6.425E-09      1.557E+37      8.337E+16      8.648E+02
      1.627E+03      6.425E-09      1.557E+37      8.337E+16      8.836E+02
      1.627E+03      6.425E-09      1.557E+37      8.337E+16      8.885E+02
      1.627E+03      6.425E-09      1.557E+37      8.338E+16      9.033E+02
      1.628E+03      6.432E-09      1.559E+37      8.347E+16      9.107E+02
      1.630E+03      6.437E-09      1.560E+37      8.352E+16      7.975E+02
      1.630E+03      6.438E-09      1.560E+37      8.354E+16      8.689E+02
      1.630E+03      6.438E-09      1.560E+37      8.355E+16      8.779E+02
      1.630E+03      6.439E-09      1.560E+37      8.355E+16      8.975E+02
      1.631E+03      6.444E-09      1.562E+37      8.361E+16      8.123E+02
      1.633E+03      6.452E-09      1.564E+37      8.372E+16      8.746E+02
      1.634E+03      6.453E-09      1.564E+37      8.373E+16      9.016E+02
      1.634E+03      6.453E-09      1.564E+37      8.373E+16      9.074E+02
      1.635E+03      6.457E-09      1.565E+37      8.378E+16      7.779E+02
      1.635E+03      6.457E-09      1.565E+37      8.379E+16      7.959E+02
      1.635E+03      6.457E-09      1.565E+37      8.379E+16      8.156E+02
      1.635E+03      6.459E-09      1.565E+37      8.381E+16      8.918E+02
      1.636E+03      6.463E-09      1.566E+37      8.387E+16      7.852E+02
      1.637E+03      6.466E-09      1.567E+37      8.390E+16      8.836E+02
      1.637E+03      6.466E-09      1.567E+37      8.390E+16      8.877E+02
      1.637E+03      6.466E-09      1.567E+37      8.391E+16      9.098E+02
      1.637E+03      6.466E-09      1.567E+37      8.391E+16      9.131E+02
      1.638E+03      6.472E-09      1.568E+37      8.398E+16      8.648E+02
      1.639E+03      6.472E-09      1.568E+37      8.398E+16      8.721E+02
      1.639E+03      6.473E-09      1.569E+37      8.399E+16      8.975E+02
      1.640E+03      6.477E-09      1.570E+37      8.405E+16      7.984E+02
      1.640E+03      6.479E-09      1.570E+37      8.407E+16      8.787E+02
      1.641E+03      6.484E-09      1.571E+37      8.414E+16      7.918E+02
      1.642E+03      6.486E-09      1.572E+37      8.417E+16      8.943E+02
      1.642E+03      6.486E-09      1.572E+37      8.417E+16      9.057E+02
      1.643E+03      6.491E-09      1.573E+37      8.423E+16      8.189E+02
      1.644E+03      6.493E-09      1.574E+37      8.426E+16      9.000E+02
      1.644E+03      6.493E-09      1.574E+37      8.426E+16      9.115E+02
      1.645E+03      6.499E-09      1.575E+37      8.434E+16      8.754E+02
      1.645E+03      6.500E-09      1.575E+37      8.434E+16      8.893E+02
      1.647E+03      6.505E-09      1.576E+37      8.440E+16      8.082E+02
      1.647E+03      6.505E-09      1.576E+37      8.441E+16      8.148E+02
      1.647E+03      6.506E-09      1.577E+37      8.442E+16      8.689E+02
      1.647E+03      6.506E-09      1.577E+37      8.443E+16      8.844E+02
      1.648E+03      6.511E-09      1.578E+37      8.449E+16      7.959E+02
      1.648E+03      6.511E-09      1.578E+37      8.449E+16      8.025E+02
      1.649E+03      6.513E-09      1.578E+37      8.451E+16      8.623E+02
      1.649E+03      6.513E-09      1.578E+37      8.451E+16      8.795E+02
      1.650E+03      6.519E-09      1.580E+37      8.459E+16      8.369E+02
      1.651E+03      6.520E-09      1.580E+37      8.460E+16      8.721E+02
      1.651E+03      6.520E-09      1.580E+37      8.461E+16      8.967E+02
      1.651E+03      6.520E-09      1.580E+37      8.461E+16      9.049E+02
      1.652E+03      6.527E-09      1.582E+37      8.470E+16      9.107E+02
      1.654E+03      6.532E-09      1.583E+37      8.476E+16      8.123E+02
      1.654E+03      6.534E-09      1.583E+37      8.478E+16      8.918E+02
      1.656E+03      6.540E-09      1.585E+37      8.487E+16      8.869E+02
      1.656E+03      6.541E-09      1.585E+37      8.487E+16      9.008E+02
      1.656E+03      6.541E-09      1.585E+37      8.487E+16      9.082E+02
      1.657E+03      6.546E-09      1.586E+37      8.494E+16      8.328E+02
      1.658E+03      6.548E-09      1.587E+37      8.496E+16      9.131E+02
      1.659E+03      6.552E-09      1.588E+37      8.502E+16      8.074E+02
      1.659E+03      6.554E-09      1.588E+37      8.504E+16      8.754E+02
      1.659E+03      6.554E-09      1.588E+37      8.504E+16      8.795E+02
      1.661E+03      6.559E-09      1.590E+37      8.511E+16      8.230E+02
      1.661E+03      6.561E-09      1.590E+37      8.514E+16      9.107E+02
      1.661E+03      6.561E-09      1.590E+37      8.514E+16      9.139E+02
      1.662E+03      6.566E-09      1.591E+37      8.520E+16      8.131E+02
      1.663E+03      6.568E-09      1.592E+37      8.522E+16      8.959E+02
      1.663E+03      6.568E-09      1.592E+37      8.522E+16      9.057E+02
      1.664E+03      6.573E-09      1.593E+37      8.529E+16      8.279E+02
      1.664E+03      6.573E-09      1.593E+37      8.529E+16      8.336E+02
      1.666E+03      6.581E-09      1.595E+37      8.540E+16      9.008E+02
      1.669E+03      6.594E-09      1.598E+37      8.556E+16      8.721E+02
      1.669E+03      6.594E-09      1.598E+37      8.557E+16      8.893E+02
      1.670E+03      6.595E-09      1.598E+37      8.558E+16      9.098E+02
      1.671E+03      6.600E-09      1.599E+37      8.564E+16      8.254E+02
      1.671E+03      6.601E-09      1.600E+37      8.566E+16      8.811E+02
      1.673E+03      6.606E-09      1.601E+37      8.573E+16      8.189E+02
      1.673E+03      6.607E-09      1.601E+37      8.573E+16      8.303E+02
      1.673E+03      6.608E-09      1.601E+37      8.575E+16      8.967E+02
      1.674E+03      6.614E-09      1.603E+37      8.582E+16      8.525E+02
      1.675E+03      6.615E-09      1.603E+37      8.584E+16      9.057E+02
      1.676E+03      6.620E-09      1.604E+37      8.590E+16      8.246E+02
      1.676E+03      6.621E-09      1.605E+37      8.592E+16      8.852E+02
      1.676E+03      6.622E-09      1.605E+37      8.592E+16      9.008E+02
      1.676E+03      6.622E-09      1.605E+37      8.593E+16      9.090E+02
      1.678E+03      6.628E-09      1.606E+37      8.601E+16      8.910E+02
      1.681E+03      6.641E-09      1.609E+37      8.617E+16      8.303E+02
      1.683E+03      6.648E-09      1.611E+37      8.626E+16      8.402E+02
      1.683E+03      6.649E-09      1.611E+37      8.628E+16      9.090E+02
      1.687E+03      6.663E-09      1.615E+37      8.645E+16      9.107E+02
      1.690E+03      6.674E-09      1.617E+37      8.661E+16      8.328E+02
      1.692E+03      6.683E-09      1.619E+37      8.671E+16      8.934E+02
      1.697E+03      6.702E-09      1.624E+37      8.697E+16      8.615E+02
      1.698E+03      6.708E-09      1.626E+37      8.705E+16      8.369E+02
      1.700E+03      6.715E-09      1.627E+37      8.714E+16      8.492E+02
      1.702E+03      6.722E-09      1.629E+37      8.723E+16      8.410E+02
      1.702E+03      6.722E-09      1.629E+37      8.723E+16      8.557E+02
      1.704E+03      6.729E-09      1.631E+37      8.732E+16      8.639E+02
      1.705E+03      6.736E-09      1.632E+37      8.740E+16      8.516E+02
      1.707E+03      6.742E-09      1.634E+37      8.749E+16      8.467E+02
      1.712E+03      6.763E-09      1.639E+37      8.776E+16      8.639E+02
      1.714E+03      6.769E-09      1.640E+37      8.784E+16      8.361E+02
      1.714E+03      6.770E-09      1.641E+37      8.785E+16      8.689E+02
      1.800E+03      7.108E-09      1.723E+37      9.224E+16      5.598E+02
      1.801E+03      7.116E-09      1.724E+37      9.233E+16      5.770E+02
      1.803E+03      7.123E-09      1.726E+37      9.243E+16      6.074E+02
      1.805E+03      7.131E-09      1.728E+37      9.253E+16      6.566E+02
      1.808E+03      7.143E-09      1.731E+37      9.268E+16      5.795E+02
      1.810E+03      7.149E-09      1.732E+37      9.277E+16      5.566E+02
      1.812E+03      7.157E-09      1.734E+37      9.287E+16      6.033E+02
      1.819E+03      7.184E-09      1.741E+37      9.322E+16      5.918E+02
      1.819E+03      7.184E-09      1.741E+37      9.322E+16      5.943E+02
      1.824E+03      7.205E-09      1.746E+37      9.349E+16      6.475E+02
      1.833E+03      7.239E-09      1.754E+37      9.393E+16      6.270E+02
      1.834E+03      7.245E-09      1.756E+37      9.402E+16      6.328E+02
      1.834E+03      7.246E-09      1.756E+37      9.402E+16      6.516E+02
      1.838E+03      7.259E-09      1.759E+37      9.419E+16      6.221E+02
      1.841E+03      7.272E-09      1.762E+37      9.436E+16      6.164E+02
      1.843E+03      7.279E-09      1.764E+37      9.446E+16      6.320E+02
      1.846E+03      7.292E-09      1.767E+37      9.462E+16      5.951E+02
      1.848E+03      7.298E-09      1.769E+37      9.470E+16      5.533E+02
      1.848E+03      7.298E-09      1.769E+37      9.470E+16      5.664E+02
      1.848E+03      7.299E-09      1.769E+37      9.472E+16      6.197E+02
      1.849E+03      7.305E-09      1.770E+37      9.479E+16      5.648E+02
      1.850E+03      7.306E-09      1.770E+37      9.480E+16      5.943E+02
      1.850E+03      7.306E-09      1.771E+37      9.480E+16      6.123E+02
      1.851E+03      7.312E-09      1.772E+37      9.488E+16      5.754E+02
      1.855E+03      7.325E-09      1.775E+37      9.505E+16      5.730E+02
      1.855E+03      7.326E-09      1.775E+37      9.506E+16      5.902E+02
      1.855E+03      7.326E-09      1.775E+37      9.507E+16      6.107E+02
      1.860E+03      7.346E-09      1.780E+37      9.532E+16      5.820E+02
      1.867E+03      7.373E-09      1.787E+37      9.567E+16      5.885E+02
      1.875E+03      7.407E-09      1.795E+37      9.611E+16      5.820E+02
      1.875E+03      7.407E-09      1.795E+37      9.612E+16      6.057E+02
      1.886E+03      7.448E-09      1.805E+37      9.665E+16      6.107E+02
      1.891E+03      7.468E-09      1.810E+37      9.691E+16      6.098E+02
      1.899E+03      7.502E-09      1.818E+37      9.735E+16      5.959E+02
      1.908E+03      7.536E-09      1.826E+37      9.779E+16      6.008E+02
      1.908E+03      7.536E-09      1.826E+37      9.779E+16      6.189E+02
      1.911E+03      7.550E-09      1.830E+37      9.797E+16      6.107E+02
      1.915E+03      7.563E-09      1.833E+37      9.814E+16      6.172E+02
      1.915E+03      7.564E-09      1.833E+37      9.814E+16      6.238E+02
      1.918E+03      7.577E-09      1.836E+37      9.832E+16      6.344E+02
      1.918E+03      7.577E-09      1.836E+37      9.833E+16      6.410E+02
      1.922E+03      7.590E-09      1.839E+37      9.849E+16      6.139E+02
      1.922E+03      7.591E-09      1.839E+37      9.850E+16      6.197E+02
      1.923E+03      7.597E-09      1.841E+37      9.858E+16      6.049E+02
      1.925E+03      7.604E-09      1.843E+37      9.867E+16      6.262E+02
      1.929E+03      7.618E-09      1.846E+37      9.885E+16      6.369E+02
      1.930E+03      7.625E-09      1.848E+37      9.894E+16      6.328E+02
      1.934E+03      7.638E-09      1.851E+37      9.911E+16      6.254E+02
      1.937E+03      7.652E-09      1.854E+37      9.929E+16      6.295E+02
      1.940E+03      7.665E-09      1.858E+37      9.946E+16      6.139E+02
      1.944E+03      7.679E-09      1.861E+37      9.964E+16      6.295E+02
      1.949E+03      7.700E-09      1.866E+37      9.991E+16      6.623E+02
      1.953E+03      7.712E-09      1.869E+37      1.001E+17      6.180E+02
      1.953E+03      7.714E-09      1.869E+37      1.001E+17      7.000E+02
      1.960E+03      7.740E-09      1.876E+37      1.004E+17      6.574E+02
      1.961E+03      7.748E-09      1.878E+37      1.005E+17      6.779E+02
      1.963E+03      7.753E-09      1.879E+37      1.006E+17      6.287E+02
      1.966E+03      7.767E-09      1.882E+37      1.008E+17      6.434E+02
      1.966E+03      7.767E-09      1.882E+37      1.008E+17      6.574E+02
      1.968E+03      7.775E-09      1.884E+37      1.009E+17      6.820E+02
      1.968E+03      7.775E-09      1.884E+37      1.009E+17      6.877E+02
      1.970E+03      7.781E-09      1.886E+37      1.010E+17      6.648E+02
      1.970E+03      7.781E-09      1.886E+37      1.010E+17      6.705E+02
      1.973E+03      7.794E-09      1.889E+37      1.011E+17      6.311E+02
      1.973E+03      7.794E-09      1.889E+37      1.011E+17      6.344E+02
      1.973E+03      7.795E-09      1.889E+37      1.011E+17      6.754E+02
      1.978E+03      7.815E-09      1.894E+37      1.014E+17      6.672E+02
      1.979E+03      7.815E-09      1.894E+37      1.014E+17      6.852E+02
      1.980E+03      7.822E-09      1.896E+37      1.015E+17      6.918E+02
      1.980E+03      7.823E-09      1.896E+37      1.015E+17      6.975E+02
      1.980E+03      7.823E-09      1.896E+37      1.015E+17      7.033E+02
      1.982E+03      7.829E-09      1.897E+37      1.016E+17      6.721E+02
      1.982E+03      7.830E-09      1.897E+37      1.016E+17      7.082E+02
      1.984E+03      7.836E-09      1.899E+37      1.017E+17      7.156E+02
      1.985E+03      7.843E-09      1.901E+37      1.018E+17      6.918E+02
      1.987E+03      7.850E-09      1.902E+37      1.019E+17      7.254E+02
      1.990E+03      7.862E-09      1.905E+37      1.020E+17      6.623E+02
      1.994E+03      7.877E-09      1.909E+37      1.022E+17      7.090E+02
      1.994E+03      7.877E-09      1.909E+37      1.022E+17      7.238E+02
      1.996E+03      7.883E-09      1.910E+37      1.023E+17      6.967E+02
      1.997E+03      7.890E-09      1.912E+37      1.024E+17      6.713E+02
      1.999E+03      7.897E-09      1.914E+37      1.025E+17      7.008E+02
      1.999E+03      7.898E-09      1.914E+37      1.025E+17      7.295E+02
      2.001E+03      7.905E-09      1.916E+37      1.026E+17      7.361E+02
      2.001E+03      7.905E-09      1.916E+37      1.026E+17      7.680E+02
      2.003E+03      7.912E-09      1.917E+37      1.027E+17      7.639E+02
      2.004E+03      7.918E-09      1.919E+37      1.027E+17      7.107E+02
      2.004E+03      7.918E-09      1.919E+37      1.027E+17      7.172E+02
      2.005E+03      7.918E-09      1.919E+37      1.027E+17      7.262E+02
      2.005E+03      7.918E-09      1.919E+37      1.027E+17      7.311E+02
      2.005E+03      7.919E-09      1.919E+37      1.028E+17      7.574E+02
      2.006E+03      7.924E-09      1.920E+37      1.028E+17      7.074E+02
      2.010E+03      7.938E-09      1.924E+37      1.030E+17      7.033E+02
      2.010E+03      7.938E-09      1.924E+37      1.030E+17      7.139E+02
      2.012E+03      7.945E-09      1.926E+37      1.031E+17      7.434E+02
      2.013E+03      7.951E-09      1.927E+37      1.032E+17      6.984E+02
      2.013E+03      7.952E-09      1.927E+37      1.032E+17      7.287E+02
      2.013E+03      7.952E-09      1.927E+37      1.032E+17      7.385E+02
      2.015E+03      7.958E-09      1.929E+37      1.033E+17      7.090E+02
      2.015E+03      7.959E-09      1.929E+37      1.033E+17      7.623E+02
      2.018E+03      7.972E-09      1.932E+37      1.034E+17      7.139E+02
      2.018E+03      7.973E-09      1.932E+37      1.035E+17      7.566E+02
      2.020E+03      7.979E-09      1.934E+37      1.035E+17      7.180E+02
      2.020E+03      7.979E-09      1.934E+37      1.035E+17      7.434E+02
      2.020E+03      7.980E-09      1.934E+37      1.035E+17      7.689E+02
      2.022E+03      7.986E-09      1.935E+37      1.036E+17      7.336E+02
      2.023E+03      7.993E-09      1.937E+37      1.037E+17      7.287E+02
      2.023E+03      7.993E-09      1.937E+37      1.037E+17      7.377E+02
      2.024E+03      7.993E-09      1.937E+37      1.037E+17      7.525E+02
      2.024E+03      7.994E-09      1.937E+37      1.037E+17      7.746E+02
      2.025E+03      7.999E-09      1.938E+37      1.038E+17      7.123E+02
      2.025E+03      8.000E-09      1.939E+37      1.038E+17      7.492E+02
      2.025E+03      8.000E-09      1.939E+37      1.038E+17      7.607E+02
      2.028E+03      8.013E-09      1.942E+37      1.040E+17      7.148E+02
      2.029E+03      8.013E-09      1.942E+37      1.040E+17      7.377E+02
      2.029E+03      8.013E-09      1.942E+37      1.040E+17      7.434E+02
      2.029E+03      8.014E-09      1.942E+37      1.040E+17      7.656E+02
      2.029E+03      8.014E-09      1.942E+37      1.040E+17      7.705E+02
      2.030E+03      8.019E-09      1.943E+37      1.041E+17      7.230E+02
      2.030E+03      8.020E-09      1.943E+37      1.041E+17      7.328E+02
      2.032E+03      8.026E-09      1.945E+37      1.042E+17      7.287E+02
      2.034E+03      8.034E-09      1.947E+37      1.042E+17      7.484E+02
      2.034E+03      8.034E-09      1.947E+37      1.042E+17      7.541E+02
      2.035E+03      8.040E-09      1.948E+37      1.043E+17      7.418E+02
      2.037E+03      8.047E-09      1.950E+37      1.044E+17      7.615E+02
      2.039E+03      8.054E-09      1.952E+37      1.045E+17      7.377E+02
      2.039E+03      8.054E-09      1.952E+37      1.045E+17      7.582E+02
      2.041E+03      8.060E-09      1.953E+37      1.046E+17      7.279E+02
      2.041E+03      8.060E-09      1.953E+37      1.046E+17      7.328E+02
      2.041E+03      8.061E-09      1.954E+37      1.046E+17      7.664E+02
      2.041E+03      8.062E-09      1.954E+37      1.046E+17      8.016E+02
      2.042E+03      8.067E-09      1.955E+37      1.047E+17      7.238E+02
      2.042E+03      8.067E-09      1.955E+37      1.047E+17      7.451E+02
      2.042E+03      8.068E-09      1.955E+37      1.047E+17      7.533E+02
      2.044E+03      8.075E-09      1.957E+37      1.048E+17      7.787E+02
      2.046E+03      8.081E-09      1.958E+37      1.049E+17      7.492E+02
      2.046E+03      8.082E-09      1.958E+37      1.049E+17      7.721E+02
      2.048E+03      8.088E-09      1.960E+37      1.050E+17      7.615E+02
      2.049E+03      8.094E-09      1.962E+37      1.050E+17      7.254E+02
      2.049E+03      8.095E-09      1.962E+37      1.050E+17      7.566E+02
      2.050E+03      8.096E-09      1.962E+37      1.051E+17      8.016E+02
      2.051E+03      8.101E-09      1.963E+37      1.051E+17      7.426E+02
      2.053E+03      8.109E-09      1.965E+37      1.052E+17      7.770E+02
      2.054E+03      8.115E-09      1.967E+37      1.053E+17      7.467E+02
      2.054E+03      8.115E-09      1.967E+37      1.053E+17      7.664E+02
      2.056E+03      8.122E-09      1.968E+37      1.054E+17      7.516E+02
      2.056E+03      8.122E-09      1.968E+37      1.054E+17      7.557E+02
      2.056E+03      8.123E-09      1.968E+37      1.054E+17      8.025E+02
      2.058E+03      8.129E-09      1.970E+37      1.055E+17      7.623E+02
      2.058E+03      8.129E-09      1.970E+37      1.055E+17      7.803E+02
      2.058E+03      8.129E-09      1.970E+37      1.055E+17      7.869E+02
      2.060E+03      8.136E-09      1.972E+37      1.056E+17      8.008E+02
      2.065E+03      8.155E-09      1.976E+37      1.058E+17      7.492E+02
      2.065E+03      8.156E-09      1.976E+37      1.058E+17      7.590E+02
      2.065E+03      8.156E-09      1.977E+37      1.058E+17      7.770E+02
      2.066E+03      8.162E-09      1.978E+37      1.059E+17      7.549E+02
      2.067E+03      8.163E-09      1.978E+37      1.059E+17      7.844E+02
      2.068E+03      8.170E-09      1.980E+37      1.060E+17      7.959E+02
      2.070E+03      8.176E-09      1.981E+37      1.061E+17      7.656E+02
      2.070E+03      8.177E-09      1.982E+37      1.061E+17      7.811E+02
      2.073E+03      8.189E-09      1.985E+37      1.063E+17      7.451E+02
      2.073E+03      8.190E-09      1.985E+37      1.063E+17      7.598E+02
      2.075E+03      8.196E-09      1.986E+37      1.064E+17      7.533E+02
      2.075E+03      8.197E-09      1.986E+37      1.064E+17      7.902E+02
      2.077E+03      8.204E-09      1.988E+37      1.064E+17      7.770E+02
      2.079E+03      8.210E-09      1.990E+37      1.065E+17      7.836E+02
      2.079E+03      8.211E-09      1.990E+37      1.065E+17      7.943E+02
      2.080E+03      8.216E-09      1.991E+37      1.066E+17      7.492E+02
      2.080E+03      8.217E-09      1.991E+37      1.066E+17      7.582E+02
      2.080E+03      8.218E-09      1.991E+37      1.066E+17      7.992E+02
      2.082E+03      8.224E-09      1.993E+37      1.067E+17      7.885E+02
      2.085E+03      8.238E-09      1.996E+37      1.069E+17      7.844E+02
      2.087E+03      8.245E-09      1.998E+37      1.070E+17      7.984E+02
      2.094E+03      8.272E-09      2.005E+37      1.073E+17      7.992E+02
      2.103E+03      8.306E-09      2.013E+37      1.078E+17      7.992E+02
      2.123E+03      8.387E-09      2.032E+37      1.088E+17      7.975E+02
