      3.634E+02      1.634E-09      3.483E+36      1.865E+16      5.078E+02
      3.634E+02      1.634E-09      3.483E+36      1.865E+16      5.569E+02
      3.814E+02      1.715E-09      3.656E+36      1.957E+16      5.186E+02
      3.874E+02      1.742E-09      3.713E+36      1.988E+16      5.324E+02
      3.874E+02      1.742E-09      3.713E+36      1.988E+16      5.461E+02
      3.874E+02      1.742E-09      3.713E+36      1.988E+16      5.814E+02
      3.874E+02      1.742E-09      3.713E+36      1.988E+16      5.304E+02
      3.994E+02      1.796E-09      3.828E+36      2.050E+16      5.363E+02
      4.054E+02      1.823E-09      3.886E+36      2.081E+16      5.471E+02
      4.054E+02      1.823E-09      3.886E+36      2.081E+16      5.559E+02
      4.114E+02      1.850E-09      3.943E+36      2.112E+16      5.863E+02
      4.114E+02      1.850E-09      3.943E+36      2.112E+16      5.471E+02
      4.114E+02      1.850E-09      3.943E+36      2.112E+16      5.559E+02
      4.114E+02      1.850E-09      3.943E+36      2.112E+16      5.500E+02
      4.114E+02      1.850E-09      3.943E+36      2.112E+16      5.794E+02
      4.174E+02      1.877E-09      4.001E+36      2.142E+16      5.804E+02
      4.174E+02      1.877E-09      4.001E+36      2.142E+16      5.696E+02
      4.234E+02      1.904E-09      4.059E+36      2.173E+16      5.961E+02
      4.294E+02      1.931E-09      4.116E+36      2.204E+16      6.176E+02
      4.294E+02      1.931E-09      4.116E+36      2.204E+16      6.118E+02
      4.294E+02      1.931E-09      4.116E+36      2.204E+16      6.147E+02
      4.354E+02      1.958E-09      4.174E+36      2.235E+16      6.431E+02
      4.354E+02      1.958E-09      4.174E+36      2.235E+16      6.363E+02
      4.354E+02      1.958E-09      4.174E+36      2.235E+16      6.304E+02
      4.354E+02      1.958E-09      4.174E+36      2.235E+16      6.265E+02
      4.354E+02      1.958E-09      4.174E+36      2.235E+16      6.275E+02
      4.414E+02      1.985E-09      4.231E+36      2.266E+16      6.451E+02
      4.474E+02      2.012E-09      4.289E+36      2.296E+16      6.539E+02
      4.474E+02      2.012E-09      4.289E+36      2.296E+16      6.578E+02
      4.474E+02      2.012E-09      4.289E+36      2.296E+16      6.608E+02
      4.474E+02      2.012E-09      4.289E+36      2.296E+16      6.647E+02
      4.474E+02      2.012E-09      4.289E+36      2.296E+16      6.676E+02
      4.474E+02      2.012E-09      4.289E+36      2.296E+16      6.696E+02
      4.474E+02      2.012E-09      4.289E+36      2.296E+16      6.755E+02
      4.474E+02      2.012E-09      4.289E+36      2.296E+16      6.451E+02
      4.474E+02      2.012E-09      4.289E+36      2.296E+16      6.471E+02
      4.474E+02      2.012E-09      4.289E+36      2.296E+16      6.510E+02
      4.474E+02      2.012E-09      4.289E+36      2.296E+16      6.529E+02
      4.535E+02      2.039E-09      4.346E+36      2.327E+16      6.775E+02
      6.096E+02      2.742E-09      5.843E+36      3.129E+16      4.627E+02
      6.096E+02      2.742E-09      5.843E+36      3.129E+16      4.343E+02
      6.096E+02      2.742E-09      5.843E+36      3.129E+16      4.843E+02
      6.156E+02      2.769E-09      5.901E+36      3.160E+16      5.020E+02
      6.156E+02      2.769E-09      5.901E+36      3.160E+16      4.627E+02
      6.156E+02      2.769E-09      5.901E+36      3.160E+16      4.520E+02
      6.156E+02      2.769E-09      5.901E+36      3.160E+16      4.314E+02
      6.156E+02      2.769E-09      5.901E+36      3.160E+16      4.500E+02
      6.156E+02      2.769E-09      5.901E+36      3.160E+16      5.127E+02
      6.156E+02      2.769E-09      5.901E+36      3.160E+16      4.843E+02
      6.156E+02      2.769E-09      5.901E+36      3.160E+16      4.853E+02
      6.156E+02      2.769E-09      5.901E+36      3.160E+16      4.373E+02
      6.156E+02      2.769E-09      5.901E+36      3.160E+16      5.402E+02
      6.216E+02      2.796E-09      5.958E+36      3.190E+16      4.843E+02
      6.216E+02      2.796E-09      5.958E+36      3.190E+16      5.529E+02
      6.216E+02      2.796E-09      5.958E+36      3.190E+16      4.422E+02
      6.276E+02      2.823E-09      6.016E+36      3.221E+16      4.618E+02
      6.276E+02      2.823E-09      6.016E+36      3.221E+16      4.461E+02
      6.276E+02      2.823E-09      6.016E+36      3.221E+16      4.324E+02
      6.276E+02      2.823E-09      6.016E+36      3.221E+16      5.010E+02
      6.336E+02      2.850E-09      6.074E+36      3.252E+16      4.971E+02
      6.336E+02      2.850E-09      6.074E+36      3.252E+16      4.510E+02
      6.336E+02      2.850E-09      6.074E+36      3.252E+16      5.176E+02
      6.336E+02      2.850E-09      6.074E+36      3.252E+16      5.225E+02
      6.396E+02      2.877E-09      6.131E+36      3.283E+16      5.108E+02
      6.396E+02      2.877E-09      6.131E+36      3.283E+16      4.882E+02
      6.396E+02      2.877E-09      6.131E+36      3.283E+16      5.235E+02
      6.456E+02      2.904E-09      6.189E+36      3.314E+16      4.794E+02
      6.517E+02      2.931E-09      6.246E+36      3.345E+16      5.108E+02
      6.577E+02      2.958E-09      6.304E+36      3.375E+16      5.569E+02
      6.577E+02      2.958E-09      6.304E+36      3.375E+16      4.725E+02
      6.577E+02      2.958E-09      6.304E+36      3.375E+16      5.206E+02
      6.577E+02      2.958E-09      6.304E+36      3.375E+16      4.608E+02
      6.577E+02      2.958E-09      6.304E+36      3.375E+16      4.951E+02
      6.637E+02      2.985E-09      6.361E+36      3.406E+16      5.980E+02
      6.637E+02      2.985E-09      6.361E+36      3.406E+16      5.559E+02
      6.637E+02      2.985E-09      6.361E+36      3.406E+16      5.206E+02
      6.637E+02      2.985E-09      6.361E+36      3.406E+16      4.961E+02
      6.697E+02      3.012E-09      6.419E+36      3.437E+16      5.569E+02
      9.219E+02      4.146E-09      8.837E+36      4.732E+16      6.588E+02
      9.219E+02      4.146E-09      8.837E+36      4.732E+16      6.961E+02
      9.279E+02      4.173E-09      8.894E+36      4.762E+16      6.716E+02
      9.279E+02      4.173E-09      8.894E+36      4.762E+16      6.745E+02
      9.279E+02      4.173E-09      8.894E+36      4.762E+16      6.657E+02
      9.279E+02      4.173E-09      8.894E+36      4.762E+16      6.676E+02
      9.279E+02      4.173E-09      8.894E+36      4.762E+16      6.814E+02
      9.279E+02      4.173E-09      8.894E+36      4.762E+16      6.627E+02
      9.339E+02      4.200E-09      8.952E+36      4.793E+16      6.892E+02
      9.339E+02      4.200E-09      8.952E+36      4.793E+16      6.922E+02
      9.339E+02      4.200E-09      8.952E+36      4.793E+16      6.951E+02
      9.339E+02      4.200E-09      8.952E+36      4.793E+16      6.853E+02
      9.339E+02      4.200E-09      8.952E+36      4.793E+16      6.775E+02
      9.399E+02      4.227E-09      9.010E+36      4.824E+16      6.686E+02
      9.459E+02      4.254E-09      9.067E+36      4.855E+16      6.814E+02
      1.168E+03      5.254E-09      1.120E+37      5.995E+16      7.686E+02
      1.168E+03      5.254E-09      1.120E+37      5.995E+16      7.716E+02
      1.174E+03      5.281E-09      1.125E+37      6.026E+16      7.647E+02
      1.174E+03      5.281E-09      1.125E+37      6.026E+16      7.735E+02
      1.174E+03      5.281E-09      1.125E+37      6.026E+16      7.775E+02
      1.180E+03      5.308E-09      1.131E+37      6.057E+16      7.804E+02
      1.180E+03      5.308E-09      1.131E+37      6.057E+16      7.931E+02
      1.186E+03      5.335E-09      1.137E+37      6.088E+16      7.853E+02
      1.186E+03      5.335E-09      1.137E+37      6.088E+16      7.892E+02
      1.186E+03      5.335E-09      1.137E+37      6.088E+16      7.676E+02
      1.192E+03      5.362E-09      1.143E+37      6.119E+16      7.961E+02
      1.192E+03      5.362E-09      1.143E+37      6.119E+16      7.706E+02
      1.198E+03      5.389E-09      1.148E+37      6.150E+16      7.765E+02
      1.198E+03      5.389E-09      1.148E+37      6.150E+16      7.990E+02
      1.198E+03      5.389E-09      1.148E+37      6.150E+16      7.735E+02
      1.198E+03      5.389E-09      1.148E+37      6.150E+16      7.922E+02
      1.198E+03      5.389E-09      1.148E+37      6.150E+16      7.794E+02
      1.198E+03      5.389E-09      1.148E+37      6.150E+16      7.824E+02
      1.204E+03      5.416E-09      1.154E+37      6.180E+16      8.039E+02
      1.210E+03      5.443E-09      1.160E+37      6.211E+16      7.951E+02
      1.216E+03      5.470E-09      1.166E+37      6.242E+16      8.098E+02
      1.222E+03      5.497E-09      1.172E+37      6.273E+16      8.059E+02
      1.222E+03      5.497E-09      1.172E+37      6.273E+16      7.971E+02
      1.228E+03      5.524E-09      1.177E+37      6.304E+16      8.118E+02
      1.228E+03      5.524E-09      1.177E+37      6.304E+16      8.020E+02
      1.330E+03      5.983E-09      1.275E+37      6.828E+16      7.314E+02
      1.330E+03      5.983E-09      1.275E+37      6.828E+16      7.392E+02
      1.330E+03      5.983E-09      1.275E+37      6.828E+16      7.343E+02
      1.336E+03      6.010E-09      1.281E+37      6.859E+16      7.324E+02
      1.336E+03      6.010E-09      1.281E+37      6.859E+16      7.284E+02
      1.342E+03      6.037E-09      1.287E+37      6.889E+16      7.216E+02
      1.342E+03      6.037E-09      1.287E+37      6.889E+16      7.422E+02
      1.348E+03      6.064E-09      1.292E+37      6.920E+16      7.255E+02
      1.348E+03      6.064E-09      1.292E+37      6.920E+16      7.392E+02
      1.354E+03      6.091E-09      1.298E+37      6.951E+16      6.990E+02
      1.354E+03      6.091E-09      1.298E+37      6.951E+16      7.098E+02
      1.354E+03      6.091E-09      1.298E+37      6.951E+16      7.137E+02
      1.354E+03      6.091E-09      1.298E+37      6.951E+16      7.353E+02
      1.354E+03      6.091E-09      1.298E+37      6.951E+16      7.029E+02
      1.360E+03      6.118E-09      1.304E+37      6.982E+16      7.196E+02
      1.360E+03      6.118E-09      1.304E+37      6.982E+16      7.333E+02
      1.360E+03      6.118E-09      1.304E+37      6.982E+16      7.314E+02
      1.360E+03      6.118E-09      1.304E+37      6.982E+16      7.412E+02
      1.366E+03      6.145E-09      1.310E+37      7.013E+16      7.284E+02
      1.378E+03      6.199E-09      1.321E+37      7.074E+16      7.147E+02
      1.378E+03      6.199E-09      1.321E+37      7.074E+16      7.363E+02
      1.378E+03      6.199E-09      1.321E+37      7.074E+16      7.392E+02
      1.378E+03      6.199E-09      1.321E+37      7.074E+16      7.186E+02
      1.384E+03      6.226E-09      1.327E+37      7.105E+16      7.245E+02
      1.384E+03      6.226E-09      1.327E+37      7.105E+16      7.304E+02
      1.384E+03      6.226E-09      1.327E+37      7.105E+16      7.206E+02
      1.384E+03      6.226E-09      1.327E+37      7.105E+16      7.422E+02
      1.390E+03      6.253E-09      1.333E+37      7.136E+16      7.461E+02
      1.390E+03      6.253E-09      1.333E+37      7.136E+16      7.657E+02
      1.396E+03      6.280E-09      1.338E+37      7.167E+16      7.294E+02
      1.396E+03      6.280E-09      1.338E+37      7.167E+16      7.333E+02
      1.396E+03      6.280E-09      1.338E+37      7.167E+16      7.618E+02
      1.396E+03      6.280E-09      1.338E+37      7.167E+16      7.402E+02
      1.396E+03      6.280E-09      1.338E+37      7.167E+16      7.255E+02
      1.408E+03      6.334E-09      1.350E+37      7.228E+16      7.696E+02
      1.408E+03      6.334E-09      1.350E+37      7.228E+16      7.441E+02
      1.408E+03      6.334E-09      1.350E+37      7.228E+16      7.657E+02
      1.408E+03      6.334E-09      1.350E+37      7.228E+16      7.343E+02
      1.408E+03      6.334E-09      1.350E+37      7.228E+16      7.500E+02
      1.408E+03      6.334E-09      1.350E+37      7.228E+16      7.529E+02
      1.414E+03      6.361E-09      1.356E+37      7.259E+16      7.382E+02
      1.414E+03      6.361E-09      1.356E+37      7.259E+16      7.716E+02
      1.420E+03      6.388E-09      1.362E+37      7.290E+16      7.765E+02
      1.426E+03      6.415E-09      1.367E+37      7.321E+16      7.618E+02
      1.426E+03      6.415E-09      1.367E+37      7.321E+16      7.471E+02
      1.426E+03      6.415E-09      1.367E+37      7.321E+16      7.657E+02
      1.426E+03      6.415E-09      1.367E+37      7.321E+16      7.382E+02
      1.426E+03      6.415E-09      1.367E+37      7.321E+16      7.696E+02
      1.426E+03      6.415E-09      1.367E+37      7.321E+16      7.343E+02
      1.432E+03      6.442E-09      1.373E+37      7.352E+16      7.431E+02
      1.432E+03      6.442E-09      1.373E+37      7.352E+16      7.794E+02
      1.432E+03      6.442E-09      1.373E+37      7.352E+16      7.500E+02
      1.438E+03      6.469E-09      1.379E+37      7.383E+16      7.539E+02
      1.438E+03      6.469E-09      1.379E+37      7.383E+16      7.725E+02
      1.444E+03      6.496E-09      1.385E+37      7.413E+16      7.765E+02
      1.444E+03      6.496E-09      1.385E+37      7.413E+16      7.696E+02
      1.444E+03      6.496E-09      1.385E+37      7.413E+16      7.382E+02
      1.450E+03      6.523E-09      1.390E+37      7.444E+16      7.637E+02
      1.456E+03      6.550E-09      1.396E+37      7.475E+16      7.667E+02
      1.456E+03      6.550E-09      1.396E+37      7.475E+16      7.578E+02
      1.462E+03      6.577E-09      1.402E+37      7.506E+16      7.755E+02
      1.468E+03      6.604E-09      1.408E+37      7.537E+16      7.716E+02
      1.468E+03      6.604E-09      1.408E+37      7.537E+16      7.853E+02
      1.468E+03      6.604E-09      1.408E+37      7.537E+16      7.794E+02
      1.474E+03      6.632E-09      1.413E+37      7.568E+16      7.647E+02
      1.474E+03      6.632E-09      1.413E+37      7.568E+16      7.873E+02
      1.480E+03      6.659E-09      1.419E+37      7.598E+16      7.902E+02
      1.486E+03      6.686E-09      1.425E+37      7.629E+16      7.725E+02
      1.486E+03      6.686E-09      1.425E+37      7.629E+16      7.676E+02
      1.486E+03      6.686E-09      1.425E+37      7.629E+16      5.627E+02
      1.486E+03      6.686E-09      1.425E+37      7.629E+16      7.755E+02
      1.492E+03      6.713E-09      1.431E+37      7.660E+16      5.529E+02
      1.492E+03      6.713E-09      1.431E+37      7.660E+16      7.941E+02
      1.492E+03      6.713E-09      1.431E+37      7.660E+16      5.186E+02
      1.492E+03      6.713E-09      1.431E+37      7.660E+16      5.667E+02
      1.492E+03      6.713E-09      1.431E+37      7.660E+16      5.588E+02
      1.498E+03      6.740E-09      1.436E+37      7.691E+16      5.716E+02
      1.498E+03      6.740E-09      1.436E+37      7.691E+16      5.539E+02
      1.498E+03      6.740E-09      1.436E+37      7.691E+16      5.765E+02
      1.498E+03      6.740E-09      1.436E+37      7.691E+16      5.500E+02
      1.505E+03      6.767E-09      1.442E+37      7.722E+16      7.814E+02
      1.505E+03      6.767E-09      1.442E+37      7.722E+16      7.892E+02
      1.505E+03      6.767E-09      1.442E+37      7.722E+16      5.863E+02
      1.511E+03      6.794E-09      1.448E+37      7.752E+16      5.471E+02
      1.511E+03      6.794E-09      1.448E+37      7.752E+16      5.608E+02
      1.517E+03      6.821E-09      1.454E+37      7.783E+16      5.686E+02
      1.517E+03      6.821E-09      1.454E+37      7.783E+16      5.647E+02
      1.523E+03      6.848E-09      1.459E+37      7.814E+16      7.931E+02
      1.523E+03      6.848E-09      1.459E+37      7.814E+16      6.118E+02
      1.523E+03      6.848E-09      1.459E+37      7.814E+16      5.784E+02
      1.523E+03      6.848E-09      1.459E+37      7.814E+16      5.196E+02
      1.523E+03      6.848E-09      1.459E+37      7.814E+16      5.578E+02
      1.523E+03      6.848E-09      1.459E+37      7.814E+16      5.735E+02
      1.523E+03      6.848E-09      1.459E+37      7.814E+16      7.696E+02
      1.529E+03      6.875E-09      1.465E+37      7.845E+16      5.235E+02
      1.535E+03      6.902E-09      1.471E+37      7.876E+16      5.618E+02
      1.535E+03      6.902E-09      1.471E+37      7.876E+16      6.186E+02
      1.535E+03      6.902E-09      1.471E+37      7.876E+16      6.157E+02
      1.535E+03      6.902E-09      1.471E+37      7.876E+16      5.480E+02
      1.541E+03      6.929E-09      1.477E+37      7.907E+16      5.882E+02
      1.541E+03      6.929E-09      1.477E+37      7.907E+16      5.686E+02
      1.541E+03      6.929E-09      1.477E+37      7.907E+16      7.843E+02
      1.541E+03      6.929E-09      1.477E+37      7.907E+16      6.108E+02
      1.541E+03      6.929E-09      1.477E+37      7.907E+16      5.392E+02
      1.547E+03      6.956E-09      1.482E+37      7.937E+16      5.657E+02
      1.547E+03      6.956E-09      1.482E+37      7.937E+16      6.216E+02
      1.547E+03      6.956E-09      1.482E+37      7.937E+16      5.735E+02
      1.553E+03      6.983E-09      1.488E+37      7.968E+16      5.980E+02
      1.553E+03      6.983E-09      1.488E+37      7.968E+16      5.931E+02
      1.553E+03      6.983E-09      1.488E+37      7.968E+16      5.775E+02
      1.553E+03      6.983E-09      1.488E+37      7.968E+16      5.863E+02
      1.553E+03      6.983E-09      1.488E+37      7.968E+16      5.471E+02
      1.559E+03      7.010E-09      1.494E+37      7.999E+16      5.676E+02
      1.559E+03      7.010E-09      1.494E+37      7.999E+16      6.206E+02
      1.559E+03      7.010E-09      1.494E+37      7.999E+16      5.618E+02
      1.565E+03      7.037E-09      1.500E+37      8.030E+16      6.039E+02
      1.565E+03      7.037E-09      1.500E+37      8.030E+16      5.735E+02
      1.565E+03      7.037E-09      1.500E+37      8.030E+16      5.304E+02
      1.565E+03      7.037E-09      1.500E+37      8.030E+16      6.098E+02
      1.565E+03      7.037E-09      1.500E+37      8.030E+16      6.245E+02
      1.571E+03      7.064E-09      1.505E+37      8.061E+16      5.539E+02
      1.571E+03      7.064E-09      1.505E+37      8.061E+16      5.520E+02
      1.577E+03      7.091E-09      1.511E+37      8.092E+16      5.971E+02
      1.577E+03      7.091E-09      1.511E+37      8.092E+16      5.451E+02
      1.577E+03      7.091E-09      1.511E+37      8.092E+16      5.578E+02
      1.577E+03      7.091E-09      1.511E+37      8.092E+16      5.882E+02
      1.577E+03      7.091E-09      1.511E+37      8.092E+16      5.931E+02
      1.577E+03      7.091E-09      1.511E+37      8.092E+16      5.667E+02
      1.577E+03      7.091E-09      1.511E+37      8.092E+16      5.765E+02
      1.577E+03      7.091E-09      1.511E+37      8.092E+16      5.725E+02
      1.577E+03      7.091E-09      1.511E+37      8.092E+16      5.480E+02
      1.577E+03      7.091E-09      1.511E+37      8.092E+16      6.010E+02
      1.583E+03      7.118E-09      1.517E+37      8.122E+16      6.284E+02
      1.583E+03      7.118E-09      1.517E+37      8.122E+16      6.069E+02
      1.583E+03      7.118E-09      1.517E+37      8.122E+16      5.265E+02
      1.583E+03      7.118E-09      1.517E+37      8.122E+16      5.618E+02
      1.583E+03      7.118E-09      1.517E+37      8.122E+16      5.804E+02
      1.589E+03      7.145E-09      1.523E+37      8.153E+16      6.029E+02
      1.589E+03      7.145E-09      1.523E+37      8.153E+16      7.176E+02
      1.589E+03      7.145E-09      1.523E+37      8.153E+16      6.118E+02
      1.589E+03      7.145E-09      1.523E+37      8.153E+16      7.235E+02
      1.589E+03      7.145E-09      1.523E+37      8.153E+16      7.314E+02
      1.589E+03      7.145E-09      1.523E+37      8.153E+16      5.716E+02
      1.589E+03      7.145E-09      1.523E+37      8.153E+16      6.314E+02
      1.589E+03      7.145E-09      1.523E+37      8.153E+16      5.431E+02
      1.595E+03      7.172E-09      1.528E+37      8.184E+16      7.078E+02
      1.595E+03      7.172E-09      1.528E+37      8.184E+16      7.137E+02
      1.595E+03      7.172E-09      1.528E+37      8.184E+16      5.157E+02
      1.595E+03      7.172E-09      1.528E+37      8.184E+16      5.971E+02
      1.595E+03      7.172E-09      1.528E+37      8.184E+16      7.363E+02
      1.595E+03      7.172E-09      1.528E+37      8.184E+16      5.765E+02
      1.601E+03      7.199E-09      1.534E+37      8.215E+16      5.922E+02
      1.601E+03      7.199E-09      1.534E+37      8.215E+16      7.402E+02
      1.601E+03      7.199E-09      1.534E+37      8.215E+16      5.706E+02
      1.601E+03      7.199E-09      1.534E+37      8.215E+16      5.657E+02
      1.601E+03      7.199E-09      1.534E+37      8.215E+16      7.304E+02
      1.601E+03      7.199E-09      1.534E+37      8.215E+16      5.882E+02
      1.601E+03      7.199E-09      1.534E+37      8.215E+16      7.333E+02
      1.607E+03      7.226E-09      1.540E+37      8.246E+16      6.127E+02
      1.607E+03      7.226E-09      1.540E+37      8.246E+16      6.088E+02
      1.607E+03      7.226E-09      1.540E+37      8.246E+16      5.618E+02
      1.607E+03      7.226E-09      1.540E+37      8.246E+16      6.039E+02
      1.613E+03      7.253E-09      1.546E+37      8.277E+16      7.471E+02
      1.613E+03      7.253E-09      1.546E+37      8.277E+16      5.804E+02
      1.613E+03      7.253E-09      1.546E+37      8.277E+16      5.745E+02
      1.613E+03      7.253E-09      1.546E+37      8.277E+16      7.431E+02
      1.613E+03      7.253E-09      1.546E+37      8.277E+16      5.990E+02
      1.613E+03      7.253E-09      1.546E+37      8.277E+16      5.931E+02
      1.619E+03      7.280E-09      1.551E+37      8.307E+16      7.118E+02
      1.619E+03      7.280E-09      1.551E+37      8.307E+16      7.157E+02
      1.619E+03      7.280E-09      1.551E+37      8.307E+16      6.088E+02
      1.625E+03      7.307E-09      1.557E+37      8.338E+16      6.039E+02
      1.625E+03      7.307E-09      1.557E+37      8.338E+16      7.510E+02
      1.625E+03      7.307E-09      1.557E+37      8.338E+16      7.490E+02
      1.625E+03      7.307E-09      1.557E+37      8.338E+16      5.735E+02
      1.631E+03      7.334E-09      1.563E+37      8.369E+16      7.441E+02
      1.631E+03      7.334E-09      1.563E+37      8.369E+16      5.990E+02
      1.631E+03      7.334E-09      1.563E+37      8.369E+16      5.814E+02
      1.631E+03      7.334E-09      1.563E+37      8.369E+16      7.529E+02
      1.631E+03      7.334E-09      1.563E+37      8.369E+16      5.765E+02
      1.631E+03      7.334E-09      1.563E+37      8.369E+16      7.137E+02
      1.643E+03      7.388E-09      1.575E+37      8.431E+16      7.176E+02
      1.643E+03      7.388E-09      1.575E+37      8.431E+16      7.539E+02
      1.649E+03      7.415E-09      1.580E+37      8.461E+16      7.588E+02
      1.649E+03      7.415E-09      1.580E+37      8.461E+16      7.471E+02
      1.655E+03      7.442E-09      1.586E+37      8.492E+16      7.627E+02
      1.655E+03      7.442E-09      1.586E+37      8.492E+16      7.500E+02
      1.667E+03      7.496E-09      1.598E+37      8.554E+16      7.657E+02
      1.673E+03      7.523E-09      1.603E+37      8.585E+16      7.618E+02
      1.679E+03      7.550E-09      1.609E+37      8.616E+16      7.588E+02
      1.679E+03      7.550E-09      1.609E+37      8.616E+16      7.686E+02
      1.679E+03      7.550E-09      1.609E+37      8.616E+16      7.755E+02
      1.685E+03      7.577E-09      1.615E+37      8.646E+16      7.725E+02
      1.685E+03      7.577E-09      1.615E+37      8.646E+16      7.882E+02
      1.685E+03      7.577E-09      1.615E+37      8.646E+16      7.657E+02
      1.691E+03      7.604E-09      1.621E+37      8.677E+16      7.725E+02
      1.691E+03      7.604E-09      1.621E+37      8.677E+16      7.853E+02
      1.697E+03      7.631E-09      1.626E+37      8.708E+16      7.922E+02
      1.697E+03      7.631E-09      1.626E+37      8.708E+16      7.755E+02
      1.697E+03      7.631E-09      1.626E+37      8.708E+16      7.784E+02
      1.697E+03      7.631E-09      1.626E+37      8.708E+16      7.706E+02
      1.703E+03      7.658E-09      1.632E+37      8.739E+16      7.892E+02
      1.703E+03      7.658E-09      1.632E+37      8.739E+16      7.824E+02
      1.709E+03      7.685E-09      1.638E+37      8.770E+16      7.971E+02
      1.715E+03      7.712E-09      1.644E+37      8.801E+16      7.941E+02
      1.715E+03      7.712E-09      1.644E+37      8.801E+16      7.873E+02
      1.721E+03      7.739E-09      1.649E+37      8.831E+16      7.990E+02
      1.721E+03      7.739E-09      1.649E+37      8.831E+16      7.775E+02
      1.721E+03      7.739E-09      1.649E+37      8.831E+16      7.824E+02
      1.727E+03      7.766E-09      1.655E+37      8.862E+16      7.931E+02
      1.733E+03      7.793E-09      1.661E+37      8.893E+16      7.902E+02
      1.733E+03      7.793E-09      1.661E+37      8.893E+16      7.971E+02
      1.739E+03      7.820E-09      1.667E+37      8.924E+16      7.657E+02
      1.739E+03      7.820E-09      1.667E+37      8.924E+16      7.873E+02
      1.739E+03      7.820E-09      1.667E+37      8.924E+16      7.824E+02
      1.739E+03      7.820E-09      1.667E+37      8.924E+16      7.765E+02
      1.745E+03      7.847E-09      1.672E+37      8.955E+16      7.559E+02
      1.751E+03      7.874E-09      1.678E+37      8.985E+16      7.696E+02
      1.757E+03      7.901E-09      1.684E+37      9.016E+16      7.588E+02
      1.757E+03      7.901E-09      1.684E+37      9.016E+16      7.618E+02
      1.757E+03      7.901E-09      1.684E+37      9.016E+16      7.765E+02
      1.757E+03      7.901E-09      1.684E+37      9.016E+16      7.725E+02
      1.763E+03      7.928E-09      1.690E+37      9.047E+16      7.804E+02
      1.763E+03      7.928E-09      1.690E+37      9.047E+16      7.559E+02
      1.763E+03      7.928E-09      1.690E+37      9.047E+16      7.745E+02
      1.763E+03      7.928E-09      1.690E+37      9.047E+16      7.667E+02
      1.769E+03      7.955E-09      1.695E+37      9.078E+16      7.696E+02
      1.769E+03      7.955E-09      1.695E+37      9.078E+16      7.608E+02
      1.775E+03      7.982E-09      1.701E+37      9.109E+16      7.775E+02
      1.775E+03      7.982E-09      1.701E+37      9.109E+16      7.529E+02
      1.775E+03      7.982E-09      1.701E+37      9.109E+16      7.647E+02
      1.781E+03      8.009E-09      1.707E+37      9.140E+16      6.480E+02
      1.781E+03      8.009E-09      1.707E+37      9.140E+16      7.833E+02
      1.781E+03      8.009E-09      1.707E+37      9.140E+16      7.578E+02
      1.787E+03      8.036E-09      1.713E+37      9.170E+16      7.706E+02
      1.787E+03      8.036E-09      1.713E+37      9.170E+16      7.735E+02
      1.787E+03      8.036E-09      1.713E+37      9.170E+16      7.667E+02
      1.787E+03      8.036E-09      1.713E+37      9.170E+16      7.794E+02
      1.787E+03      8.036E-09      1.713E+37      9.170E+16      6.559E+02
      1.787E+03      8.036E-09      1.713E+37      9.170E+16      6.520E+02
      1.793E+03      8.063E-09      1.718E+37      9.201E+16      7.843E+02
      1.793E+03      8.063E-09      1.718E+37      9.201E+16      7.549E+02
      1.793E+03      8.063E-09      1.718E+37      9.201E+16      6.431E+02
      1.799E+03      8.090E-09      1.724E+37      9.232E+16      7.863E+02
      1.799E+03      8.090E-09      1.724E+37      9.232E+16      7.775E+02
      1.805E+03      8.117E-09      1.730E+37      9.263E+16      6.490E+02
      1.805E+03      8.117E-09      1.730E+37      9.263E+16      6.588E+02
      1.805E+03      8.117E-09      1.730E+37      9.263E+16      7.824E+02
      1.805E+03      8.117E-09      1.730E+37      9.263E+16      6.539E+02
      1.811E+03      8.144E-09      1.736E+37      9.294E+16      6.627E+02
      1.817E+03      8.171E-09      1.741E+37      9.325E+16      6.500E+02
      1.817E+03      8.171E-09      1.741E+37      9.325E+16      6.441E+02
      1.817E+03      8.171E-09      1.741E+37      9.325E+16      7.804E+02
      1.823E+03      8.198E-09      1.747E+37      9.355E+16      6.559E+02
      1.829E+03      8.225E-09      1.753E+37      9.386E+16      7.814E+02
      1.829E+03      8.225E-09      1.753E+37      9.386E+16      6.578E+02
      1.829E+03      8.225E-09      1.753E+37      9.386E+16      6.647E+02
      1.835E+03      8.252E-09      1.759E+37      9.417E+16      6.520E+02
      1.835E+03      8.252E-09      1.759E+37      9.417E+16      6.686E+02
      1.835E+03      8.252E-09      1.759E+37      9.417E+16      6.431E+02
      1.841E+03      8.279E-09      1.764E+37      9.448E+16      6.608E+02
      1.841E+03      8.279E-09      1.764E+37      9.448E+16      6.725E+02
      1.841E+03      8.279E-09      1.764E+37      9.448E+16      6.471E+02
      1.847E+03      8.306E-09      1.770E+37      9.479E+16      6.676E+02
      1.847E+03      8.306E-09      1.770E+37      9.479E+16      6.755E+02
      1.847E+03      8.306E-09      1.770E+37      9.479E+16      6.559E+02
      1.853E+03      8.333E-09      1.776E+37      9.510E+16      6.402E+02
      1.853E+03      8.333E-09      1.776E+37      9.510E+16      7.794E+02
      1.853E+03      8.333E-09      1.776E+37      9.510E+16      6.647E+02
      1.859E+03      8.360E-09      1.782E+37      9.540E+16      6.706E+02
      1.859E+03      8.360E-09      1.782E+37      9.540E+16      6.441E+02
      1.859E+03      8.360E-09      1.782E+37      9.540E+16      6.794E+02
      1.865E+03      8.387E-09      1.788E+37      9.571E+16      6.873E+02
      1.865E+03      8.387E-09      1.788E+37      9.571E+16      6.608E+02
      1.865E+03      8.387E-09      1.788E+37      9.571E+16      6.745E+02
      1.865E+03      8.387E-09      1.788E+37      9.571E+16      6.520E+02
      1.865E+03      8.387E-09      1.788E+37      9.571E+16      6.480E+02
      1.871E+03      8.414E-09      1.793E+37      9.602E+16      6.775E+02
      1.871E+03      8.414E-09      1.793E+37      9.602E+16      6.696E+02
      1.871E+03      8.414E-09      1.793E+37      9.602E+16      6.559E+02
      1.871E+03      8.414E-09      1.793E+37      9.602E+16      6.843E+02
      1.877E+03      8.441E-09      1.799E+37      9.633E+16      6.608E+02
      1.883E+03      8.468E-09      1.805E+37      9.664E+16      6.637E+02
      1.883E+03      8.468E-09      1.805E+37      9.664E+16      6.451E+02
      1.883E+03      8.468E-09      1.805E+37      9.664E+16      6.814E+02
      1.889E+03      8.495E-09      1.811E+37      9.694E+16      6.873E+02
      1.889E+03      8.495E-09      1.811E+37      9.694E+16      6.676E+02
      1.889E+03      8.495E-09      1.811E+37      9.694E+16      6.706E+02
      1.895E+03      8.522E-09      1.816E+37      9.725E+16      6.735E+02
      1.895E+03      8.522E-09      1.816E+37      9.725E+16      6.784E+02
      1.901E+03      8.549E-09      1.822E+37      9.756E+16      6.853E+02
      1.901E+03      8.549E-09      1.822E+37      9.756E+16      6.912E+02
      1.901E+03      8.549E-09      1.822E+37      9.756E+16      6.814E+02
      1.913E+03      8.603E-09      1.834E+37      9.818E+16      6.794E+02
      1.913E+03      8.603E-09      1.834E+37      9.818E+16      6.873E+02
      1.919E+03      8.630E-09      1.839E+37      9.849E+16      6.931E+02
      1.925E+03      8.657E-09      1.845E+37      9.879E+16      6.882E+02
      1.937E+03      8.711E-09      1.857E+37      9.941E+16      6.971E+02
      1.949E+03      8.765E-09      1.868E+37      1.000E+17      7.078E+02
      1.949E+03      8.765E-09      1.868E+37      1.000E+17      6.990E+02
      1.949E+03      8.765E-09      1.868E+37      1.000E+17      7.039E+02
      1.967E+03      8.847E-09      1.885E+37      1.010E+17      7.069E+02
      1.967E+03      8.847E-09      1.885E+37      1.010E+17      6.500E+02
      1.973E+03      8.874E-09      1.891E+37      1.013E+17      6.529E+02
      1.973E+03      8.874E-09      1.891E+37      1.013E+17      6.461E+02
      1.973E+03      8.874E-09      1.891E+37      1.013E+17      7.039E+02
      1.979E+03      8.901E-09      1.897E+37      1.016E+17      6.549E+02
      1.979E+03      8.901E-09      1.897E+37      1.016E+17      7.029E+02
      1.985E+03      8.928E-09      1.903E+37      1.019E+17      6.559E+02
      1.997E+03      8.982E-09      1.914E+37      1.025E+17      7.520E+02
      1.997E+03      8.982E-09      1.914E+37      1.025E+17      7.324E+02
      1.997E+03      8.982E-09      1.914E+37      1.025E+17      7.647E+02
      2.003E+03      9.009E-09      1.920E+37      1.028E+17      7.608E+02
      2.003E+03      9.009E-09      1.920E+37      1.028E+17      6.569E+02
      2.003E+03      9.009E-09      1.920E+37      1.028E+17      6.608E+02
      2.009E+03      9.036E-09      1.926E+37      1.031E+17      7.412E+02
      2.009E+03      9.036E-09      1.926E+37      1.031E+17      7.333E+02
      2.015E+03      9.063E-09      1.931E+37      1.034E+17      7.578E+02
      2.015E+03      9.063E-09      1.931E+37      1.034E+17      7.363E+02
      2.015E+03      9.063E-09      1.931E+37      1.034E+17      7.539E+02
      2.021E+03      9.090E-09      1.937E+37      1.037E+17      6.578E+02
      2.021E+03      9.090E-09      1.937E+37      1.037E+17      7.706E+02
      2.021E+03      9.090E-09      1.937E+37      1.037E+17      7.510E+02
      2.021E+03      9.090E-09      1.937E+37      1.037E+17      7.480E+02
      2.027E+03      9.117E-09      1.943E+37      1.040E+17      6.941E+02
      2.027E+03      9.117E-09      1.943E+37      1.040E+17      7.647E+02
      2.033E+03      9.144E-09      1.949E+37      1.043E+17      7.618E+02
      2.033E+03      9.144E-09      1.949E+37      1.043E+17      6.961E+02
      2.033E+03      9.144E-09      1.949E+37      1.043E+17      7.392E+02
      2.033E+03      9.144E-09      1.949E+37      1.043E+17      6.627E+02
      2.033E+03      9.144E-09      1.949E+37      1.043E+17      7.363E+02
      2.033E+03      9.144E-09      1.949E+37      1.043E+17      7.686E+02
      2.039E+03      9.171E-09      1.954E+37      1.047E+17      6.941E+02
      2.039E+03      9.171E-09      1.954E+37      1.047E+17      7.500E+02
      2.039E+03      9.171E-09      1.954E+37      1.047E+17      7.431E+02
      2.039E+03      9.171E-09      1.954E+37      1.047E+17      7.000E+02
      2.039E+03      9.171E-09      1.954E+37      1.047E+17      7.735E+02
      2.039E+03      9.171E-09      1.954E+37      1.047E+17      7.539E+02
      2.045E+03      9.198E-09      1.960E+37      1.050E+17      6.667E+02
      2.045E+03      9.198E-09      1.960E+37      1.050E+17      7.578E+02
      2.045E+03      9.198E-09      1.960E+37      1.050E+17      7.461E+02
      2.051E+03      9.225E-09      1.966E+37      1.053E+17      6.686E+02
      2.051E+03      9.225E-09      1.966E+37      1.053E+17      6.863E+02
      2.057E+03      9.252E-09      1.972E+37      1.056E+17      7.676E+02
      2.057E+03      9.252E-09      1.972E+37      1.056E+17      7.735E+02
      2.057E+03      9.252E-09      1.972E+37      1.056E+17      7.431E+02
      2.057E+03      9.252E-09      1.972E+37      1.056E+17      7.578E+02
      2.057E+03      9.252E-09      1.972E+37      1.056E+17      7.706E+02
      2.057E+03      9.252E-09      1.972E+37      1.056E+17      6.971E+02
      2.057E+03      9.252E-09      1.972E+37      1.056E+17      7.520E+02
      2.057E+03      9.252E-09      1.972E+37      1.056E+17      7.647E+02
      2.063E+03      9.279E-09      1.977E+37      1.059E+17      7.000E+02
      2.063E+03      9.279E-09      1.977E+37      1.059E+17      7.618E+02
      2.069E+03      9.306E-09      1.983E+37      1.062E+17      7.441E+02
      2.069E+03      9.306E-09      1.983E+37      1.062E+17      7.480E+02
      2.075E+03      9.333E-09      1.989E+37      1.065E+17      7.549E+02
      2.081E+03      9.360E-09      1.995E+37      1.068E+17      7.657E+02
      2.081E+03      9.360E-09      1.995E+37      1.068E+17      7.520E+02
      2.081E+03      9.360E-09      1.995E+37      1.068E+17      7.676E+02
      2.081E+03      9.360E-09      1.995E+37      1.068E+17      7.765E+02
      2.081E+03      9.360E-09      1.995E+37      1.068E+17      7.716E+02
      2.087E+03      9.387E-09      2.001E+37      1.071E+17      7.598E+02
      2.093E+03      9.414E-09      2.006E+37      1.074E+17      8.118E+02
      2.093E+03      9.414E-09      2.006E+37      1.074E+17      7.529E+02
      2.105E+03      9.468E-09      2.018E+37      1.080E+17      8.078E+02
      2.105E+03      9.468E-09      2.018E+37      1.080E+17      7.657E+02
      2.105E+03      9.468E-09      2.018E+37      1.080E+17      8.049E+02
      2.105E+03      9.468E-09      2.018E+37      1.080E+17      8.000E+02
      2.105E+03      9.468E-09      2.018E+37      1.080E+17      7.686E+02
      2.111E+03      9.495E-09      2.024E+37      1.083E+17      7.765E+02
      2.111E+03      9.495E-09      2.024E+37      1.083E+17      7.755E+02
      2.111E+03      9.495E-09      2.024E+37      1.083E+17      7.735E+02
      2.111E+03      9.495E-09      2.024E+37      1.083E+17      8.108E+02
      2.117E+03      9.522E-09      2.029E+37      1.087E+17      7.686E+02
      2.117E+03      9.522E-09      2.029E+37      1.087E+17      8.010E+02
      2.123E+03      9.549E-09      2.035E+37      1.090E+17      8.147E+02
      2.129E+03      9.576E-09      2.041E+37      1.093E+17      7.284E+02
      2.129E+03      9.576E-09      2.041E+37      1.093E+17      7.373E+02
      2.135E+03      9.603E-09      2.047E+37      1.096E+17      8.059E+02
      2.135E+03      9.603E-09      2.047E+37      1.096E+17      8.078E+02
      2.135E+03      9.603E-09      2.047E+37      1.096E+17      7.990E+02
      2.135E+03      9.603E-09      2.047E+37      1.096E+17      7.941E+02
      2.135E+03      9.603E-09      2.047E+37      1.096E+17      7.392E+02
      2.141E+03      9.630E-09      2.052E+37      1.099E+17      8.118E+02
      2.141E+03      9.630E-09      2.052E+37      1.099E+17      7.422E+02
      2.147E+03      9.657E-09      2.058E+37      1.102E+17      7.275E+02
      2.147E+03      9.657E-09      2.058E+37      1.102E+17      8.039E+02
      2.147E+03      9.657E-09      2.058E+37      1.102E+17      8.167E+02
      2.159E+03      9.711E-09      2.070E+37      1.108E+17      7.971E+02
      2.165E+03      9.738E-09      2.075E+37      1.111E+17      8.000E+02
      2.165E+03      9.738E-09      2.075E+37      1.111E+17      8.049E+02
      2.165E+03      9.738E-09      2.075E+37      1.111E+17      8.098E+02
      2.171E+03      9.765E-09      2.081E+37      1.114E+17      8.176E+02
      2.171E+03      9.765E-09      2.081E+37      1.114E+17      8.127E+02
      2.177E+03      9.792E-09      2.087E+37      1.117E+17      7.500E+02
      2.183E+03      9.819E-09      2.093E+37      1.120E+17      8.000E+02
      2.183E+03      9.819E-09      2.093E+37      1.120E+17      7.725E+02
      2.183E+03      9.819E-09      2.093E+37      1.120E+17      7.461E+02
      2.189E+03      9.846E-09      2.098E+37      1.124E+17      8.069E+02
      2.189E+03      9.846E-09      2.098E+37      1.124E+17      8.039E+02
      2.195E+03      9.873E-09      2.104E+37      1.127E+17      7.569E+02
      2.195E+03      9.873E-09      2.104E+37      1.127E+17      8.157E+02
      2.195E+03      9.873E-09      2.104E+37      1.127E+17      8.000E+02
      2.195E+03      9.873E-09      2.104E+37      1.127E+17      7.549E+02
      2.195E+03      9.873E-09      2.104E+37      1.127E+17      8.098E+02
      2.201E+03      9.900E-09      2.110E+37      1.130E+17      8.127E+02
      2.201E+03      9.900E-09      2.110E+37      1.130E+17      7.745E+02
      2.207E+03      9.927E-09      2.116E+37      1.133E+17      8.069E+02
      2.207E+03      9.927E-09      2.116E+37      1.133E+17      8.029E+02
      2.207E+03      9.927E-09      2.116E+37      1.133E+17      7.676E+02
      2.213E+03      9.954E-09      2.121E+37      1.136E+17      8.098E+02
      2.213E+03      9.954E-09      2.121E+37      1.136E+17      8.176E+02
      2.219E+03      9.981E-09      2.127E+37      1.139E+17      7.725E+02
      2.219E+03      9.981E-09      2.127E+37      1.139E+17      8.127E+02
      2.219E+03      9.981E-09      2.127E+37      1.139E+17      7.676E+02
      2.225E+03      1.001E-08      2.133E+37      1.142E+17      8.049E+02
      2.231E+03      1.004E-08      2.139E+37      1.145E+17      7.667E+02
      2.237E+03      1.006E-08      2.144E+37      1.148E+17      7.706E+02
      2.237E+03      1.006E-08      2.144E+37      1.148E+17      7.745E+02
      2.255E+03      1.014E-08      2.162E+37      1.157E+17      7.784E+02
      2.261E+03      1.017E-08      2.167E+37      1.161E+17      7.725E+02
      2.267E+03      1.020E-08      2.173E+37      1.164E+17      7.824E+02
      2.273E+03      1.022E-08      2.179E+37      1.167E+17      7.784E+02
      2.273E+03      1.022E-08      2.179E+37      1.167E+17      7.745E+02
      2.279E+03      1.025E-08      2.185E+37      1.170E+17      8.098E+02
      2.285E+03      1.028E-08      2.190E+37      1.173E+17      8.049E+02
      2.285E+03      1.028E-08      2.190E+37      1.173E+17      8.127E+02
      2.297E+03      1.033E-08      2.202E+37      1.179E+17      8.059E+02
      2.297E+03      1.033E-08      2.202E+37      1.179E+17      8.108E+02
      2.303E+03      1.036E-08      2.208E+37      1.182E+17      8.127E+02
      2.315E+03      1.041E-08      2.219E+37      1.188E+17      8.431E+02
      2.321E+03      1.044E-08      2.225E+37      1.191E+17      8.088E+02
      2.321E+03      1.044E-08      2.225E+37      1.191E+17      8.206E+02
      2.321E+03      1.044E-08      2.225E+37      1.191E+17      8.049E+02
      2.321E+03      1.044E-08      2.225E+37      1.191E+17      8.265E+02
      2.327E+03      1.047E-08      2.231E+37      1.194E+17      8.480E+02
      2.327E+03      1.047E-08      2.231E+37      1.194E+17      8.471E+02
      2.327E+03      1.047E-08      2.231E+37      1.194E+17      8.167E+02
      2.327E+03      1.047E-08      2.231E+37      1.194E+17      8.373E+02
      2.333E+03      1.049E-08      2.237E+37      1.198E+17      7.990E+02
      2.333E+03      1.049E-08      2.237E+37      1.198E+17      8.333E+02
      2.333E+03      1.049E-08      2.237E+37      1.198E+17      8.049E+02
      2.339E+03      1.052E-08      2.242E+37      1.201E+17      8.402E+02
      2.351E+03      1.058E-08      2.254E+37      1.207E+17      8.382E+02
      2.351E+03      1.058E-08      2.254E+37      1.207E+17      8.461E+02
      2.351E+03      1.058E-08      2.254E+37      1.207E+17      8.010E+02
      2.357E+03      1.060E-08      2.260E+37      1.210E+17      8.392E+02
      2.357E+03      1.060E-08      2.260E+37      1.210E+17      8.196E+02
      2.357E+03      1.060E-08      2.260E+37      1.210E+17      8.314E+02
      2.363E+03      1.063E-08      2.265E+37      1.213E+17      8.422E+02
      2.369E+03      1.066E-08      2.271E+37      1.216E+17      8.294E+02
      2.369E+03      1.066E-08      2.271E+37      1.216E+17      8.353E+02
      2.369E+03      1.066E-08      2.271E+37      1.216E+17      8.206E+02
      2.375E+03      1.068E-08      2.277E+37      1.219E+17      8.539E+02
      2.387E+03      1.074E-08      2.288E+37      1.225E+17      8.520E+02
      2.387E+03      1.074E-08      2.288E+37      1.225E+17      8.206E+02
      2.393E+03      1.076E-08      2.294E+37      1.228E+17      8.412E+02
      2.399E+03      1.079E-08      2.300E+37      1.231E+17      8.451E+02
      2.405E+03      1.082E-08      2.306E+37      1.235E+17      8.510E+02
      2.411E+03      1.085E-08      2.311E+37      1.238E+17      8.176E+02
      2.417E+03      1.087E-08      2.317E+37      1.241E+17      8.216E+02
      2.417E+03      1.087E-08      2.317E+37      1.241E+17      8.118E+02
      2.417E+03      1.087E-08      2.317E+37      1.241E+17      8.451E+02
      2.423E+03      1.090E-08      2.323E+37      1.244E+17      8.529E+02
      2.423E+03      1.090E-08      2.323E+37      1.244E+17      8.137E+02
      2.429E+03      1.093E-08      2.329E+37      1.247E+17      8.490E+02
      2.441E+03      1.098E-08      2.340E+37      1.253E+17      8.167E+02
      2.447E+03      1.101E-08      2.346E+37      1.256E+17      8.569E+02
      2.447E+03      1.101E-08      2.346E+37      1.256E+17      8.608E+02
      2.471E+03      1.112E-08      2.369E+37      1.268E+17      8.637E+02
      2.916E+03      1.311E-08      2.795E+37      1.497E+17      8.216E+02
      2.916E+03      1.311E-08      2.795E+37      1.497E+17      8.284E+02
      2.928E+03      1.317E-08      2.806E+37      1.503E+17      8.284E+02
      2.940E+03      1.322E-08      2.818E+37      1.509E+17      8.225E+02
      2.946E+03      1.325E-08      2.824E+37      1.512E+17      8.314E+02
      2.952E+03      1.328E-08      2.830E+37      1.515E+17      8.216E+02
      2.952E+03      1.328E-08      2.830E+37      1.515E+17      8.275E+02
      2.964E+03      1.333E-08      2.841E+37      1.521E+17      8.353E+02
      2.970E+03      1.336E-08      2.847E+37      1.524E+17      8.275E+02
      2.976E+03      1.338E-08      2.853E+37      1.527E+17      8.294E+02
      2.976E+03      1.338E-08      2.853E+37      1.527E+17      8.255E+02
      2.982E+03      1.341E-08      2.858E+37      1.530E+17      8.265E+02
      2.982E+03      1.341E-08      2.858E+37      1.530E+17      8.206E+02
      2.988E+03      1.344E-08      2.864E+37      1.534E+17      8.333E+02
      3.006E+03      1.352E-08      2.881E+37      1.543E+17      8.206E+02
      3.006E+03      1.352E-08      2.881E+37      1.543E+17      8.255E+02
      3.012E+03      1.355E-08      2.887E+37      1.546E+17      8.275E+02
      3.012E+03      1.355E-08      2.887E+37      1.546E+17      8.304E+02
      3.024E+03      1.360E-08      2.899E+37      1.552E+17      8.431E+02
      3.024E+03      1.360E-08      2.899E+37      1.552E+17      8.490E+02
      3.024E+03      1.360E-08      2.899E+37      1.552E+17      8.461E+02
      3.030E+03      1.363E-08      2.904E+37      1.555E+17      8.814E+02
      3.030E+03      1.363E-08      2.904E+37      1.555E+17      8.235E+02
      3.036E+03      1.365E-08      2.910E+37      1.558E+17      8.304E+02
      3.042E+03      1.368E-08      2.916E+37      1.561E+17      8.265E+02
      3.054E+03      1.374E-08      2.927E+37      1.567E+17      8.461E+02
      3.060E+03      1.376E-08      2.933E+37      1.571E+17      8.500E+02
      3.060E+03      1.376E-08      2.933E+37      1.571E+17      8.657E+02
      3.078E+03      1.384E-08      2.950E+37      1.580E+17      8.461E+02
      3.084E+03      1.387E-08      2.956E+37      1.583E+17      8.500E+02
      3.084E+03      1.387E-08      2.956E+37      1.583E+17      8.676E+02
      3.084E+03      1.387E-08      2.956E+37      1.583E+17      8.627E+02
      3.090E+03      1.390E-08      2.962E+37      1.586E+17      8.314E+02
      3.096E+03      1.392E-08      2.968E+37      1.589E+17      8.804E+02
      3.096E+03      1.392E-08      2.968E+37      1.589E+17      8.627E+02
      3.102E+03      1.395E-08      2.973E+37      1.592E+17      8.657E+02
      3.102E+03      1.395E-08      2.973E+37      1.592E+17      8.902E+02
      3.108E+03      1.398E-08      2.979E+37      1.595E+17      8.471E+02
      3.108E+03      1.398E-08      2.979E+37      1.595E+17      8.843E+02
      3.108E+03      1.398E-08      2.979E+37      1.595E+17      8.765E+02
      3.120E+03      1.403E-08      2.991E+37      1.601E+17      8.882E+02
      3.126E+03      1.406E-08      2.996E+37      1.604E+17      8.608E+02
      3.126E+03      1.406E-08      2.996E+37      1.604E+17      8.814E+02
      3.126E+03      1.406E-08      2.996E+37      1.604E+17      8.569E+02
      3.126E+03      1.406E-08      2.996E+37      1.604E+17      8.755E+02
      3.126E+03      1.406E-08      2.996E+37      1.604E+17      8.451E+02
      3.126E+03      1.406E-08      2.996E+37      1.604E+17      8.510E+02
      3.132E+03      1.409E-08      3.002E+37      1.608E+17      8.657E+02
      3.138E+03      1.411E-08      3.008E+37      1.611E+17      8.725E+02
      3.144E+03      1.414E-08      3.014E+37      1.614E+17      8.480E+02
      3.144E+03      1.414E-08      3.014E+37      1.614E+17      8.843E+02
      3.150E+03      1.417E-08      3.019E+37      1.617E+17      8.696E+02
      3.150E+03      1.417E-08      3.019E+37      1.617E+17      8.804E+02
      3.150E+03      1.417E-08      3.019E+37      1.617E+17      8.892E+02
      3.150E+03      1.417E-08      3.019E+37      1.617E+17      8.539E+02
      3.180E+03      1.430E-08      3.048E+37      1.632E+17      8.882E+02
