      1.086E+02      4.997E-10      1.809E+36      9.686E+15      7.419E+02
      1.235E+02      5.683E-10      2.057E+36      1.102E+16      7.037E+02
      1.282E+02      5.899E-10      2.135E+36      1.143E+16      8.918E+02
      1.291E+02      5.938E-10      2.150E+36      1.151E+16      8.230E+02
      1.348E+02      6.202E-10      2.245E+36      1.202E+16      8.717E+02
      1.384E+02      6.368E-10      2.305E+36      1.234E+16      7.772E+02
      1.422E+02      6.542E-10      2.368E+36      1.268E+16      8.221E+02
      1.498E+02      6.889E-10      2.494E+36      1.335E+16      7.056E+02
      1.516E+02      6.972E-10      2.524E+36      1.351E+16      8.125E+02
      1.545E+02      7.105E-10      2.572E+36      1.377E+16      8.154E+02
      1.563E+02      7.188E-10      2.602E+36      1.393E+16      9.223E+02
      1.572E+02      7.231E-10      2.618E+36      1.402E+16      7.724E+02
      1.619E+02      7.447E-10      2.696E+36      1.444E+16      8.755E+02
      1.629E+02      7.491E-10      2.712E+36      1.452E+16      7.314E+02
      1.703E+02      7.836E-10      2.837E+36      1.519E+16      7.247E+02
      1.712E+02      7.876E-10      2.851E+36      1.527E+16      7.734E+02
      1.741E+02      8.009E-10      2.899E+36      1.552E+16      7.161E+02
      1.750E+02      8.051E-10      2.914E+36      1.561E+16      7.438E+02
      1.760E+02      8.094E-10      2.930E+36      1.569E+16      8.192E+02
      1.862E+02      8.566E-10      3.101E+36      1.660E+16      9.032E+02
      1.872E+02      8.610E-10      3.117E+36      1.669E+16      7.428E+02
      1.890E+02      8.695E-10      3.148E+36      1.686E+16      7.934E+02
      1.900E+02      8.739E-10      3.164E+36      1.694E+16      8.975E+02
      1.974E+02      9.082E-10      3.288E+36      1.760E+16      8.860E+02
      2.050E+02      9.430E-10      3.414E+36      1.828E+16      6.932E+02
      2.069E+02      9.516E-10      3.445E+36      1.845E+16      7.581E+02
      2.124E+02      9.772E-10      3.538E+36      1.894E+16      9.395E+02
      2.125E+02      9.776E-10      3.539E+36      1.895E+16      6.760E+02
      2.143E+02      9.857E-10      3.568E+36      1.911E+16      8.431E+02
      2.153E+02      9.902E-10      3.585E+36      1.919E+16      7.314E+02
      2.162E+02      9.945E-10      3.600E+36      1.928E+16      9.185E+02
      2.209E+02      1.016E-09      3.678E+36      1.970E+16      9.061E+02
      2.227E+02      1.025E-09      3.709E+36      1.986E+16      9.166E+02
      2.237E+02      1.029E-09      3.725E+36      1.995E+16      6.913E+02
      2.246E+02      1.033E-09      3.740E+36      2.002E+16      7.572E+02
      2.255E+02      1.038E-09      3.756E+36      2.011E+16      7.132E+02
      2.256E+02      1.038E-09      3.756E+36      2.011E+16      9.004E+02
      2.387E+02      1.098E-09      3.974E+36      2.128E+16      8.288E+02
      2.396E+02      1.102E-09      3.990E+36      2.136E+16      7.906E+02
      2.546E+02      1.171E-09      4.239E+36      2.270E+16      9.290E+02
      2.602E+02      1.197E-09      4.333E+36      2.320E+16      8.240E+02
      2.621E+02      1.206E-09      4.364E+36      2.337E+16      8.545E+02
      2.686E+02      1.236E-09      4.473E+36      2.395E+16      8.087E+02
      2.817E+02      1.296E-09      4.691E+36      2.512E+16      9.004E+02
      3.014E+02      1.386E-09      5.019E+36      2.687E+16      8.507E+02
      3.051E+02      1.404E-09      5.081E+36      2.721E+16      7.963E+02
      3.070E+02      1.412E-09      5.112E+36      2.737E+16      6.598E+02
      3.350E+02      1.541E-09      5.579E+36      2.988E+16      6.321E+02
      3.556E+02      1.636E-09      5.922E+36      3.171E+16      8.278E+02
      3.996E+02      1.838E-09      6.654E+36      3.563E+16      8.879E+02
      4.071E+02      1.873E-09      6.779E+36      3.630E+16      8.755E+02
      1.564E+03      7.194E-09      2.604E+37      1.395E+17      8.951E+02
      1.576E+03      7.249E-09      2.624E+37      1.405E+17      8.924E+02
      1.581E+03      7.271E-09      2.632E+37      1.409E+17      9.015E+02
      1.581E+03      7.271E-09      2.632E+37      1.409E+17      8.742E+02
      1.581E+03      7.271E-09      2.632E+37      1.409E+17      8.882E+02
      1.583E+03      7.282E-09      2.636E+37      1.411E+17      8.769E+02
      1.585E+03      7.292E-09      2.640E+37      1.414E+17      8.785E+02
      1.588E+03      7.303E-09      2.644E+37      1.416E+17      8.753E+02
      1.590E+03      7.314E-09      2.648E+37      1.418E+17      8.983E+02
      1.590E+03      7.314E-09      2.648E+37      1.418E+17      9.069E+02
      1.590E+03      7.314E-09      2.648E+37      1.418E+17      8.940E+02
      1.595E+03      7.336E-09      2.656E+37      1.422E+17      8.774E+02
      1.595E+03      7.336E-09      2.656E+37      1.422E+17      8.603E+02
      1.600E+03      7.358E-09      2.664E+37      1.426E+17      8.748E+02
      1.600E+03      7.358E-09      2.664E+37      1.426E+17      8.865E+02
      1.600E+03      7.358E-09      2.664E+37      1.426E+17      8.876E+02
      1.600E+03      7.358E-09      2.664E+37      1.426E+17      8.892E+02
      1.600E+03      7.358E-09      2.664E+37      1.426E+17      8.582E+02
      1.602E+03      7.369E-09      2.668E+37      1.428E+17      8.619E+02
      1.604E+03      7.380E-09      2.672E+37      1.430E+17      8.929E+02
      1.604E+03      7.380E-09      2.672E+37      1.430E+17      8.796E+02
      1.604E+03      7.380E-09      2.672E+37      1.430E+17      8.764E+02
      1.604E+03      7.380E-09      2.672E+37      1.430E+17      8.566E+02
      1.604E+03      7.380E-09      2.672E+37      1.430E+17      9.042E+02
      1.607E+03      7.391E-09      2.675E+37      1.433E+17      8.598E+02
      1.607E+03      7.391E-09      2.675E+37      1.433E+17      9.010E+02
      1.609E+03      7.401E-09      2.679E+37      1.435E+17      8.785E+02
      1.609E+03      7.401E-09      2.679E+37      1.435E+17      9.068E+02
      1.609E+03      7.401E-09      2.679E+37      1.435E+17      8.881E+02
      1.611E+03      7.412E-09      2.683E+37      1.437E+17      8.726E+02
      1.611E+03      7.412E-09      2.683E+37      1.437E+17      9.036E+02
      1.611E+03      7.412E-09      2.683E+37      1.437E+17      8.753E+02
      1.611E+03      7.412E-09      2.683E+37      1.437E+17      8.582E+02
      1.616E+03      7.434E-09      2.691E+37      1.441E+17      8.769E+02
      1.616E+03      7.434E-09      2.691E+37      1.441E+17      9.095E+02
      1.616E+03      7.434E-09      2.691E+37      1.441E+17      8.560E+02
      1.618E+03      7.445E-09      2.695E+37      1.443E+17      9.154E+02
      1.618E+03      7.445E-09      2.695E+37      1.443E+17      9.122E+02
      1.618E+03      7.445E-09      2.695E+37      1.443E+17      8.790E+02
      1.618E+03      7.445E-09      2.695E+37      1.443E+17      8.667E+02
      1.618E+03      7.445E-09      2.695E+37      1.443E+17      9.058E+02
      1.623E+03      7.467E-09      2.703E+37      1.447E+17      8.812E+02
      1.623E+03      7.467E-09      2.703E+37      1.447E+17      8.747E+02
      1.626E+03      7.478E-09      2.707E+37      1.449E+17      8.726E+02
      1.626E+03      7.478E-09      2.707E+37      1.449E+17      8.833E+02
      1.626E+03      7.478E-09      2.707E+37      1.449E+17      8.769E+02
      1.628E+03      7.489E-09      2.711E+37      1.452E+17      8.854E+02
      1.628E+03      7.489E-09      2.711E+37      1.452E+17      8.801E+02
      1.628E+03      7.489E-09      2.711E+37      1.452E+17      9.116E+02
      1.630E+03      7.500E-09      2.715E+37      1.454E+17      8.747E+02
      1.630E+03      7.500E-09      2.715E+37      1.454E+17      9.084E+02
      1.630E+03      7.500E-09      2.715E+37      1.454E+17      8.555E+02
      1.630E+03      7.500E-09      2.715E+37      1.454E+17      8.865E+02
      1.635E+03      7.521E-09      2.723E+37      1.458E+17      9.004E+02
      1.635E+03      7.521E-09      2.723E+37      1.458E+17      8.956E+02
      1.637E+03      7.532E-09      2.727E+37      1.460E+17      9.020E+02
      1.640E+03      7.543E-09      2.731E+37      1.462E+17      9.068E+02
      1.640E+03      7.543E-09      2.731E+37      1.462E+17      9.148E+02
      1.642E+03      7.554E-09      2.735E+37      1.464E+17      9.095E+02
      1.642E+03      7.554E-09      2.735E+37      1.464E+17      8.726E+02
      1.642E+03      7.554E-09      2.735E+37      1.464E+17      9.159E+02
      1.645E+03      7.565E-09      2.739E+37      1.466E+17      9.121E+02
      1.645E+03      7.565E-09      2.739E+37      1.466E+17      9.036E+02
      1.645E+03      7.565E-09      2.739E+37      1.466E+17      9.138E+02
      1.647E+03      7.576E-09      2.743E+37      1.468E+17      9.218E+02
      1.649E+03      7.587E-09      2.747E+37      1.471E+17      8.822E+02
      1.649E+03      7.587E-09      2.747E+37      1.471E+17      8.678E+02
      1.656E+03      7.619E-09      2.758E+37      1.477E+17      8.843E+02
      1.659E+03      7.630E-09      2.762E+37      1.479E+17      9.084E+02
      1.664E+03      7.652E-09      2.770E+37      1.483E+17      9.153E+02
      1.666E+03      7.663E-09      2.774E+37      1.485E+17      9.089E+02
      1.671E+03      7.685E-09      2.782E+37      1.490E+17      9.057E+02
      1.673E+03      7.696E-09      2.786E+37      1.492E+17      9.036E+02
      1.673E+03      7.696E-09      2.786E+37      1.492E+17      9.116E+02
      1.675E+03      7.707E-09      2.790E+37      1.494E+17      9.078E+02
      1.682E+03      7.739E-09      2.802E+37      1.500E+17      9.094E+02
      1.685E+03      7.750E-09      2.806E+37      1.502E+17      9.052E+02
      1.723E+03      7.925E-09      2.869E+37      1.536E+17      8.976E+02
      1.725E+03      7.936E-09      2.873E+37      1.538E+17      9.067E+02
      1.960E+03      9.015E-09      3.263E+37      1.747E+17      8.444E+02
      1.972E+03      9.069E-09      3.283E+37      1.758E+17      8.455E+02
      1.976E+03      9.091E-09      3.291E+37      1.762E+17      8.396E+02
      1.976E+03      9.091E-09      3.291E+37      1.762E+17      8.417E+02
      1.981E+03      9.113E-09      3.299E+37      1.766E+17      9.000E+02
      1.983E+03      9.124E-09      3.303E+37      1.769E+17      9.038E+02
      1.988E+03      9.145E-09      3.311E+37      1.773E+17      9.000E+02
      1.991E+03      9.156E-09      3.315E+37      1.775E+17      8.396E+02
      1.993E+03      9.167E-09      3.319E+37      1.777E+17      8.551E+02
      2.000E+03      9.200E-09      3.331E+37      1.783E+17      8.444E+02
      2.002E+03      9.211E-09      3.334E+37      1.785E+17      8.455E+02
      2.005E+03      9.222E-09      3.338E+37      1.788E+17      8.551E+02
      2.005E+03      9.222E-09      3.338E+37      1.788E+17      8.428E+02
      2.007E+03      9.233E-09      3.342E+37      1.790E+17      8.529E+02
      2.007E+03      9.233E-09      3.342E+37      1.790E+17      9.059E+02
      2.009E+03      9.244E-09      3.346E+37      1.792E+17      8.396E+02
      2.009E+03      9.244E-09      3.346E+37      1.792E+17      8.294E+02
      2.009E+03      9.244E-09      3.346E+37      1.792E+17      8.444E+02
      2.012E+03      9.255E-09      3.350E+37      1.794E+17      8.503E+02
      2.014E+03      9.265E-09      3.354E+37      1.796E+17      8.476E+02
      2.014E+03      9.265E-09      3.354E+37      1.796E+17      8.556E+02
      2.017E+03      9.276E-09      3.358E+37      1.798E+17      9.032E+02
      2.017E+03      9.276E-09      3.358E+37      1.798E+17      8.529E+02
      2.017E+03      9.276E-09      3.358E+37      1.798E+17      8.412E+02
      2.019E+03      9.287E-09      3.362E+37      1.800E+17      8.438E+02
      2.019E+03      9.287E-09      3.362E+37      1.800E+17      8.593E+02
      2.021E+03      9.298E-09      3.366E+37      1.802E+17      8.519E+02
      2.024E+03      9.309E-09      3.370E+37      1.804E+17      8.385E+02
      2.024E+03      9.309E-09      3.370E+37      1.804E+17      8.497E+02
      2.024E+03      9.309E-09      3.370E+37      1.804E+17      8.476E+02
      2.026E+03      9.320E-09      3.374E+37      1.807E+17      8.406E+02
      2.026E+03      9.320E-09      3.374E+37      1.807E+17      8.454E+02
      2.026E+03      9.320E-09      3.374E+37      1.807E+17      8.551E+02
      2.026E+03      9.320E-09      3.374E+37      1.807E+17      8.599E+02
      2.028E+03      9.331E-09      3.378E+37      1.809E+17      9.059E+02
      2.028E+03      9.331E-09      3.378E+37      1.809E+17      8.433E+02
      2.028E+03      9.331E-09      3.378E+37      1.809E+17      8.839E+02
      2.028E+03      9.331E-09      3.378E+37      1.809E+17      8.893E+02
      2.031E+03      9.342E-09      3.382E+37      1.811E+17      8.486E+02
      2.031E+03      9.342E-09      3.382E+37      1.811E+17      8.529E+02
      2.031E+03      9.342E-09      3.382E+37      1.811E+17      8.567E+02
      2.031E+03      9.342E-09      3.382E+37      1.811E+17      8.813E+02
      2.031E+03      9.342E-09      3.382E+37      1.811E+17      8.454E+02
      2.033E+03      9.353E-09      3.386E+37      1.813E+17      8.331E+02
      2.033E+03      9.353E-09      3.386E+37      1.813E+17      8.385E+02
      2.033E+03      9.353E-09      3.386E+37      1.813E+17      8.775E+02
      2.033E+03      9.353E-09      3.386E+37      1.813E+17      8.893E+02
      2.033E+03      9.353E-09      3.386E+37      1.813E+17      8.545E+02
      2.033E+03      9.353E-09      3.386E+37      1.813E+17      8.427E+02
      2.036E+03      9.364E-09      3.390E+37      1.815E+17      8.508E+02
      2.036E+03      9.364E-09      3.390E+37      1.815E+17      8.599E+02
      2.038E+03      9.374E-09      3.394E+37      1.817E+17      8.470E+02
      2.038E+03      9.374E-09      3.394E+37      1.817E+17      8.855E+02
      2.038E+03      9.374E-09      3.394E+37      1.817E+17      8.401E+02
      2.038E+03      9.374E-09      3.394E+37      1.817E+17      9.042E+02
      2.040E+03      9.385E-09      3.398E+37      1.819E+17      8.427E+02
      2.040E+03      9.385E-09      3.398E+37      1.819E+17      8.315E+02
      2.040E+03      9.385E-09      3.398E+37      1.819E+17      8.545E+02
      2.043E+03      9.396E-09      3.402E+37      1.821E+17      8.582E+02
      2.043E+03      9.396E-09      3.402E+37      1.821E+17      8.812E+02
      2.043E+03      9.396E-09      3.402E+37      1.821E+17      8.374E+02
      2.043E+03      9.396E-09      3.402E+37      1.821E+17      8.529E+02
      2.043E+03      9.396E-09      3.402E+37      1.821E+17      8.438E+02
      2.043E+03      9.396E-09      3.402E+37      1.821E+17      8.486E+02
      2.043E+03      9.396E-09      3.402E+37      1.821E+17      9.058E+02
      2.047E+03      9.418E-09      3.409E+37      1.826E+17      8.609E+02
      2.047E+03      9.418E-09      3.409E+37      1.826E+17      8.834E+02
      2.047E+03      9.418E-09      3.409E+37      1.826E+17      8.465E+02
      2.047E+03      9.418E-09      3.409E+37      1.826E+17      8.417E+02
      2.047E+03      9.418E-09      3.409E+37      1.826E+17      8.513E+02
      2.050E+03      9.429E-09      3.413E+37      1.828E+17      8.866E+02
      2.050E+03      9.429E-09      3.413E+37      1.828E+17      8.556E+02
      2.050E+03      9.429E-09      3.413E+37      1.828E+17      8.390E+02
      2.050E+03      9.429E-09      3.413E+37      1.828E+17      9.042E+02
      2.050E+03      9.429E-09      3.413E+37      1.828E+17      8.315E+02
      2.052E+03      9.440E-09      3.417E+37      1.830E+17      8.443E+02
      2.052E+03      9.440E-09      3.417E+37      1.830E+17      8.358E+02
      2.052E+03      9.440E-09      3.417E+37      1.830E+17      8.534E+02
      2.052E+03      9.440E-09      3.417E+37      1.830E+17      8.572E+02
      2.052E+03      9.440E-09      3.417E+37      1.830E+17      9.085E+02
      2.052E+03      9.440E-09      3.417E+37      1.830E+17      8.786E+02
      2.055E+03      9.451E-09      3.421E+37      1.832E+17      8.807E+02
      2.055E+03      9.451E-09      3.421E+37      1.832E+17      8.491E+02
      2.055E+03      9.451E-09      3.421E+37      1.832E+17      8.470E+02
      2.057E+03      9.462E-09      3.425E+37      1.834E+17      8.614E+02
      2.057E+03      9.462E-09      3.425E+37      1.834E+17      8.598E+02
      2.057E+03      9.462E-09      3.425E+37      1.834E+17      9.064E+02
      2.057E+03      9.462E-09      3.425E+37      1.834E+17      8.406E+02
      2.057E+03      9.462E-09      3.425E+37      1.834E+17      8.513E+02
      2.059E+03      9.473E-09      3.429E+37      1.836E+17      8.384E+02
      2.062E+03      9.483E-09      3.433E+37      1.838E+17      8.839E+02
      2.062E+03      9.483E-09      3.433E+37      1.838E+17      8.438E+02
      2.062E+03      9.483E-09      3.433E+37      1.838E+17      8.347E+02
      2.062E+03      9.483E-09      3.433E+37      1.838E+17      8.892E+02
      2.062E+03      9.483E-09      3.433E+37      1.838E+17      8.550E+02
      2.064E+03      9.494E-09      3.437E+37      1.840E+17      8.866E+02
      2.064E+03      9.494E-09      3.437E+37      1.840E+17      8.502E+02
      2.064E+03      9.494E-09      3.437E+37      1.840E+17      8.481E+02
      2.066E+03      9.505E-09      3.441E+37      1.842E+17      8.545E+02
      2.066E+03      9.505E-09      3.441E+37      1.842E+17      8.336E+02
      2.066E+03      9.505E-09      3.441E+37      1.842E+17      8.374E+02
      2.066E+03      9.505E-09      3.441E+37      1.842E+17      8.523E+02
      2.066E+03      9.505E-09      3.441E+37      1.842E+17      8.454E+02
      2.066E+03      9.505E-09      3.441E+37      1.842E+17      8.400E+02
      2.066E+03      9.505E-09      3.441E+37      1.842E+17      8.422E+02
      2.066E+03      9.505E-09      3.441E+37      1.842E+17      8.593E+02
      2.069E+03      9.516E-09      3.445E+37      1.845E+17      9.010E+02
      2.071E+03      9.527E-09      3.449E+37      1.847E+17      9.031E+02
      2.071E+03      9.527E-09      3.449E+37      1.847E+17      8.673E+02
      2.071E+03      9.527E-09      3.449E+37      1.847E+17      8.614E+02
      2.071E+03      9.527E-09      3.449E+37      1.847E+17      8.973E+02
      2.071E+03      9.527E-09      3.449E+37      1.847E+17      8.374E+02
      2.073E+03      9.538E-09      3.453E+37      1.849E+17      9.112E+02
      2.073E+03      9.538E-09      3.453E+37      1.849E+17      9.058E+02
      2.073E+03      9.538E-09      3.453E+37      1.849E+17      8.486E+02
      2.073E+03      9.538E-09      3.453E+37      1.849E+17      8.427E+02
      2.073E+03      9.538E-09      3.453E+37      1.849E+17      8.507E+02
      2.073E+03      9.538E-09      3.453E+37      1.849E+17      8.908E+02
      2.076E+03      9.549E-09      3.457E+37      1.851E+17      8.866E+02
      2.076E+03      9.549E-09      3.457E+37      1.851E+17      8.347E+02
      2.076E+03      9.549E-09      3.457E+37      1.851E+17      8.630E+02
      2.076E+03      9.549E-09      3.457E+37      1.851E+17      8.400E+02
      2.078E+03      9.560E-09      3.461E+37      1.853E+17      8.844E+02
      2.078E+03      9.560E-09      3.461E+37      1.853E+17      8.887E+02
      2.078E+03      9.560E-09      3.461E+37      1.853E+17      8.801E+02
      2.078E+03      9.560E-09      3.461E+37      1.853E+17      8.459E+02
      2.078E+03      9.560E-09      3.461E+37      1.853E+17      8.443E+02
      2.078E+03      9.560E-09      3.461E+37      1.853E+17      8.529E+02
      2.081E+03      9.571E-09      3.465E+37      1.855E+17      8.373E+02
      2.081E+03      9.571E-09      3.465E+37      1.855E+17      8.935E+02
      2.081E+03      9.571E-09      3.465E+37      1.855E+17      8.427E+02
      2.083E+03      9.582E-09      3.469E+37      1.857E+17      8.956E+02
      2.083E+03      9.582E-09      3.469E+37      1.857E+17      9.010E+02
      2.083E+03      9.582E-09      3.469E+37      1.857E+17      8.507E+02
      2.083E+03      9.582E-09      3.469E+37      1.857E+17      8.983E+02
      2.085E+03      9.592E-09      3.473E+37      1.859E+17      9.063E+02
      2.085E+03      9.592E-09      3.473E+37      1.859E+17      8.491E+02
      2.085E+03      9.592E-09      3.473E+37      1.859E+17      8.400E+02
      2.085E+03      9.592E-09      3.473E+37      1.859E+17      8.903E+02
      2.085E+03      9.592E-09      3.473E+37      1.859E+17      8.438E+02
      2.088E+03      9.603E-09      3.477E+37      1.862E+17      8.726E+02
      2.088E+03      9.603E-09      3.477E+37      1.862E+17      8.448E+02
      2.088E+03      9.603E-09      3.477E+37      1.862E+17      9.095E+02
      2.088E+03      9.603E-09      3.477E+37      1.862E+17      9.031E+02
      2.088E+03      9.603E-09      3.477E+37      1.862E+17      8.470E+02
      2.090E+03      9.614E-09      3.480E+37      1.864E+17      8.373E+02
      2.090E+03      9.614E-09      3.480E+37      1.864E+17      9.122E+02
      2.090E+03      9.614E-09      3.480E+37      1.864E+17      8.539E+02
      2.090E+03      9.614E-09      3.480E+37      1.864E+17      8.833E+02
      2.090E+03      9.614E-09      3.480E+37      1.864E+17      8.341E+02
      2.092E+03      9.625E-09      3.484E+37      1.866E+17      8.983E+02
      2.092E+03      9.625E-09      3.484E+37      1.866E+17      8.507E+02
      2.092E+03      9.625E-09      3.484E+37      1.866E+17      8.801E+02
      2.092E+03      9.625E-09      3.484E+37      1.866E+17      8.427E+02
      2.092E+03      9.625E-09      3.484E+37      1.866E+17      8.935E+02
      2.092E+03      9.625E-09      3.484E+37      1.866E+17      8.871E+02
      2.092E+03      9.625E-09      3.484E+37      1.866E+17      8.855E+02
      2.095E+03      9.636E-09      3.488E+37      1.868E+17      8.962E+02
      2.095E+03      9.636E-09      3.488E+37      1.868E+17      8.486E+02
      2.097E+03      9.647E-09      3.492E+37      1.870E+17      8.400E+02
      2.097E+03      9.647E-09      3.492E+37      1.870E+17      9.143E+02
      2.097E+03      9.647E-09      3.492E+37      1.870E+17      8.823E+02
      2.097E+03      9.647E-09      3.492E+37      1.870E+17      8.464E+02
      2.097E+03      9.647E-09      3.492E+37      1.870E+17      9.095E+02
      2.097E+03      9.647E-09      3.492E+37      1.870E+17      9.052E+02
      2.097E+03      9.647E-09      3.492E+37      1.870E+17      9.010E+02
      2.097E+03      9.647E-09      3.492E+37      1.870E+17      8.748E+02
      2.100E+03      9.658E-09      3.496E+37      1.872E+17      8.502E+02
      2.100E+03      9.658E-09      3.496E+37      1.872E+17      9.122E+02
      2.100E+03      9.658E-09      3.496E+37      1.872E+17      8.363E+02
      2.100E+03      9.658E-09      3.496E+37      1.872E+17      8.892E+02
      2.100E+03      9.658E-09      3.496E+37      1.872E+17      8.437E+02
      2.102E+03      9.669E-09      3.500E+37      1.874E+17      9.074E+02
      2.102E+03      9.669E-09      3.500E+37      1.874E+17      8.865E+02
      2.102E+03      9.669E-09      3.500E+37      1.874E+17      8.716E+02
      2.102E+03      9.669E-09      3.500E+37      1.874E+17      8.528E+02
      2.102E+03      9.669E-09      3.500E+37      1.874E+17      8.844E+02
      2.102E+03      9.669E-09      3.500E+37      1.874E+17      8.384E+02
      2.104E+03      9.680E-09      3.504E+37      1.876E+17      8.341E+02
      2.104E+03      9.680E-09      3.504E+37      1.876E+17      8.924E+02
      2.104E+03      9.680E-09      3.504E+37      1.876E+17      9.202E+02
      2.104E+03      9.680E-09      3.504E+37      1.876E+17      8.753E+02
      2.104E+03      9.680E-09      3.504E+37      1.876E+17      8.961E+02
      2.107E+03      9.691E-09      3.508E+37      1.878E+17      8.801E+02
      2.107E+03      9.691E-09      3.508E+37      1.878E+17      9.047E+02
      2.107E+03      9.691E-09      3.508E+37      1.878E+17      8.464E+02
      2.107E+03      9.691E-09      3.508E+37      1.878E+17      8.411E+02
      2.107E+03      9.691E-09      3.508E+37      1.878E+17      8.437E+02
      2.107E+03      9.691E-09      3.508E+37      1.878E+17      9.143E+02
      2.107E+03      9.691E-09      3.508E+37      1.878E+17      8.988E+02
      2.107E+03      9.691E-09      3.508E+37      1.878E+17      8.523E+02
      2.107E+03      9.691E-09      3.508E+37      1.878E+17      8.491E+02
      2.109E+03      9.701E-09      3.512E+37      1.881E+17      9.186E+02
      2.109E+03      9.701E-09      3.512E+37      1.881E+17      8.362E+02
      2.109E+03      9.701E-09      3.512E+37      1.881E+17      8.892E+02
      2.109E+03      9.701E-09      3.512E+37      1.881E+17      9.015E+02
      2.111E+03      9.712E-09      3.516E+37      1.883E+17      8.865E+02
      2.111E+03      9.712E-09      3.516E+37      1.883E+17      8.384E+02
      2.114E+03      9.723E-09      3.520E+37      1.885E+17      8.443E+02
      2.114E+03      9.723E-09      3.520E+37      1.885E+17      9.111E+02
      2.114E+03      9.723E-09      3.520E+37      1.885E+17      9.149E+02
      2.114E+03      9.723E-09      3.520E+37      1.885E+17      9.079E+02
      2.114E+03      9.723E-09      3.520E+37      1.885E+17      8.501E+02
      2.116E+03      9.734E-09      3.524E+37      1.887E+17      8.448E+02
      2.116E+03      9.734E-09      3.524E+37      1.887E+17      8.806E+02
      2.116E+03      9.734E-09      3.524E+37      1.887E+17      8.507E+02
      2.116E+03      9.734E-09      3.524E+37      1.887E+17      9.009E+02
      2.116E+03      9.734E-09      3.524E+37      1.887E+17      8.416E+02
      2.116E+03      9.734E-09      3.524E+37      1.887E+17      8.940E+02
      2.116E+03      9.734E-09      3.524E+37      1.887E+17      8.389E+02
      2.116E+03      9.734E-09      3.524E+37      1.887E+17      8.983E+02
      2.118E+03      9.745E-09      3.528E+37      1.889E+17      9.047E+02
      2.118E+03      9.745E-09      3.528E+37      1.889E+17      8.828E+02
      2.121E+03      9.756E-09      3.532E+37      1.891E+17      9.074E+02
      2.121E+03      9.756E-09      3.532E+37      1.891E+17      8.892E+02
      2.121E+03      9.756E-09      3.532E+37      1.891E+17      8.919E+02
      2.121E+03      9.756E-09      3.532E+37      1.891E+17      8.464E+02
      2.123E+03      9.767E-09      3.536E+37      1.893E+17      8.961E+02
      2.123E+03      9.767E-09      3.536E+37      1.893E+17      8.865E+02
      2.123E+03      9.767E-09      3.536E+37      1.893E+17      8.726E+02
      2.126E+03      9.778E-09      3.540E+37      1.895E+17      9.015E+02
      2.126E+03      9.778E-09      3.540E+37      1.895E+17      8.790E+02
      2.126E+03      9.778E-09      3.540E+37      1.895E+17      8.699E+02
      2.126E+03      9.778E-09      3.540E+37      1.895E+17      9.116E+02
      2.128E+03      9.789E-09      3.544E+37      1.897E+17      9.186E+02
      2.128E+03      9.789E-09      3.544E+37      1.897E+17      9.207E+02
      2.128E+03      9.789E-09      3.544E+37      1.897E+17      8.410E+02
      2.128E+03      9.789E-09      3.544E+37      1.897E+17      9.047E+02
      2.128E+03      9.789E-09      3.544E+37      1.897E+17      9.154E+02
      2.128E+03      9.789E-09      3.544E+37      1.897E+17      8.828E+02
      2.128E+03      9.789E-09      3.544E+37      1.897E+17      8.988E+02
      2.130E+03      9.800E-09      3.548E+37      1.900E+17      8.448E+02
      2.130E+03      9.800E-09      3.548E+37      1.900E+17      9.073E+02
      2.130E+03      9.800E-09      3.548E+37      1.900E+17      9.106E+02
      2.130E+03      9.800E-09      3.548E+37      1.900E+17      8.940E+02
      2.130E+03      9.800E-09      3.548E+37      1.900E+17      8.726E+02
      2.133E+03      9.810E-09      3.552E+37      1.902E+17      8.854E+02
      2.135E+03      9.821E-09      3.555E+37      1.904E+17      8.993E+02
      2.135E+03      9.821E-09      3.555E+37      1.904E+17      8.897E+02
      2.135E+03      9.821E-09      3.555E+37      1.904E+17      8.913E+02
      2.135E+03      9.821E-09      3.555E+37      1.904E+17      8.405E+02
      2.137E+03      9.832E-09      3.559E+37      1.906E+17      8.827E+02
      2.137E+03      9.832E-09      3.559E+37      1.906E+17      9.031E+02
      2.137E+03      9.832E-09      3.559E+37      1.906E+17      9.266E+02
      2.137E+03      9.832E-09      3.559E+37      1.906E+17      9.170E+02
      2.137E+03      9.832E-09      3.559E+37      1.906E+17      8.870E+02
      2.137E+03      9.832E-09      3.559E+37      1.906E+17      9.084E+02
      2.137E+03      9.832E-09      3.559E+37      1.906E+17      9.143E+02
      2.137E+03      9.832E-09      3.559E+37      1.906E+17      9.239E+02
      2.140E+03      9.843E-09      3.563E+37      1.908E+17      9.207E+02
      2.140E+03      9.843E-09      3.563E+37      1.908E+17      8.806E+02
      2.142E+03      9.854E-09      3.567E+37      1.910E+17      8.389E+02
      2.142E+03      9.854E-09      3.567E+37      1.910E+17      8.405E+02
      2.142E+03      9.854E-09      3.567E+37      1.910E+17      9.255E+02
      2.145E+03      9.865E-09      3.571E+37      1.912E+17      9.111E+02
      2.145E+03      9.865E-09      3.571E+37      1.912E+17      9.009E+02
      2.147E+03      9.876E-09      3.575E+37      1.914E+17      9.277E+02
      2.147E+03      9.876E-09      3.575E+37      1.914E+17      9.031E+02
      2.147E+03      9.876E-09      3.575E+37      1.914E+17      8.902E+02
      2.149E+03      9.887E-09      3.579E+37      1.916E+17      8.982E+02
      2.149E+03      9.887E-09      3.579E+37      1.916E+17      8.886E+02
      2.149E+03      9.887E-09      3.579E+37      1.916E+17      9.223E+02
      2.149E+03      9.887E-09      3.579E+37      1.916E+17      8.961E+02
      2.149E+03      9.887E-09      3.579E+37      1.916E+17      9.752E+02
      2.152E+03      9.898E-09      3.583E+37      1.919E+17      8.699E+02
      2.152E+03      9.898E-09      3.583E+37      1.919E+17      8.405E+02
      2.152E+03      9.898E-09      3.583E+37      1.919E+17      9.186E+02
      2.152E+03      9.898E-09      3.583E+37      1.919E+17      9.148E+02
      2.154E+03      9.909E-09      3.587E+37      1.921E+17      9.250E+02
      2.154E+03      9.909E-09      3.587E+37      1.921E+17      9.432E+02
      2.154E+03      9.909E-09      3.587E+37      1.921E+17      9.089E+02
      2.156E+03      9.919E-09      3.591E+37      1.923E+17      9.298E+02
      2.156E+03      9.919E-09      3.591E+37      1.923E+17      9.009E+02
      2.159E+03      9.930E-09      3.595E+37      1.925E+17      9.752E+02
      2.159E+03      9.930E-09      3.595E+37      1.925E+17      9.266E+02
      2.161E+03      9.941E-09      3.599E+37      1.927E+17      9.079E+02
      2.161E+03      9.941E-09      3.599E+37      1.927E+17      9.202E+02
      2.164E+03      9.952E-09      3.603E+37      1.929E+17      9.228E+02
      2.164E+03      9.952E-09      3.603E+37      1.929E+17      9.752E+02
      2.164E+03      9.952E-09      3.603E+37      1.929E+17      9.148E+02
      2.166E+03      9.963E-09      3.607E+37      1.931E+17      8.998E+02
      2.166E+03      9.963E-09      3.607E+37      1.931E+17      9.020E+02
      2.166E+03      9.963E-09      3.607E+37      1.931E+17      8.945E+02
      2.166E+03      9.963E-09      3.607E+37      1.931E+17      9.041E+02
      2.168E+03      9.974E-09      3.611E+37      1.933E+17      9.752E+02
      2.168E+03      9.974E-09      3.611E+37      1.933E+17      9.255E+02
      2.171E+03      9.985E-09      3.615E+37      1.935E+17      9.217E+02
      2.173E+03      9.996E-09      3.619E+37      1.938E+17      9.068E+02
      2.173E+03      9.996E-09      3.619E+37      1.938E+17      9.282E+02
      2.175E+03      1.001E-08      3.623E+37      1.940E+17      9.201E+02
      2.175E+03      1.001E-08      3.623E+37      1.940E+17      8.945E+02
      2.178E+03      1.002E-08      3.627E+37      1.942E+17      9.137E+02
      2.178E+03      1.002E-08      3.627E+37      1.942E+17      9.239E+02
      2.180E+03      1.003E-08      3.630E+37      1.944E+17      9.437E+02
      2.185E+03      1.005E-08      3.638E+37      1.948E+17      9.185E+02
      2.185E+03      1.005E-08      3.638E+37      1.948E+17      9.367E+02
      2.185E+03      1.005E-08      3.638E+37      1.948E+17      9.148E+02
      2.185E+03      1.005E-08      3.638E+37      1.948E+17      9.565E+02
      2.187E+03      1.006E-08      3.642E+37      1.950E+17      9.281E+02
      2.187E+03      1.006E-08      3.642E+37      1.950E+17      9.297E+02
      2.187E+03      1.006E-08      3.642E+37      1.950E+17      9.255E+02
      2.190E+03      1.007E-08      3.646E+37      1.952E+17      9.217E+02
      2.192E+03      1.008E-08      3.650E+37      1.954E+17      9.752E+02
      2.192E+03      1.008E-08      3.650E+37      1.954E+17      9.501E+02
      2.194E+03      1.009E-08      3.654E+37      1.957E+17      9.565E+02
      2.194E+03      1.009E-08      3.654E+37      1.957E+17      9.431E+02
      2.197E+03      1.010E-08      3.658E+37      1.959E+17      9.190E+02
      2.199E+03      1.012E-08      3.662E+37      1.961E+17      9.233E+02
      2.199E+03      1.012E-08      3.662E+37      1.961E+17      9.132E+02
      2.201E+03      1.013E-08      3.666E+37      1.963E+17      9.511E+02
      2.201E+03      1.013E-08      3.666E+37      1.963E+17      9.260E+02
      2.204E+03      1.014E-08      3.670E+37      1.965E+17      9.565E+02
      2.204E+03      1.014E-08      3.670E+37      1.965E+17      9.431E+02
      2.206E+03      1.015E-08      3.674E+37      1.967E+17      9.287E+02
      2.209E+03      1.016E-08      3.678E+37      1.969E+17      9.335E+02
      2.209E+03      1.016E-08      3.678E+37      1.969E+17      9.190E+02
      2.211E+03      1.017E-08      3.682E+37      1.971E+17      9.383E+02
      2.211E+03      1.017E-08      3.682E+37      1.971E+17      9.260E+02
      2.211E+03      1.017E-08      3.682E+37      1.971E+17      9.516E+02
      2.211E+03      1.017E-08      3.682E+37      1.971E+17      9.832E+02
      2.211E+03      1.017E-08      3.682E+37      1.971E+17      9.367E+02
      2.213E+03      1.018E-08      3.686E+37      1.973E+17      9.228E+02
      2.216E+03      1.019E-08      3.690E+37      1.976E+17      9.565E+02
      2.216E+03      1.019E-08      3.690E+37      1.976E+17      9.431E+02
      2.218E+03      1.020E-08      3.694E+37      1.978E+17      9.281E+02
      2.218E+03      1.020E-08      3.694E+37      1.978E+17      9.254E+02
      2.218E+03      1.020E-08      3.694E+37      1.978E+17      9.832E+02
      2.218E+03      1.020E-08      3.694E+37      1.978E+17      9.190E+02
      2.220E+03      1.021E-08      3.698E+37      1.980E+17      9.137E+02
      2.220E+03      1.021E-08      3.698E+37      1.980E+17      9.516E+02
      2.223E+03      1.022E-08      3.701E+37      1.982E+17      9.367E+02
      2.227E+03      1.025E-08      3.709E+37      1.986E+17      9.254E+02
      2.227E+03      1.025E-08      3.709E+37      1.986E+17      9.516E+02
      2.227E+03      1.025E-08      3.709E+37      1.986E+17      9.228E+02
      2.230E+03      1.026E-08      3.713E+37      1.988E+17      9.436E+02
      2.230E+03      1.026E-08      3.713E+37      1.988E+17      9.276E+02
      2.232E+03      1.027E-08      3.717E+37      1.990E+17      9.345E+02
      2.235E+03      1.028E-08      3.721E+37      1.993E+17      9.281E+02
      2.235E+03      1.028E-08      3.721E+37      1.993E+17      9.757E+02
      2.237E+03      1.029E-08      3.725E+37      1.995E+17      9.383E+02
      2.237E+03      1.029E-08      3.725E+37      1.995E+17      9.516E+02
      2.237E+03      1.029E-08      3.725E+37      1.995E+17      9.832E+02
      2.244E+03      1.032E-08      3.737E+37      2.001E+17      9.431E+02
      2.249E+03      1.034E-08      3.745E+37      2.005E+17      9.516E+02
      2.249E+03      1.034E-08      3.745E+37      2.005E+17      9.372E+02
      2.249E+03      1.034E-08      3.745E+37      2.005E+17      9.832E+02
      2.254E+03      1.037E-08      3.753E+37      2.009E+17      9.152E+02
      2.256E+03      1.038E-08      3.757E+37      2.012E+17      9.511E+02
      2.261E+03      1.040E-08      3.765E+37      2.016E+17      9.388E+02
      2.261E+03      1.040E-08      3.765E+37      2.016E+17      9.511E+02
      2.265E+03      1.042E-08      3.773E+37      2.020E+17      9.345E+02
      2.268E+03      1.043E-08      3.776E+37      2.022E+17      9.152E+02
      2.275E+03      1.046E-08      3.788E+37      2.028E+17      9.387E+02
      2.277E+03      1.048E-08      3.792E+37      2.031E+17      9.345E+02
      2.280E+03      1.049E-08      3.796E+37      2.033E+17      9.248E+02
      2.280E+03      1.049E-08      3.796E+37      2.033E+17      9.152E+02
      2.282E+03      1.050E-08      3.800E+37      2.035E+17      9.794E+02
      2.282E+03      1.050E-08      3.800E+37      2.035E+17      9.516E+02
      2.284E+03      1.051E-08      3.804E+37      2.037E+17      9.510E+02
      2.287E+03      1.052E-08      3.808E+37      2.039E+17      9.387E+02
      2.289E+03      1.053E-08      3.812E+37      2.041E+17      9.345E+02
      2.291E+03      1.054E-08      3.816E+37      2.043E+17      1.068E+03
      2.294E+03      1.055E-08      3.820E+37      2.045E+17      9.152E+02
      2.294E+03      1.055E-08      3.820E+37      2.045E+17      1.014E+03
      2.296E+03      1.056E-08      3.824E+37      2.047E+17      9.248E+02
      2.299E+03      1.057E-08      3.828E+37      2.050E+17      9.868E+02
      2.301E+03      1.058E-08      3.832E+37      2.052E+17      9.831E+02
      2.306E+03      1.061E-08      3.840E+37      2.056E+17      9.799E+02
      2.308E+03      1.062E-08      3.844E+37      2.058E+17      9.248E+02
      2.308E+03      1.062E-08      3.844E+37      2.058E+17      1.068E+03
      2.308E+03      1.062E-08      3.844E+37      2.058E+17      9.237E+02
      2.308E+03      1.062E-08      3.844E+37      2.058E+17      9.146E+02
      2.310E+03      1.063E-08      3.847E+37      2.060E+17      9.868E+02
      2.315E+03      1.065E-08      3.855E+37      2.064E+17      9.793E+02
      2.318E+03      1.066E-08      3.859E+37      2.066E+17      9.863E+02
      2.327E+03      1.070E-08      3.875E+37      2.075E+17      9.868E+02
      2.327E+03      1.070E-08      3.875E+37      2.075E+17      1.068E+03
      2.332E+03      1.073E-08      3.883E+37      2.079E+17      9.841E+02
      2.339E+03      1.076E-08      3.895E+37      2.085E+17      1.004E+03
      2.339E+03      1.076E-08      3.895E+37      2.085E+17      9.873E+02
      2.341E+03      1.077E-08      3.899E+37      2.088E+17      1.023E+03
      2.341E+03      1.077E-08      3.899E+37      2.088E+17      9.836E+02
      2.344E+03      1.078E-08      3.903E+37      2.090E+17      1.068E+03
      2.346E+03      1.079E-08      3.907E+37      2.092E+17      9.793E+02
      2.348E+03      1.080E-08      3.911E+37      2.094E+17      1.022E+03
      2.348E+03      1.080E-08      3.911E+37      2.094E+17      1.004E+03
      2.355E+03      1.084E-08      3.922E+37      2.100E+17      9.793E+02
      2.358E+03      1.085E-08      3.926E+37      2.102E+17      1.068E+03
      2.363E+03      1.087E-08      3.934E+37      2.107E+17      9.836E+02
      2.365E+03      1.088E-08      3.938E+37      2.109E+17      1.014E+03
      2.367E+03      1.089E-08      3.942E+37      2.111E+17      1.068E+03
      2.370E+03      1.090E-08      3.946E+37      2.113E+17      9.836E+02
      2.374E+03      1.092E-08      3.954E+37      2.117E+17      9.793E+02
      2.384E+03      1.097E-08      3.970E+37      2.126E+17      1.013E+03
      2.384E+03      1.097E-08      3.970E+37      2.126E+17      1.029E+03
      2.384E+03      1.097E-08      3.970E+37      2.126E+17      9.835E+02
      2.391E+03      1.100E-08      3.982E+37      2.132E+17      1.004E+03
      2.393E+03      1.101E-08      3.986E+37      2.134E+17      1.013E+03
      2.403E+03      1.105E-08      4.001E+37      2.143E+17      1.004E+03
      2.412E+03      1.110E-08      4.017E+37      2.151E+17      9.996E+02
      2.412E+03      1.110E-08      4.017E+37      2.151E+17      1.005E+03
      2.417E+03      1.112E-08      4.025E+37      2.155E+17      1.004E+03
      2.417E+03      1.112E-08      4.025E+37      2.155E+17      1.030E+03
      2.419E+03      1.113E-08      4.029E+37      2.157E+17      1.013E+03
      2.427E+03      1.116E-08      4.041E+37      2.164E+17      1.004E+03
      2.429E+03      1.117E-08      4.045E+37      2.166E+17      1.014E+03
      2.436E+03      1.121E-08      4.057E+37      2.172E+17      1.029E+03
      2.448E+03      1.126E-08      4.076E+37      2.183E+17      9.990E+02
      2.464E+03      1.134E-08      4.104E+37      2.197E+17      1.029E+03
      2.472E+03      1.137E-08      4.116E+37      2.204E+17      9.995E+02
      2.476E+03      1.139E-08      4.124E+37      2.208E+17      9.995E+02
      2.483E+03      1.142E-08      4.136E+37      2.214E+17      1.004E+03
      2.488E+03      1.145E-08      4.143E+37      2.219E+17      1.029E+03
      2.505E+03      1.152E-08      4.171E+37      2.233E+17      1.003E+03
      2.509E+03      1.154E-08      4.179E+37      2.238E+17      9.989E+02
      2.531E+03      1.164E-08      4.214E+37      2.257E+17      1.004E+03
      2.545E+03      1.171E-08      4.238E+37      2.269E+17      1.004E+03
