    4.24441E+15    1.06001E-09    1.09362E-01
    4.25200E+15    1.06190E-09    1.10058E-01
    4.29886E+15    1.07361E-09    1.09850E-01
    4.35488E+15    1.08760E-09    1.09434E-01
    4.35344E+15    1.08724E-09    1.10353E-01
    4.35524E+15    1.08769E-09    1.12534E-01
    4.39653E+15    1.09800E-09    1.10822E-01
    4.39115E+15    1.09666E-09    1.12442E-01
    4.42382E+15    1.10482E-09    1.10337E-01
    4.44052E+15    1.10899E-09    1.10159E-01
    4.46296E+15    1.11459E-09    1.13208E-01
    4.48750E+15    1.12072E-09    1.10602E-01
    4.50883E+15    1.12605E-09    1.12716E-01
    4.51593E+15    1.12782E-09    1.13632E-01
    4.50883E+15    1.12605E-09    1.15458E-01
    4.44860E+15    1.11101E-09    1.14594E-01
    4.54996E+15    1.13632E-09    1.10487E-01
    4.55310E+15    1.13710E-09    1.11394E-01
    4.57711E+15    1.14310E-09    1.14561E-01
    4.52940E+15    1.13118E-09    1.15101E-01
    4.57464E+15    1.14248E-09    1.13456E-01
    4.59134E+15    1.14665E-09    1.13256E-01
    4.63251E+15    1.15694E-09    1.12460E-01
    4.58326E+15    1.14464E-09    1.15822E-01
    4.63832E+15    1.15839E-09    1.13750E-01
    4.60050E+15    1.14894E-09    1.17397E-01
    4.69099E+15    1.17154E-09    1.12981E-01
    4.69638E+15    1.17289E-09    1.14302E-01
    4.70638E+15    1.17538E-09    1.16758E-01
    4.63713E+15    1.15809E-09    1.15888E-01
    4.72062E+15    1.17894E-09    1.16456E-01
    4.74216E+15    1.18432E-09    1.16420E-01
    4.76281E+15    1.18948E-09    1.14634E-01
    4.71972E+15    1.17872E-09    1.14349E-01
    4.72331E+15    1.17961E-09    1.15328E-01
    4.79154E+15    1.19665E-09    1.17241E-01
    4.78795E+15    1.19575E-09    1.18458E-01
    4.86644E+15    1.21536E-09    1.19019E-01
    5.57437E+15    1.39216E-09    1.25999E-01
    5.62243E+15    1.40416E-09    1.32700E-01
    5.64398E+15    1.40954E-09    1.25601E-01
    5.65193E+15    1.41153E-09    1.26581E-01
    5.66055E+15    1.41368E-09    1.27756E-01
    5.68569E+15    1.41996E-09    1.32784E-01
    5.71931E+15    1.42836E-09    1.34766E-01
    5.73381E+15    1.43198E-09    1.32935E-01
    5.75849E+15    1.43814E-09    1.29022E-01
    5.78025E+15    1.44358E-09    1.32677E-01
    5.78003E+15    1.44352E-09    1.34782E-01
    5.79880E+15    1.44821E-09    1.27801E-01
    5.78983E+15    1.44597E-09    1.28267E-01
    5.78983E+15    1.44597E-09    1.28720E-01
    5.78983E+15    1.44597E-09    1.29092E-01
    5.79791E+15    1.44798E-09    1.33502E-01
    5.79521E+15    1.44731E-09    1.36850E-01
    5.81634E+15    1.45259E-09    1.27182E-01
    5.81137E+15    1.45135E-09    1.27666E-01
    5.81855E+15    1.45314E-09    1.32410E-01
    5.83292E+15    1.45673E-09    1.38708E-01
    5.87909E+15    1.46826E-09    1.33825E-01
    5.85055E+15    1.46113E-09    1.36736E-01
    5.87062E+15    1.46615E-09    1.37527E-01
    5.85716E+15    1.46278E-09    1.38407E-01
    5.87601E+15    1.46749E-09    1.35503E-01
    5.89756E+15    1.47287E-09    1.31286E-01
    5.91323E+15    1.47678E-09    1.40476E-01
    5.93107E+15    1.48124E-09    1.36798E-01
    5.91910E+15    1.47825E-09    1.37196E-01
    5.94065E+15    1.48363E-09    1.29981E-01
    5.94065E+15    1.48363E-09    1.30770E-01
    5.94065E+15    1.48363E-09    1.31230E-01
    5.94526E+15    1.48479E-09    1.35606E-01
    5.95501E+15    1.48722E-09    1.36250E-01
    5.96219E+15    1.48901E-09    1.29271E-01
    5.96219E+15    1.48901E-09    1.29723E-01
    5.94783E+15    1.48543E-09    1.29883E-01
    5.96611E+15    1.48999E-09    1.34404E-01
    5.97395E+15    1.49195E-09    1.39493E-01
    5.99272E+15    1.49664E-09    1.40832E-01
    6.01426E+15    1.50202E-09    1.33587E-01
    6.01821E+15    1.50300E-09    1.35925E-01
    6.01704E+15    1.50271E-09    1.39266E-01
    6.01965E+15    1.50336E-09    1.39970E-01
    6.03222E+15    1.50650E-09    1.40922E-01
    6.03329E+15    1.50677E-09    1.34775E-01
    6.02683E+15    1.50516E-09    1.42693E-01
    6.06035E+15    1.51353E-09    1.33609E-01
    6.06723E+15    1.51525E-09    1.42597E-01
    6.07489E+15    1.51716E-09    1.38743E-01
    6.06992E+15    1.51592E-09    1.39375E-01
    6.06992E+15    1.51592E-09    1.44335E-01
    6.09685E+15    1.52264E-09    1.33526E-01
    6.09793E+15    1.52291E-09    1.37969E-01
    6.09147E+15    1.52130E-09    1.38316E-01
    6.09626E+15    1.52250E-09    1.45394E-01
    6.11799E+15    1.52792E-09    1.31468E-01
    6.11301E+15    1.52668E-09    1.32049E-01
    6.11301E+15    1.52668E-09    1.32510E-01
    6.11301E+15    1.52668E-09    1.32935E-01
    6.11889E+15    1.52815E-09    1.36824E-01
    6.15610E+15    1.53744E-09    1.31044E-01
    6.16041E+15    1.53852E-09    1.35805E-01
    6.15610E+15    1.53744E-09    1.36340E-01
    6.16329E+15    1.53924E-09    1.38239E-01
    6.16329E+15    1.53924E-09    1.41272E-01
    6.15610E+15    1.53744E-09    1.41763E-01
    6.15610E+15    1.53744E-09    1.42271E-01
    6.15610E+15    1.53744E-09    1.42782E-01
    6.15610E+15    1.53744E-09    1.43295E-01
    6.19304E+15    1.54667E-09    1.37315E-01
    6.18157E+15    1.54380E-09    1.45096E-01
    6.20507E+15    1.54967E-09    1.35733E-01
    6.20351E+15    1.54928E-09    1.44701E-01
    6.22314E+15    1.55418E-09    1.34872E-01
    6.21682E+15    1.55261E-09    1.40686E-01
    6.22074E+15    1.55359E-09    1.41385E-01
    6.21356E+15    1.55179E-09    1.46339E-01
    6.25460E+15    1.56204E-09    1.35798E-01
    6.25404E+15    1.56190E-09    1.40062E-01
    6.24660E+15    1.56004E-09    1.40587E-01
    6.24229E+15    1.55897E-09    1.47669E-01
    6.27281E+15    1.56659E-09    1.33156E-01
    6.26383E+15    1.56435E-09    1.33685E-01
    6.26383E+15    1.56435E-09    1.34149E-01
    6.26383E+15    1.56435E-09    1.34615E-01
    6.27676E+15    1.56758E-09    1.35236E-01
    6.27559E+15    1.56728E-09    1.38902E-01
    6.27102E+15    1.56614E-09    1.39514E-01
    6.29035E+15    1.57097E-09    1.32435E-01
    6.31590E+15    1.57735E-09    1.37956E-01
    6.30693E+15    1.57511E-09    1.38487E-01
    6.31905E+15    1.57814E-09    1.43342E-01
    6.27461E+15    1.56704E-09    1.43444E-01
    6.27820E+15    1.56793E-09    1.43815E-01
    6.30453E+15    1.57451E-09    1.44830E-01
    6.30693E+15    1.57511E-09    1.45433E-01
    6.30262E+15    1.57403E-09    1.45907E-01
    6.32129E+15    1.57870E-09    1.47474E-01
    6.35002E+15    1.58587E-09    1.37716E-01
    6.32847E+15    1.58049E-09    1.46855E-01
    6.37156E+15    1.59125E-09    1.42882E-01
    6.38772E+15    1.59529E-09    1.43747E-01
    6.39311E+15    1.59663E-09    1.37367E-01
    6.39311E+15    1.59663E-09    1.37846E-01
    6.40486E+15    1.59957E-09    1.42040E-01
    6.39311E+15    1.59663E-09    1.42520E-01
    6.34571E+15    1.58479E-09    1.49188E-01
    6.41465E+15    1.60201E-09    1.34848E-01
    6.41465E+15    1.60201E-09    1.35313E-01
    6.41465E+15    1.60201E-09    1.35780E-01
    6.41465E+15    1.60201E-09    1.36249E-01
    6.41465E+15    1.60201E-09    1.36720E-01
    6.41465E+15    1.60201E-09    1.37194E-01
    6.42273E+15    1.60403E-09    1.40736E-01
    6.40388E+15    1.59932E-09    1.40917E-01
    6.41465E+15    1.60201E-09    1.41694E-01
    6.43620E+15    1.60739E-09    1.34230E-01
    6.43620E+15    1.60739E-09    1.34691E-01
    6.47733E+15    1.61767E-09    1.40003E-01
    6.43620E+15    1.60739E-09    1.39896E-01
    6.42543E+15    1.60470E-09    1.40255E-01
    6.41825E+15    1.60291E-09    1.44807E-01
    6.44208E+15    1.60886E-09    1.47133E-01
    6.50622E+15    1.62488E-09    1.39729E-01
    6.49605E+15    1.62234E-09    1.44544E-01
    6.54932E+15    1.63564E-09    1.39485E-01
    6.47929E+15    1.61816E-09    1.39052E-01
    6.50622E+15    1.62488E-09    1.43773E-01
    6.49006E+15    1.62085E-09    1.44855E-01
    6.56548E+15    1.63968E-09    1.36886E-01
    6.54393E+15    1.63430E-09    1.37184E-01
    6.54393E+15    1.63430E-09    1.37704E-01
    6.57744E+15    1.64267E-09    1.38679E-01
    6.54393E+15    1.63430E-09    1.38607E-01
    6.51161E+15    1.62623E-09    1.42319E-01
    6.51161E+15    1.62623E-09    1.43014E-01
    6.52238E+15    1.62892E-09    1.43452E-01
    6.57625E+15    1.64237E-09    1.36373E-01
    6.60857E+15    1.65044E-09    1.37185E-01
    6.56548E+15    1.63968E-09    1.41243E-01
    6.69906E+15    1.67304E-09    1.41599E-01
    6.66889E+15    1.66551E-09    1.39988E-01
    6.76657E+15    1.68990E-09    1.69937E-01
    6.74861E+15    1.68542E-09    1.42485E-01
    6.81423E+15    1.70180E-09    1.67583E-01
    6.84557E+15    1.70963E-09    1.43291E-01
    6.84988E+15    1.71071E-09    1.68843E-01
    6.87495E+15    1.71697E-09    1.70897E-01
    6.87495E+15    1.71697E-09    1.72117E-01
    6.96138E+15    1.73855E-09    1.69536E-01
    6.96505E+15    1.73947E-09    1.71627E-01
    6.97485E+15    1.74192E-09    1.73082E-01
    7.00836E+15    1.75029E-09    1.70838E-01
    6.99280E+15    1.74640E-09    1.71281E-01
    7.03086E+15    1.75591E-09    1.74559E-01
    7.02291E+15    1.75392E-09    1.75980E-01
    7.06600E+15    1.76468E-09    1.69403E-01
    7.11310E+15    1.77644E-09    1.71417E-01
    7.10909E+15    1.77544E-09    1.73893E-01
    7.10412E+15    1.77420E-09    1.74729E-01
    7.15645E+15    1.78727E-09    1.48541E-01
    7.15296E+15    1.78640E-09    1.55493E-01
    7.15260E+15    1.78631E-09    1.72904E-01
    7.14721E+15    1.78496E-09    1.73504E-01
    7.13285E+15    1.78138E-09    1.75794E-01
    7.16876E+15    1.79034E-09    1.78032E-01
    7.22164E+15    1.80355E-09    1.48449E-01
    7.21682E+15    1.80235E-09    1.53196E-01
    7.21185E+15    1.80111E-09    1.70445E-01
    7.21993E+15    1.80312E-09    1.71460E-01
    7.21185E+15    1.80111E-09    1.72002E-01
    7.26033E+15    1.81321E-09    1.49292E-01
    7.24237E+15    1.80873E-09    1.51058E-01
    7.26787E+15    1.81510E-09    1.54666E-01
    7.25494E+15    1.81187E-09    1.56266E-01
    7.26473E+15    1.81431E-09    1.70139E-01
    7.25853E+15    1.81277E-09    1.73389E-01
    7.25991E+15    1.81311E-09    1.75920E-01
    7.25494E+15    1.81187E-09    1.76659E-01
    7.27649E+15    1.81725E-09    1.48161E-01
    7.27649E+15    1.81725E-09    1.48620E-01
    7.28546E+15    1.81949E-09    1.69333E-01
    7.31096E+15    1.82586E-09    1.50388E-01
    7.29803E+15    1.82263E-09    1.50879E-01
    7.30761E+15    1.82502E-09    1.52404E-01
    7.29803E+15    1.82263E-09    1.57559E-01
    7.30162E+15    1.82353E-09    1.75060E-01
    7.27649E+15    1.81725E-09    1.75277E-01
    7.33133E+15    1.83095E-09    1.80013E-01
    7.29803E+15    1.82263E-09    1.80104E-01
    7.37442E+15    1.84171E-09    1.48952E-01
    7.36764E+15    1.84001E-09    1.54816E-01
    7.36985E+15    1.84057E-09    1.55575E-01
    7.36764E+15    1.84001E-09    1.72820E-01
    7.36267E+15    1.83877E-09    1.73551E-01
    7.36985E+15    1.84057E-09    1.74333E-01
    7.37464E+15    1.84176E-09    1.79847E-01
    7.38422E+15    1.84415E-09    1.50537E-01
    7.39140E+15    1.84595E-09    1.52567E-01
    7.39229E+15    1.84617E-09    1.54407E-01
    7.38422E+15    1.84415E-09    1.79154E-01
    7.40908E+15    1.85036E-09    1.47963E-01
    7.40576E+15    1.84953E-09    1.56587E-01
    7.40576E+15    1.84953E-09    1.58245E-01
    7.41384E+15    1.85155E-09    1.71976E-01
    7.40576E+15    1.84953E-09    1.72502E-01
    7.41384E+15    1.85155E-09    1.75706E-01
    7.40576E+15    1.84953E-09    1.78100E-01
    7.40576E+15    1.84953E-09    1.78708E-01
    7.39499E+15    1.84684E-09    1.49962E-01
    7.43269E+15    1.85626E-09    1.71009E-01
    7.42012E+15    1.85312E-09    1.71395E-01
    7.46082E+15    1.86329E-09    1.51981E-01
    7.44885E+15    1.86030E-09    1.52453E-01
    7.46082E+15    1.86329E-09    1.54058E-01
    7.44885E+15    1.86030E-09    1.54533E-01
    7.44720E+15    1.85988E-09    1.59380E-01
    7.44167E+15    1.85850E-09    1.76802E-01
    7.47902E+15    1.86783E-09    1.82313E-01
    7.51846E+15    1.87768E-09    1.50420E-01
    7.44885E+15    1.86030E-09    1.50023E-01
    7.49194E+15    1.87106E-09    1.56440E-01
    7.51349E+15    1.87644E-09    1.57484E-01
    7.52546E+15    1.87943E-09    1.74625E-01
    7.51349E+15    1.87644E-09    1.75224E-01
    7.51349E+15    1.87644E-09    1.75855E-01
    7.52067E+15    1.87823E-09    1.76505E-01
    7.51134E+15    1.87590E-09    1.78348E-01
    7.51529E+15    1.87689E-09    1.81589E-01
    7.52785E+15    1.88003E-09    1.82490E-01
    7.54679E+15    1.88476E-09    1.49185E-01
    7.54312E+15    1.88384E-09    1.50014E-01
    7.55966E+15    1.88797E-09    1.52901E-01
    7.54679E+15    1.88476E-09    1.54243E-01
    7.54796E+15    1.88505E-09    1.54986E-01
    7.53743E+15    1.88242E-09    1.56133E-01
    7.47040E+15    1.86568E-09    1.55845E-01
    7.56197E+15    1.88855E-09    1.49747E-01
    7.56855E+15    1.89019E-09    1.58575E-01
    7.56520E+15    1.88935E-09    1.73817E-01
    7.55227E+15    1.88613E-09    1.74397E-01
    7.56466E+15    1.88922E-09    1.77658E-01
    7.56017E+15    1.88810E-09    1.80519E-01
    7.55658E+15    1.88720E-09    1.81333E-01
    7.54581E+15    1.88451E-09    1.72515E-01
    7.57274E+15    1.89124E-09    1.73437E-01
    7.59010E+15    1.89557E-09    1.79870E-01
    7.61260E+15    1.90119E-09    1.54207E-01
    7.61260E+15    1.90119E-09    1.56301E-01
    7.59967E+15    1.89796E-09    1.60995E-01
    7.61583E+15    1.90200E-09    1.78908E-01
    7.63297E+15    1.90628E-09    1.53099E-01
    7.61853E+15    1.90267E-09    1.84347E-01
    7.66431E+15    1.91411E-09    1.52033E-01
    7.67329E+15    1.91635E-09    1.76455E-01
    7.66431E+15    1.91411E-09    1.77209E-01
    7.66431E+15    1.91411E-09    1.77917E-01
    7.67149E+15    1.91590E-09    1.78640E-01
    7.68855E+15    1.92016E-09    1.80603E-01
    7.66431E+15    1.91411E-09    1.83326E-01
    7.63199E+15    1.90603E-09    1.83854E-01
    7.69483E+15    1.92173E-09    1.50535E-01
    7.68586E+15    1.91949E-09    1.51757E-01
    7.68825E+15    1.92008E-09    1.55822E-01
    7.67508E+15    1.91680E-09    1.56343E-01
    7.68945E+15    1.92038E-09    1.57699E-01
    7.72279E+15    1.92871E-09    1.51441E-01
    7.68801E+15    1.92002E-09    1.59891E-01
    7.71132E+15    1.92585E-09    1.75823E-01
    7.71132E+15    1.92585E-09    1.82194E-01
    7.70740E+15    1.92487E-09    1.82998E-01
    7.72503E+15    1.92927E-09    1.48907E-01
    7.72087E+15    1.92823E-09    1.49562E-01
    7.66431E+15    1.91411E-09    1.74697E-01
    7.75480E+15    1.93671E-09    1.82103E-01
    7.76342E+15    1.93886E-09    1.50635E-01
    7.72895E+15    1.93025E-09    1.55731E-01
    7.76342E+15    1.93886E-09    1.58203E-01
    7.75229E+15    1.93608E-09    1.62858E-01
    7.75696E+15    1.93724E-09    1.80414E-01
    7.74241E+15    1.93361E-09    1.54436E-01
    7.79359E+15    1.94639E-09    1.63636E-01
    7.77204E+15    1.94101E-09    1.77404E-01
    7.76127E+15    1.93832E-09    1.78360E-01
    7.79359E+15    1.94639E-09    1.80048E-01
    7.82688E+15    1.95471E-09    1.82214E-01
    7.84865E+15    1.96014E-09    1.49997E-01
    7.84451E+15    1.95911E-09    1.53406E-01
    7.78281E+15    1.94370E-09    1.53173E-01
    7.86802E+15    1.96498E-09    1.52686E-01
    7.84745E+15    1.95984E-09    1.53009E-01
    7.88474E+15    1.96916E-09    1.44734E-01
    7.87259E+15    1.96612E-09    1.47758E-01
    7.88515E+15    1.96926E-09    1.50968E-01
    7.87977E+15    1.96791E-09    1.51446E-01
    7.87977E+15    1.96791E-09    1.83947E-01
    7.90629E+15    1.97454E-09    1.43503E-01
    7.90131E+15    1.97330E-09    1.45720E-01
    7.90523E+15    1.97427E-09    1.48863E-01
    7.90371E+15    1.97389E-09    1.49576E-01
    7.90778E+15    1.97491E-09    1.52320E-01
    7.83668E+15    1.95715E-09    1.59061E-01
    7.89413E+15    1.97150E-09    1.64541E-01
    7.86900E+15    1.96522E-09    1.81829E-01
    7.95733E+15    1.98729E-09    1.44819E-01
    7.94938E+15    1.98530E-09    1.47176E-01
    7.95733E+15    1.98729E-09    1.48199E-01
    7.94919E+15    1.98525E-09    1.83900E-01
    7.98750E+15    1.99482E-09    1.43306E-01
    8.00366E+15    1.99886E-09    1.47100E-01
    7.99247E+15    1.99606E-09    1.51467E-01
    7.99247E+15    1.99606E-09    1.55470E-01
    8.00904E+15    2.00020E-09    1.54214E-01
    8.00904E+15    2.00020E-09    1.54913E-01
    8.01402E+15    2.00144E-09    1.99071E-01
    8.01402E+15    2.00144E-09    2.07468E-01
    8.03777E+15    2.00737E-09    1.46492E-01
    8.03777E+15    2.00737E-09    1.49861E-01
    8.04234E+15    2.00852E-09    1.52881E-01
    8.03556E+15    2.00682E-09    2.00849E-01
    8.06389E+15    2.01390E-09    1.44809E-01
    8.05213E+15    2.01096E-09    1.45277E-01
    8.05932E+15    2.01276E-09    1.50951E-01
    8.05213E+15    2.01096E-09    1.51479E-01
    8.06021E+15    2.01298E-09    1.53665E-01
    8.05644E+15    2.01204E-09    1.54135E-01
    8.05932E+15    2.01276E-09    2.06816E-01
    8.05213E+15    2.01096E-09    2.12590E-01
    8.08014E+15    2.01796E-09    1.43566E-01
    8.09164E+15    2.02083E-09    1.47519E-01
    8.07760E+15    2.01732E-09    2.10556E-01
    8.07368E+15    2.01634E-09    2.11503E-01
    8.07907E+15    2.01769E-09    2.12193E-01
    8.10061E+15    2.02307E-09    1.46190E-01
    8.11139E+15    2.02576E-09    1.46735E-01
    8.09523E+15    2.02172E-09    1.48901E-01
    8.09523E+15    2.02172E-09    1.49556E-01
    8.11139E+15    2.02576E-09    1.50099E-01
    8.10517E+15    2.02421E-09    2.02893E-01
    8.10698E+15    2.02466E-09    2.09611E-01
    8.10306E+15    2.02368E-09    2.14137E-01
    8.12852E+15    2.03004E-09    2.06683E-01
    8.15007E+15    2.03542E-09    1.44990E-01
    8.15125E+15    2.03571E-09    1.48756E-01
    8.14730E+15    2.03473E-09    1.53200E-01
    8.14329E+15    2.03373E-09    1.56762E-01
    8.13832E+15    2.03249E-09    1.57316E-01
    8.17162E+15    2.04080E-09    1.43748E-01
    8.16484E+15    2.03911E-09    1.55895E-01
    8.15986E+15    2.03787E-09    1.56403E-01
    8.16484E+15    2.03911E-09    2.00866E-01
    8.15986E+15    2.03787E-09    2.01836E-01
    8.16484E+15    2.03911E-09    2.05574E-01
    8.17279E+15    2.04110E-09    2.09402E-01
    8.18141E+15    2.04325E-09    1.51505E-01
    8.20834E+15    2.04997E-09    1.44644E-01
    8.20296E+15    2.04863E-09    1.46363E-01
    8.20296E+15    2.04863E-09    1.48257E-01
    8.20296E+15    2.04863E-09    1.52645E-01
    8.21911E+15    2.05266E-09    1.53349E-01
    8.20296E+15    2.04863E-09    1.54654E-01
    8.20296E+15    2.04863E-09    1.55333E-01
    8.21732E+15    2.05222E-09    1.55799E-01
    8.21471E+15    2.05156E-09    2.03565E-01
    8.21493E+15    2.05162E-09    2.09022E-01
    8.23348E+15    2.05625E-09    2.12439E-01
    8.22450E+15    2.05401E-09    2.13365E-01
    8.22450E+15    2.05401E-09    2.14154E-01
    8.22450E+15    2.05401E-09    2.14947E-01
    8.24605E+15    2.05939E-09    1.47597E-01
    8.25036E+15    2.06047E-09    1.48151E-01
    8.24605E+15    2.05939E-09    1.50479E-01
    8.24605E+15    2.05939E-09    1.51077E-01
    8.24964E+15    2.06029E-09    1.51563E-01
    8.25036E+15    2.06047E-09    2.04897E-01
    8.25413E+15    2.06141E-09    2.11639E-01
    8.24605E+15    2.05939E-09    2.16004E-01
    8.27934E+15    2.06771E-09    2.08228E-01
    8.26759E+15    2.06477E-09    2.08995E-01
    8.29411E+15    2.07139E-09    1.46042E-01
    8.29632E+15    2.07195E-09    1.46705E-01
    8.29411E+15    2.07139E-09    1.49835E-01
    8.30207E+15    2.07338E-09    1.50564E-01
    8.29812E+15    2.07239E-09    1.54793E-01
    8.28582E+15    2.06932E-09    1.58247E-01
    8.28914E+15    2.07015E-09    2.17299E-01
    8.31566E+15    2.07677E-09    1.44824E-01
    8.31068E+15    2.07553E-09    1.57473E-01
    8.33223E+15    2.08091E-09    1.58329E-01
    8.31068E+15    2.07553E-09    2.02299E-01
    8.31068E+15    2.07553E-09    2.03030E-01
    8.31068E+15    2.07553E-09    2.03765E-01
    8.31566E+15    2.07677E-09    2.07159E-01
    8.32505E+15    2.07912E-09    2.08218E-01
    8.32361E+15    2.07876E-09    2.11714E-01
    8.33720E+15    2.08216E-09    1.53142E-01
    8.33223E+15    2.08091E-09    1.53792E-01
    8.36670E+15    2.08952E-09    1.46144E-01
    8.36553E+15    2.08923E-09    1.48035E-01
    8.35378E+15    2.08629E-09    1.48497E-01
    8.36670E+15    2.08952E-09    1.49928E-01
    8.35378E+15    2.08629E-09    1.54537E-01
    8.36455E+15    2.08899E-09    1.56220E-01
    8.35378E+15    2.08629E-09    1.56739E-01
    8.35378E+15    2.08629E-09    1.57176E-01
    8.36575E+15    2.08928E-09    2.05346E-01
    8.36575E+15    2.08928E-09    2.11304E-01
    8.38707E+15    2.09461E-09    2.14790E-01
    8.37532E+15    2.09168E-09    2.15622E-01
    8.37532E+15    2.09168E-09    2.16417E-01
    8.40884E+15    2.10005E-09    1.49566E-01
    8.41123E+15    2.10064E-09    1.50086E-01
    8.40184E+15    2.09830E-09    1.52303E-01
    8.39687E+15    2.09706E-09    1.52943E-01
    8.41303E+15    2.10109E-09    1.53563E-01
    8.40918E+15    2.10013E-09    2.06272E-01
    8.37532E+15    2.09168E-09    2.07067E-01
    8.40495E+15    2.09907E-09    2.14065E-01
    8.40495E+15    2.09907E-09    2.17630E-01
    8.39687E+15    2.09706E-09    2.18356E-01
    8.42339E+15    2.10368E-09    2.10661E-01
    8.43457E+15    2.10647E-09    2.11864E-01
    8.43996E+15    2.10782E-09    1.47664E-01
    8.43996E+15    2.10782E-09    1.48135E-01
    8.43996E+15    2.10782E-09    1.51490E-01
    8.43996E+15    2.10782E-09    1.51978E-01
    8.43996E+15    2.10782E-09    1.56147E-01
    8.45289E+15    2.11105E-09    1.56810E-01
    8.43996E+15    2.10782E-09    2.19249E-01
    8.46150E+15    2.11320E-09    1.46019E-01
    8.46150E+15    2.11320E-09    1.46482E-01
    8.42919E+15    2.10513E-09    1.58818E-01
    8.43188E+15    2.10580E-09    1.59468E-01
    8.46648E+15    2.11444E-09    1.69354E-01
    8.46648E+15    2.11444E-09    1.71959E-01
    8.45073E+15    2.11051E-09    2.04169E-01
    8.45073E+15    2.11051E-09    2.04939E-01
    8.42919E+15    2.10513E-09    2.05310E-01
    8.47048E+15    2.11544E-09    2.09109E-01
    8.46150E+15    2.11320E-09    2.10056E-01
    8.47048E+15    2.11544E-09    2.13715E-01
    8.48305E+15    2.11858E-09    1.54902E-01
    8.48802E+15    2.11982E-09    1.55600E-01
    8.48802E+15    2.11982E-09    1.66567E-01
    8.50460E+15    2.12396E-09    1.47381E-01
    8.50460E+15    2.12396E-09    1.47849E-01
    8.50460E+15    2.12396E-09    1.49266E-01
    8.50460E+15    2.12396E-09    1.49742E-01
    8.50460E+15    2.12396E-09    1.51669E-01
    8.51752E+15    2.12719E-09    1.58021E-01
    8.47587E+15    2.11679E-09    1.58217E-01
    8.51357E+15    2.12620E-09    1.70802E-01
    8.48305E+15    2.11858E-09    1.58601E-01
    8.53907E+15    2.13257E-09    1.69295E-01
    8.52854E+15    2.12994E-09    2.16881E-01
    8.52614E+15    2.12934E-09    2.17992E-01
    8.54769E+15    2.13472E-09    1.50725E-01
    8.54769E+15    2.13472E-09    1.51180E-01
    8.54769E+15    2.13472E-09    1.51664E-01
    8.55577E+15    2.13674E-09    1.53675E-01
    8.54769E+15    2.13472E-09    1.54117E-01
    8.54769E+15    2.13472E-09    1.54614E-01
    8.54769E+15    2.13472E-09    1.55114E-01
    8.48305E+15    2.11858E-09    2.06685E-01
    8.54769E+15    2.13472E-09    2.16082E-01
    8.53332E+15    2.13114E-09    2.16528E-01
    8.55577E+15    2.13674E-09    2.19175E-01
    8.54769E+15    2.13472E-09    2.19840E-01
    8.57421E+15    2.14135E-09    1.64748E-01
    8.58099E+15    2.14304E-09    1.68174E-01
    8.58064E+15    2.14295E-09    1.74713E-01
    8.57821E+15    2.14235E-09    2.12216E-01
    8.56923E+15    2.14010E-09    2.13169E-01
    8.56923E+15    2.14010E-09    2.13852E-01
    8.59886E+15    2.14750E-09    1.49224E-01
    8.59078E+15    2.14548E-09    1.49664E-01
    8.60371E+15    2.14871E-09    1.53205E-01
    8.57354E+15    2.14118E-09    1.53421E-01
    8.52614E+15    2.12934E-09    1.57232E-01
    8.61233E+15    2.15087E-09    1.47532E-01
    8.61233E+15    2.15087E-09    1.47998E-01
    8.62430E+15    2.15386E-09    1.69364E-01
    8.62408E+15    2.15380E-09    1.71000E-01
    8.62430E+15    2.15386E-09    1.72822E-01
    8.61233E+15    2.15087E-09    1.73369E-01
    8.61233E+15    2.15087E-09    1.73946E-01
    8.61233E+15    2.15087E-09    2.10721E-01
    8.61233E+15    2.15087E-09    2.11483E-01
    8.58599E+15    2.14429E-09    2.15204E-01
    8.62525E+15    2.15409E-09    1.56167E-01
    8.58001E+15    2.14279E-09    1.56395E-01
    8.64584E+15    2.15924E-09    1.67957E-01
    8.66739E+15    2.16462E-09    1.49085E-01
    8.65542E+15    2.16163E-09    1.49480E-01
    8.64464E+15    2.15894E-09    1.50787E-01
    8.63387E+15    2.15625E-09    1.51061E-01
    8.66888E+15    2.16499E-09    1.53313E-01
    8.65542E+15    2.16163E-09    1.59480E-01
    8.66080E+15    2.16297E-09    1.72132E-01
    8.65111E+15    2.16055E-09    1.72640E-01
    8.67457E+15    2.16641E-09    1.66188E-01
    8.67966E+15    2.16768E-09    1.70622E-01
    8.67696E+15    2.16701E-09    1.52404E-01
    8.65542E+15    2.16163E-09    1.52562E-01
    8.69133E+15    2.17060E-09    1.55450E-01
    8.70210E+15    2.17329E-09    1.56015E-01
    8.66978E+15    2.16521E-09    1.56125E-01
    8.64105E+15    2.15804E-09    2.17835E-01
    8.66619E+15    2.16432E-09    2.20376E-01
    8.66619E+15    2.16432E-09    2.21066E-01
    8.73331E+15    2.18108E-09    1.66011E-01
    8.72652E+15    2.17938E-09    1.69597E-01
    8.72652E+15    2.17938E-09    1.75937E-01
    8.71790E+15    2.17723E-09    1.76562E-01
    8.72903E+15    2.18001E-09    2.13619E-01
    8.72005E+15    2.17777E-09    2.14447E-01
    8.66260E+15    2.16342E-09    2.14592E-01
    8.75453E+15    2.18638E-09    1.50612E-01
    8.67696E+15    2.16701E-09    1.50554E-01
    8.73514E+15    2.18154E-09    1.54784E-01
    8.76315E+15    2.18853E-09    1.48945E-01
    8.76315E+15    2.18853E-09    1.49415E-01
    8.76674E+15    2.18943E-09    1.63107E-01
    8.77512E+15    2.19152E-09    1.70670E-01
    8.76674E+15    2.18943E-09    1.72227E-01
    8.76674E+15    2.18943E-09    1.74540E-01
    8.76315E+15    2.18853E-09    1.75296E-01
    8.77931E+15    2.19257E-09    1.75919E-01
    8.75237E+15    2.18584E-09    2.12782E-01
    8.78966E+15    2.19515E-09    1.62203E-01
    8.79367E+15    2.19615E-09    1.68962E-01
    8.78828E+15    2.19481E-09    1.69657E-01
    8.81821E+15    2.20228E-09    1.50346E-01
    8.80624E+15    2.19929E-09    1.50801E-01
    8.78469E+15    2.19391E-09    1.54845E-01
    8.81521E+15    2.20154E-09    1.61056E-01
    8.80983E+15    2.20019E-09    1.61689E-01
    8.81486E+15    2.20145E-09    1.64230E-01
    8.81121E+15    2.20054E-09    1.73666E-01
    8.81162E+15    2.20064E-09    1.74449E-01
    8.82778E+15    2.20467E-09    1.65502E-01
    8.83856E+15    2.20737E-09    1.67843E-01
    8.83562E+15    2.20663E-09    1.72101E-01
    8.85430E+15    2.21130E-09    1.48606E-01
    8.79187E+15    2.19571E-09    1.56691E-01
    8.87357E+15    2.21611E-09    1.63685E-01
    8.87949E+15    2.21759E-09    1.67074E-01
    8.84215E+15    2.20826E-09    1.67252E-01
    8.88263E+15    2.21837E-09    1.69165E-01
    8.88165E+15    2.21813E-09    1.77657E-01
    8.87087E+15    2.21544E-09    1.78205E-01
    8.83856E+15    2.20737E-09    2.14919E-01
    8.80624E+15    2.19929E-09    2.15235E-01
    8.91397E+15    2.22620E-09    1.50489E-01
    8.92115E+15    2.22799E-09    1.71641E-01
    8.92115E+15    2.22799E-09    1.72324E-01
    8.92572E+15    2.22913E-09    1.73945E-01
    8.91593E+15    2.22669E-09    1.76195E-01
    8.91397E+15    2.22620E-09    1.77019E-01
    8.91935E+15    2.22754E-09    1.77600E-01
    8.94509E+15    2.23397E-09    1.63608E-01
    8.92474E+15    2.22889E-09    1.70357E-01
    8.92115E+15    2.22799E-09    1.71190E-01
    8.96244E+15    2.23831E-09    1.51461E-01
    8.95466E+15    2.23636E-09    1.51974E-01
    8.92833E+15    2.22979E-09    1.51990E-01
    8.96999E+15    2.24019E-09    1.62238E-01
    8.95706E+15    2.23696E-09    1.62746E-01
    8.94413E+15    2.23373E-09    1.63058E-01
    8.96685E+15    2.23941E-09    1.65273E-01
    8.95706E+15    2.23696E-09    1.65886E-01
    8.95706E+15    2.23696E-09    1.66426E-01
    8.96903E+15    2.23995E-09    1.75115E-01
    8.94629E+15    2.23427E-09    1.75574E-01
    8.89242E+15    2.22082E-09    1.75398E-01
    8.98668E+15    2.24436E-09    1.67233E-01
    8.97591E+15    2.24167E-09    1.69425E-01
    8.95706E+15    2.23696E-09    1.73452E-01
    9.00015E+15    2.24772E-09    1.49938E-01
    8.97860E+15    2.24234E-09    1.64633E-01
    9.03367E+15    2.25609E-09    1.68272E-01
    9.01362E+15    2.25109E-09    1.68662E-01
    8.98938E+15    2.24503E-09    1.70302E-01
    8.99536E+15    2.24653E-09    1.79357E-01
    9.05499E+15    2.26142E-09    1.62385E-01
    9.06766E+15    2.26458E-09    1.73617E-01
    9.06479E+15    2.26386E-09    1.78875E-01
    9.06479E+15    2.26386E-09    1.79375E-01
    9.09130E+15    2.27049E-09    1.64869E-01
    9.07341E+15    2.26602E-09    1.73046E-01
    9.04324E+15    2.25848E-09    1.52577E-01
    9.11596E+15    2.27664E-09    1.63779E-01
    9.10788E+15    2.27463E-09    1.64284E-01
    9.06479E+15    2.26386E-09    1.66168E-01
    9.05401E+15    2.26117E-09    1.66483E-01
    9.10788E+15    2.27463E-09    1.67555E-01
    9.06048E+15    2.26279E-09    1.75963E-01
    9.13530E+15    2.28147E-09    1.68520E-01
    9.09351E+15    2.27104E-09    1.50816E-01
    9.15312E+15    2.28593E-09    1.69640E-01
    9.19406E+15    2.29615E-09    1.63596E-01
    9.19765E+15    2.29705E-09    1.64152E-01
    9.18329E+15    2.29346E-09    1.74726E-01
    9.15815E+15    2.28718E-09    1.80190E-01
    9.24213E+15    2.30815E-09    1.57603E-01
    9.23715E+15    2.30691E-09    1.66307E-01
    9.27163E+15    2.31552E-09    1.65525E-01
    9.24577E+15    2.30906E-09    1.65782E-01
    9.26947E+15    2.31498E-09    1.70006E-01
    9.31077E+15    2.32530E-09    1.57202E-01
    9.34488E+15    2.33382E-09    1.58125E-01
    9.32831E+15    2.32968E-09    1.59500E-01
    9.34880E+15    2.33479E-09    1.65177E-01
    9.34847E+15    2.33471E-09    1.65792E-01
    9.38797E+15    2.34458E-09    1.59079E-01
    9.39755E+15    2.34697E-09    1.60790E-01
    9.36643E+15    2.33920E-09    1.67447E-01
    9.42127E+15    2.35289E-09    1.67192E-01
    9.46159E+15    2.36296E-09    1.58466E-01
    9.50001E+15    2.37256E-09    1.59393E-01
    9.47416E+15    2.36610E-09    1.59620E-01
    9.47913E+15    2.36734E-09    1.60704E-01
    9.50068E+15    2.37272E-09    1.57128E-01
    9.45261E+15    2.36072E-09    1.66134E-01
    9.45261E+15    2.36072E-09    1.66588E-01
    9.56650E+15    2.38916E-09    1.60861E-01
    9.53879E+15    2.38224E-09    1.62158E-01
    9.49570E+15    2.37148E-09    1.67888E-01
    9.61241E+15    2.40063E-09    1.59668E-01
    9.62995E+15    2.40501E-09    1.58832E-01
    9.63306E+15    2.40579E-09    1.60514E-01
    9.63791E+15    2.40700E-09    1.61091E-01
    9.63673E+15    2.40670E-09    1.62358E-01
    9.65460E+15    2.41117E-09    1.58366E-01
    9.65550E+15    2.41139E-09    1.63548E-01
    9.68962E+15    2.41991E-09    1.62105E-01
    9.76233E+15    2.43807E-09    1.60780E-01
    9.78388E+15    2.44345E-09    1.60465E-01
    9.78388E+15    2.44345E-09    1.61530E-01
    9.77580E+15    2.44143E-09    1.61977E-01
    9.77580E+15    2.44143E-09    1.62489E-01
    9.78777E+15    2.44442E-09    1.63571E-01
    9.77580E+15    2.44143E-09    1.64019E-01
    9.81027E+15    2.45004E-09    1.59777E-01
    9.78442E+15    2.44359E-09    1.60022E-01
    9.79196E+15    2.44547E-09    1.64735E-01
    9.84762E+15    2.45937E-09    1.63673E-01
    9.93837E+15    2.48204E-09    1.62204E-01
    9.90507E+15    2.47372E-09    1.62492E-01
    9.86916E+15    2.46475E-09    1.62740E-01
    9.93159E+15    2.48034E-09    1.65329E-01
    9.96013E+15    2.48747E-09    1.60946E-01
    9.94816E+15    2.48448E-09    1.61404E-01
    9.94278E+15    2.48314E-09    1.61804E-01
    9.95624E+15    2.48650E-09    1.66119E-01
    9.99126E+15    2.49524E-09    1.65146E-01
    1.00178E+16    2.50187E-09    1.93092E-01
    1.00645E+16    2.51354E-09    1.92724E-01
    1.00609E+16    2.51263E-09    1.97788E-01
    1.00892E+16    2.51970E-09    1.66554E-01
    1.00990E+16    2.52215E-09    1.61789E-01
    1.01071E+16    2.52417E-09    1.62555E-01
    1.00882E+16    2.51946E-09    1.62833E-01
    1.00559E+16    2.51139E-09    1.63008E-01
    1.00936E+16    2.52080E-09    1.67215E-01
    1.01335E+16    2.53076E-09    1.92775E-01
    1.01732E+16    2.54068E-09    1.94691E-01
    1.01941E+16    2.54591E-09    1.61281E-01
    1.01852E+16    2.54367E-09    1.61876E-01
    1.02148E+16    2.55107E-09    1.60793E-01
    1.02229E+16    2.55309E-09    1.94654E-01
    1.02249E+16    2.55361E-09    1.98989E-01
    1.01636E+16    2.53829E-09    1.98934E-01
    1.02229E+16    2.55309E-09    1.67768E-01
    1.02459E+16    2.55884E-09    1.63142E-01
    1.02541E+16    2.56089E-09    1.63812E-01
    1.02548E+16    2.56106E-09    1.68792E-01
    1.02537E+16    2.56079E-09    1.93037E-01
    1.02714E+16    2.56520E-09    1.94016E-01
    1.02875E+16    2.56923E-09    1.94618E-01
    1.03046E+16    2.57351E-09    1.98552E-01
    1.03203E+16    2.57742E-09    1.96569E-01
    1.03198E+16    2.57730E-09    1.97463E-01
    1.03410E+16    2.58258E-09    1.62656E-01
    1.03360E+16    2.58134E-09    1.63332E-01
    1.03360E+16    2.58134E-09    1.92088E-01
    1.03629E+16    2.58806E-09    1.98433E-01
    1.03575E+16    2.58672E-09    1.62042E-01
    1.03575E+16    2.58672E-09    1.93032E-01
    1.03599E+16    2.58732E-09    1.95927E-01
    1.03665E+16    2.58896E-09    2.00340E-01
    1.03575E+16    2.58672E-09    2.00993E-01
    1.04078E+16    2.59927E-09    1.64349E-01
    1.04023E+16    2.59789E-09    1.65064E-01
    1.03611E+16    2.58762E-09    1.69781E-01
    1.04006E+16    2.59748E-09    1.94265E-01
    1.04311E+16    2.60510E-09    1.95689E-01
    1.04527E+16    2.61048E-09    1.60490E-01
    1.04527E+16    2.61048E-09    1.92720E-01
    1.04502E+16    2.60986E-09    2.00316E-01
    1.04487E+16    2.60948E-09    2.41337E-01
    1.04724E+16    2.61542E-09    1.97805E-01
    1.04653E+16    2.61362E-09    1.98456E-01
    1.04629E+16    2.61303E-09    2.43656E-01
    1.04731E+16    2.61558E-09    2.44877E-01
    1.04927E+16    2.62047E-09    1.63712E-01
    1.04868E+16    2.61900E-09    1.64292E-01
    1.04868E+16    2.61900E-09    1.99353E-01
    1.04904E+16    2.61990E-09    1.99978E-01
    1.05114E+16    2.62515E-09    1.63324E-01
    1.05162E+16    2.62634E-09    1.94384E-01
    1.05203E+16    2.62737E-09    1.97512E-01
    1.05084E+16    2.62439E-09    2.02031E-01
    1.05593E+16    2.63710E-09    1.65643E-01
    1.05417E+16    2.63270E-09    1.66195E-01
    1.05634E+16    2.63814E-09    1.95496E-01
    1.05514E+16    2.63515E-09    1.96150E-01
    1.05634E+16    2.63814E-09    2.43919E-01
    1.05811E+16    2.64255E-09    1.97016E-01
    1.05892E+16    2.64456E-09    1.97743E-01
    1.06063E+16    2.64884E-09    1.61665E-01
    1.05514E+16    2.63515E-09    1.61554E-01
    1.05995E+16    2.64715E-09    1.93792E-01
    1.06075E+16    2.64914E-09    1.94702E-01
    1.05622E+16    2.63784E-09    2.01413E-01
    1.06063E+16    2.64884E-09    2.42745E-01
    1.05902E+16    2.64483E-09    2.43496E-01
    1.06251E+16    2.65353E-09    1.63796E-01
    1.06209E+16    2.65249E-09    1.99192E-01
    1.06290E+16    2.65452E-09    2.45618E-01
    1.05853E+16    2.64360E-09    2.46112E-01
    1.06426E+16    2.65791E-09    1.65459E-01
    1.06506E+16    2.65990E-09    1.66205E-01
    1.06337E+16    2.65569E-09    1.74090E-01
    1.05730E+16    2.64053E-09    2.00608E-01
    1.06592E+16    2.66205E-09    1.64785E-01
    1.06053E+16    2.64860E-09    2.02866E-01
    1.06682E+16    2.66429E-09    2.36953E-01
    1.06538E+16    2.66071E-09    2.37993E-01
    1.06897E+16    2.66967E-09    1.77212E-01
    1.06944E+16    2.67086E-09    1.99287E-01
    1.07090E+16    2.67449E-09    1.67403E-01
    1.07140E+16    2.67575E-09    1.75354E-01
    1.07112E+16    2.67506E-09    1.96231E-01
    1.07023E+16    2.67281E-09    1.97028E-01
    1.07319E+16    2.68021E-09    1.97930E-01
    1.07238E+16    2.67819E-09    1.98556E-01
    1.07382E+16    2.68178E-09    1.99362E-01
    1.07319E+16    2.68021E-09    2.39584E-01
    1.07454E+16    2.68358E-09    1.62648E-01
    1.07454E+16    2.68358E-09    1.63134E-01
    1.07543E+16    2.68582E-09    1.74713E-01
    1.07130E+16    2.67550E-09    1.94604E-01
    1.07454E+16    2.68358E-09    1.95618E-01
    1.07573E+16    2.68656E-09    2.44061E-01
    1.07454E+16    2.68358E-09    2.44861E-01
    1.07454E+16    2.68358E-09    2.45711E-01
    1.07669E+16    2.68896E-09    1.64786E-01
    1.07669E+16    2.68896E-09    1.65286E-01
    1.07669E+16    2.68896E-09    2.46781E-01
    1.07669E+16    2.68896E-09    2.47525E-01
    1.07934E+16    2.69558E-09    1.66294E-01
    1.07885E+16    2.69434E-09    1.66980E-01
    1.08014E+16    2.69757E-09    1.67589E-01
    1.08150E+16    2.70096E-09    1.64389E-01
    1.08190E+16    2.70196E-09    1.77336E-01
    1.08035E+16    2.69810E-09    1.79732E-01
    1.08229E+16    2.70295E-09    1.80644E-01
    1.08028E+16    2.69792E-09    1.83066E-01
    1.08190E+16    2.70196E-09    2.38031E-01
    1.08100E+16    2.69972E-09    2.39052E-01
    1.08136E+16    2.70061E-09    2.39861E-01
    1.08396E+16    2.70712E-09    1.78247E-01
    1.08235E+16    2.70308E-09    1.78721E-01
    1.08208E+16    2.70241E-09    2.00300E-01
    1.08560E+16    2.71120E-09    1.68647E-01
    1.08531E+16    2.71048E-09    1.76366E-01
    1.08581E+16    2.71172E-09    1.84428E-01
    1.08651E+16    2.71347E-09    1.97346E-01
    1.08612E+16    2.71250E-09    1.98155E-01
    1.08998E+16    2.72214E-09    1.77498E-01
    1.08876E+16    2.71909E-09    1.83411E-01
    1.08531E+16    2.71048E-09    1.98598E-01
    1.08531E+16    2.71048E-09    1.99284E-01
    1.08531E+16    2.71048E-09    1.99931E-01
    1.08660E+16    2.71371E-09    2.40971E-01
    1.08962E+16    2.72124E-09    1.63861E-01
    1.08962E+16    2.72124E-09    1.64354E-01
    1.08962E+16    2.72124E-09    1.75966E-01
    1.09091E+16    2.72447E-09    1.79827E-01
    1.09081E+16    2.72423E-09    1.85462E-01
    1.08919E+16    2.72017E-09    1.97146E-01
    1.08746E+16    2.71586E-09    2.45263E-01
    1.08962E+16    2.72124E-09    2.46275E-01
    1.09081E+16    2.72423E-09    2.47339E-01
    1.09297E+16    2.72961E-09    1.66022E-01
    1.09177E+16    2.72662E-09    1.66529E-01
    1.09295E+16    2.72956E-09    1.82060E-01
    1.08703E+16    2.71478E-09    2.47895E-01
    1.09442E+16    2.73325E-09    1.67357E-01
    1.09393E+16    2.73200E-09    1.67696E-01
    1.09393E+16    2.73200E-09    1.68340E-01
    1.09522E+16    2.73523E-09    1.68930E-01
    1.09737E+16    2.74061E-09    1.65393E-01
    1.09565E+16    2.73631E-09    1.65863E-01
    1.09626E+16    2.73783E-09    1.81226E-01
    1.09752E+16    2.74097E-09    1.81849E-01
    1.09726E+16    2.74032E-09    2.39042E-01
    1.09608E+16    2.73738E-09    2.39956E-01
    1.09608E+16    2.73738E-09    2.40778E-01
    1.09608E+16    2.73738E-09    2.41519E-01
    1.09953E+16    2.74599E-09    1.79031E-01
    1.09824E+16    2.74277E-09    1.79605E-01
    1.10039E+16    2.74815E-09    1.69974E-01
    1.10129E+16    2.75039E-09    1.71010E-01
    1.10157E+16    2.75108E-09    1.77541E-01
    1.09967E+16    2.74635E-09    1.85214E-01
    1.09500E+16    2.73469E-09    1.98311E-01
    1.10335E+16    2.75554E-09    1.78372E-01
    1.10255E+16    2.75353E-09    1.78867E-01
    1.10344E+16    2.75577E-09    1.84719E-01
    1.10255E+16    2.75353E-09    1.65067E-01
    1.10659E+16    2.76362E-09    1.77304E-01
    1.10599E+16    2.76214E-09    1.80732E-01
    1.10506E+16    2.75980E-09    1.81358E-01
    1.10470E+16    2.75891E-09    1.86504E-01
    1.10101E+16    2.74968E-09    2.47628E-01
    1.10744E+16    2.76576E-09    1.67389E-01
    1.10962E+16    2.77121E-09    1.71037E-01
    1.10766E+16    2.76631E-09    1.76741E-01
    1.10775E+16    2.76653E-09    1.83023E-01
    1.10997E+16    2.77206E-09    1.68286E-01
    1.10901E+16    2.76967E-09    1.68720E-01
    1.10255E+16    2.75353E-09    1.68591E-01
    1.10532E+16    2.76045E-09    1.69488E-01
    1.11234E+16    2.77799E-09    1.66417E-01
    1.11116E+16    2.77505E-09    1.66974E-01
    1.11236E+16    2.77804E-09    1.82672E-01
    1.11116E+16    2.77505E-09    2.39804E-01
    1.11116E+16    2.77505E-09    2.40621E-01
    1.11116E+16    2.77505E-09    2.41442E-01
    1.11234E+16    2.77799E-09    2.42598E-01
    1.10685E+16    2.76429E-09    2.42620E-01
    1.11267E+16    2.77882E-09    1.72351E-01
    1.11449E+16    2.78337E-09    1.80626E-01
    1.11637E+16    2.78805E-09    1.86749E-01
    1.11892E+16    2.79442E-09    1.79189E-01
    1.11763E+16    2.79119E-09    1.79740E-01
    1.11727E+16    2.79030E-09    1.80226E-01
    1.11880E+16    2.79413E-09    1.85724E-01
    1.11601E+16    2.78716E-09    1.86047E-01
    1.12059E+16    2.79859E-09    1.78660E-01
    1.12096E+16    2.79951E-09    1.82142E-01
    1.11978E+16    2.79657E-09    1.82760E-01
    1.12059E+16    2.79859E-09    1.87876E-01
    1.12194E+16    2.80196E-09    1.68514E-01
    1.12194E+16    2.80196E-09    1.71667E-01
    1.12194E+16    2.80196E-09    1.72188E-01
    1.12194E+16    2.80196E-09    1.72710E-01
    1.12283E+16    2.80420E-09    1.77863E-01
    1.12050E+16    2.79837E-09    1.78268E-01
    1.12283E+16    2.80420E-09    1.84470E-01
    1.12476E+16    2.80902E-09    1.69668E-01
    1.12625E+16    2.81272E-09    1.67155E-01
    1.12625E+16    2.81272E-09    1.67656E-01
    1.12625E+16    2.81272E-09    1.68159E-01
    1.12744E+16    2.81571E-09    1.84212E-01
    1.12625E+16    2.81272E-09    2.41348E-01
    1.12625E+16    2.81272E-09    2.42184E-01
    1.12625E+16    2.81272E-09    2.42979E-01
    1.12409E+16    2.80734E-09    2.43591E-01
    1.12867E+16    2.81877E-09    1.73658E-01
    1.12905E+16    2.81971E-09    1.82119E-01
    1.13114E+16    2.82495E-09    1.88214E-01
    1.13400E+16    2.83209E-09    1.80556E-01
    1.13271E+16    2.82886E-09    1.81156E-01
    1.13271E+16    2.82886E-09    1.81714E-01
    1.13388E+16    2.83179E-09    1.86929E-01
    1.13271E+16    2.82886E-09    1.87556E-01
    1.13567E+16    2.83626E-09    1.80041E-01
    1.13604E+16    2.83718E-09    1.83506E-01
    1.13486E+16    2.83424E-09    1.84167E-01
    1.13486E+16    2.83424E-09    1.89087E-01
    1.13750E+16    2.84082E-09    1.69484E-01
    1.13752E+16    2.84086E-09    1.73033E-01
    1.13702E+16    2.83962E-09    1.73736E-01
    1.13702E+16    2.83962E-09    1.78786E-01
    1.13702E+16    2.83962E-09    1.79333E-01
    1.13558E+16    2.83603E-09    1.79732E-01
    1.13678E+16    2.83902E-09    1.85640E-01
    1.13893E+16    2.84440E-09    1.70252E-01
    1.13343E+16    2.83065E-09    1.70435E-01
    1.14183E+16    2.85163E-09    1.68594E-01
    1.13810E+16    2.84231E-09    1.68986E-01
    1.14160E+16    2.85106E-09    1.85260E-01
    1.13486E+16    2.83424E-09    2.42330E-01
    1.13486E+16    2.83424E-09    2.43386E-01
    1.14366E+16    2.85621E-09    1.74838E-01
    1.14324E+16    2.85517E-09    1.83070E-01
    1.14761E+16    2.86608E-09    1.89561E-01
    1.14869E+16    2.86877E-09    1.73171E-01
    1.14755E+16    2.86593E-09    1.81953E-01
    1.14908E+16    2.86975E-09    1.82794E-01
    1.14779E+16    2.86653E-09    1.87814E-01
    1.14779E+16    2.86653E-09    1.88398E-01
    1.14650E+16    2.86330E-09    1.88865E-01
    1.14995E+16    2.87191E-09    1.81466E-01
    1.14995E+16    2.87191E-09    1.84432E-01
    1.14995E+16    2.87191E-09    1.85141E-01
    1.15081E+16    2.87406E-09    1.90163E-01
    1.14671E+16    2.86384E-09    1.69874E-01
    1.15260E+16    2.87853E-09    1.74495E-01
    1.15339E+16    2.88052E-09    1.75271E-01
    1.15210E+16    2.87729E-09    1.79979E-01
    1.15210E+16    2.87729E-09    1.80529E-01
    1.15210E+16    2.87729E-09    1.81081E-01
    1.15243E+16    2.87812E-09    1.86706E-01
    1.15102E+16    2.87460E-09    1.69222E-01
    1.15641E+16    2.88805E-09    1.86361E-01
    1.15986E+16    2.89666E-09    1.76109E-01
    1.15943E+16    2.89558E-09    1.84552E-01
    1.16287E+16    2.90419E-09    1.74026E-01
    1.16287E+16    2.90419E-09    1.74567E-01
    1.16164E+16    2.90112E-09    1.82772E-01
    1.15964E+16    2.89612E-09    1.83727E-01
    1.15749E+16    2.89074E-09    1.88883E-01
    1.16108E+16    2.89971E-09    1.89847E-01
    1.15910E+16    2.89478E-09    1.90261E-01
    1.16623E+16    2.91256E-09    1.82587E-01
    1.16601E+16    2.91202E-09    1.85897E-01
    1.16503E+16    2.90957E-09    1.86549E-01
    1.15856E+16    2.89343E-09    1.90686E-01
    1.16838E+16    2.91794E-09    1.75577E-01
    1.16790E+16    2.91675E-09    1.76087E-01
    1.16287E+16    2.90419E-09    1.81265E-01
    1.16799E+16    2.91697E-09    1.82090E-01
    1.16287E+16    2.90419E-09    1.87601E-01
    1.17239E+16    2.92796E-09    1.73692E-01
    1.17383E+16    2.93155E-09    1.77100E-01
    1.17149E+16    2.92572E-09    1.85533E-01
    1.17796E+16    2.94186E-09    1.75034E-01
    1.17796E+16    2.94186E-09    1.75559E-01
    1.17709E+16    2.93971E-09    1.86625E-01
    1.17526E+16    2.93513E-09    1.87214E-01
    1.18307E+16    2.95464E-09    1.76439E-01
    1.18226E+16    2.95262E-09    1.76959E-01
    1.17580E+16    2.93648E-09    1.82656E-01
    1.18707E+16    2.96462E-09    1.74573E-01
    1.18011E+16    2.94724E-09    1.74411E-01
    1.18873E+16    2.96876E-09    1.78050E-01
    1.19353E+16    2.98077E-09    1.76153E-01
    1.19376E+16    2.98132E-09    1.76906E-01
    1.19854E+16    2.99328E-09    1.77781E-01
    1.19799E+16    2.99190E-09    1.79090E-01
    1.20000E+16    2.99691E-09    1.99900E-01
    1.20166E+16    3.00105E-09    1.75476E-01
    1.20166E+16    3.00105E-09    1.75999E-01
    1.20510E+16    3.00966E-09    1.78863E-01
    1.20431E+16    3.00767E-09    1.98147E-01
    1.20839E+16    3.01786E-09    1.77074E-01
    1.20812E+16    3.01719E-09    1.77631E-01
    1.20862E+16    3.01843E-09    1.96206E-01
    1.21117E+16    3.02481E-09    1.84130E-01
    1.21360E+16    3.03089E-09    1.78651E-01
    1.21360E+16    3.03089E-09    1.80186E-01
    1.21243E+16    3.02795E-09    1.84957E-01
    1.21171E+16    3.02616E-09    2.01225E-01
    1.21548E+16    3.03558E-09    2.00654E-01
    1.21724E+16    3.03996E-09    1.76784E-01
    1.21755E+16    3.04073E-09    1.99953E-01
    1.22019E+16    3.04732E-09    1.80063E-01
    1.21939E+16    3.04534E-09    1.98921E-01
    1.21889E+16    3.04410E-09    1.99604E-01
    1.22234E+16    3.05271E-09    1.85917E-01
    1.22401E+16    3.05688E-09    1.77978E-01
    1.22320E+16    3.05486E-09    1.78506E-01
    1.22320E+16    3.05486E-09    1.97293E-01
    1.22370E+16    3.05610E-09    2.05956E-01
    1.22536E+16    3.06024E-09    1.85044E-01
    1.22585E+16    3.06148E-09    1.92999E-01
    1.22585E+16    3.06148E-09    1.94598E-01
    1.22871E+16    3.06861E-09    1.79414E-01
    1.22751E+16    3.06562E-09    1.79948E-01
    1.22775E+16    3.06622E-09    1.81204E-01
    1.22751E+16    3.06562E-09    1.85771E-01
    1.22871E+16    3.06861E-09    2.02371E-01
    1.22841E+16    3.06786E-09    2.05074E-01
    1.23084E+16    3.07394E-09    1.96593E-01
    1.23047E+16    3.07302E-09    2.01795E-01
    1.23209E+16    3.07705E-09    2.07074E-01
    1.22967E+16    3.07100E-09    1.77443E-01
    1.23139E+16    3.07531E-09    1.78149E-01
    1.23263E+16    3.07840E-09    2.01281E-01
    1.23232E+16    3.07762E-09    2.03999E-01
    1.23326E+16    3.07997E-09    2.04861E-01
    1.23527E+16    3.08499E-09    1.81012E-01
    1.23586E+16    3.08647E-09    1.97719E-01
    1.23447E+16    3.08300E-09    1.99695E-01
    1.23469E+16    3.08356E-09    2.00534E-01
    1.23254E+16    3.07817E-09    2.00852E-01
    1.23694E+16    3.08916E-09    1.86893E-01
    1.23926E+16    3.09497E-09    1.79270E-01
    1.23948E+16    3.09551E-09    1.98629E-01
    1.23946E+16    3.09546E-09    2.06896E-01
    1.23878E+16    3.09377E-09    2.38115E-01
    1.24044E+16    3.09790E-09    1.86155E-01
    1.24044E+16    3.09790E-09    1.94011E-01
    1.23994E+16    3.09666E-09    1.95575E-01
    1.24309E+16    3.10453E-09    1.80514E-01
    1.24283E+16    3.10388E-09    1.81991E-01
    1.24352E+16    3.10559E-09    1.86870E-01
    1.24259E+16    3.10329E-09    2.03631E-01
    1.24379E+16    3.10628E-09    2.06423E-01
    1.24594E+16    3.11166E-09    1.97576E-01
    1.24556E+16    3.11068E-09    2.03294E-01
    1.24475E+16    3.10867E-09    2.08098E-01
    1.24592E+16    3.11160E-09    2.37295E-01
    1.24690E+16    3.11405E-09    2.02696E-01
    1.24729E+16    3.11503E-09    2.04831E-01
    1.24690E+16    3.11405E-09    2.05584E-01
    1.24690E+16    3.11405E-09    2.06046E-01
    1.25035E+16    3.12266E-09    1.81909E-01
    1.25025E+16    3.12242E-09    1.98574E-01
    1.24995E+16    3.12167E-09    2.00325E-01
    1.24786E+16    3.11644E-09    2.01100E-01
    1.25035E+16    3.12266E-09    2.01867E-01
    1.25025E+16    3.12242E-09    2.36590E-01
    1.25043E+16    3.12285E-09    2.39759E-01
    1.25239E+16    3.12774E-09    1.87974E-01
    1.25202E+16    3.12683E-09    2.35852E-01
    1.25386E+16    3.13143E-09    1.79551E-01
    1.25337E+16    3.13019E-09    1.80269E-01
    1.25408E+16    3.13198E-09    1.80805E-01
    1.25386E+16    3.13143E-09    1.95530E-01
    1.25456E+16    3.13318E-09    1.99562E-01
    1.25638E+16    3.13772E-09    2.01974E-01
    1.25454E+16    3.13313E-09    2.08197E-01
    1.25456E+16    3.13318E-09    2.39195E-01
    1.25670E+16    3.13851E-09    1.94737E-01
    1.25642E+16    3.13781E-09    2.09667E-01
    1.25432E+16    3.13258E-09    2.10505E-01
    1.25768E+16    3.14095E-09    1.81764E-01
    1.25768E+16    3.14095E-09    1.87535E-01
    1.25887E+16    3.14394E-09    2.07851E-01
    1.26103E+16    3.14932E-09    1.94288E-01
    1.26073E+16    3.14858E-09    1.97333E-01
    1.25929E+16    3.14499E-09    1.98134E-01
    1.26100E+16    3.14927E-09    2.04455E-01
    1.25983E+16    3.14633E-09    2.05176E-01
    1.26103E+16    3.14932E-09    2.11550E-01
    1.25983E+16    3.14633E-09    2.38671E-01
    1.26055E+16    3.14813E-09    2.03925E-01
    1.26279E+16    3.15373E-09    2.06044E-01
    1.26198E+16    3.15171E-09    2.06677E-01
    1.26198E+16    3.15171E-09    2.07317E-01
    1.26543E+16    3.16032E-09    1.82913E-01
    1.26091E+16    3.14902E-09    1.83018E-01
    1.26504E+16    3.15934E-09    1.99406E-01
    1.26453E+16    3.15807E-09    2.01173E-01
    1.26306E+16    3.15440E-09    2.01914E-01
    1.26464E+16    3.15834E-09    2.37957E-01
    1.26504E+16    3.15934E-09    2.40967E-01
    1.26629E+16    3.16248E-09    1.88995E-01
    1.26629E+16    3.16248E-09    2.36935E-01
    1.26895E+16    3.16910E-09    1.80446E-01
    1.26198E+16    3.15171E-09    1.80347E-01
    1.26581E+16    3.16128E-09    1.81413E-01
    1.26962E+16    3.17079E-09    1.96616E-01
    1.26845E+16    3.16786E-09    1.97273E-01
    1.26965E+16    3.17085E-09    2.00699E-01
    1.26943E+16    3.17030E-09    2.03099E-01
    1.26923E+16    3.16981E-09    2.09911E-01
    1.26965E+16    3.17085E-09    2.40149E-01
    1.27141E+16    3.17526E-09    1.95995E-01
    1.27141E+16    3.17526E-09    2.10951E-01
    1.27060E+16    3.17324E-09    2.11591E-01
    1.27276E+16    3.17862E-09    1.88621E-01
    1.27325E+16    3.17986E-09    1.94530E-01
    1.27365E+16    3.18086E-09    2.09185E-01
    1.27611E+16    3.18699E-09    1.95754E-01
    1.27581E+16    3.18624E-09    1.98832E-01
    1.27527E+16    3.18490E-09    1.99570E-01
    1.27563E+16    3.18579E-09    2.04222E-01
    1.27491E+16    3.18400E-09    2.06073E-01
    1.27491E+16    3.18400E-09    2.12643E-01
    1.27620E+16    3.18723E-09    2.39770E-01
    1.27826E+16    3.19237E-09    2.05325E-01
    1.27743E+16    3.19028E-09    2.07318E-01
    1.27707E+16    3.18938E-09    2.08217E-01
    1.27868E+16    3.19342E-09    2.08792E-01
    1.27922E+16    3.19476E-09    1.83819E-01
    1.28042E+16    3.19775E-09    2.00604E-01
    1.28076E+16    3.19860E-09    2.02053E-01
    1.28040E+16    3.19770E-09    2.38765E-01
    1.27922E+16    3.19476E-09    2.41879E-01
    1.28255E+16    3.20308E-09    1.89737E-01
    1.28138E+16    3.20014E-09    1.90358E-01
    1.27994E+16    3.19655E-09    2.38157E-01
    1.28057E+16    3.19812E-09    1.81236E-01
    1.28471E+16    3.20846E-09    1.97902E-01
    1.28353E+16    3.20552E-09    1.98614E-01
    1.28473E+16    3.20851E-09    2.01624E-01
    1.28353E+16    3.20552E-09    2.04049E-01
    1.28443E+16    3.20777E-09    2.11022E-01
    1.28664E+16    3.21330E-09    2.41635E-01
    1.28568E+16    3.21090E-09    1.97227E-01
    1.28649E+16    3.21292E-09    2.12061E-01
    1.28568E+16    3.21090E-09    2.12728E-01
    1.28865E+16    3.21830E-09    1.95449E-01
    1.28784E+16    3.21628E-09    1.96011E-01
    1.28874E+16    3.21853E-09    2.10149E-01
    1.28353E+16    3.20552E-09    1.81701E-01
    1.29095E+16    3.22406E-09    1.96905E-01
    1.29129E+16    3.22489E-09    1.99901E-01
    1.28999E+16    3.22167E-09    2.00522E-01
    1.29129E+16    3.22489E-09    2.05253E-01
    1.29049E+16    3.22291E-09    2.06953E-01
    1.29053E+16    3.22301E-09    2.13653E-01
    1.29080E+16    3.22368E-09    2.40648E-01
    1.29215E+16    3.22705E-09    2.06104E-01
    1.28676E+16    3.21359E-09    2.07513E-01
    1.29107E+16    3.22436E-09    2.09344E-01
    1.28856E+16    3.21808E-09    1.84462E-01
    1.29215E+16    3.22705E-09    2.01389E-01
    1.29430E+16    3.23243E-09    2.03333E-01
    1.29509E+16    3.23438E-09    2.40092E-01
    1.29538E+16    3.23512E-09    1.90362E-01
    1.29603E+16    3.23673E-09    1.91076E-01
    1.28999E+16    3.22167E-09    2.39028E-01
    1.29911E+16    3.24443E-09    1.99180E-01
    1.29990E+16    3.24642E-09    1.99894E-01
    1.29323E+16    3.22974E-09    2.02164E-01
    1.29677E+16    3.23858E-09    2.11756E-01
    1.29947E+16    3.24534E-09    2.42183E-01
    1.29797E+16    3.24158E-09    2.43091E-01
    1.30107E+16    3.24934E-09    1.91635E-01
    1.30077E+16    3.24857E-09    1.98426E-01
    1.29984E+16    3.24626E-09    2.12867E-01
    1.29969E+16    3.24588E-09    2.13572E-01
    1.30253E+16    3.25297E-09    1.96375E-01
    1.30292E+16    3.25395E-09    1.97131E-01
    1.30637E+16    3.26256E-09    1.98083E-01
    1.30034E+16    3.24749E-09    2.01035E-01
    1.29861E+16    3.24319E-09    2.05777E-01
    1.29933E+16    3.24498E-09    2.07381E-01
    1.30077E+16    3.24857E-09    2.14243E-01
    1.30077E+16    3.24857E-09    2.06520E-01
    1.30364E+16    3.25574E-09    2.03983E-01
    1.30615E+16    3.26202E-09    2.41509E-01
    1.31010E+16    3.27189E-09    2.42501E-01
    1.30885E+16    3.26875E-09    2.00307E-01
    1.31403E+16    3.28168E-09    2.43868E-01
    1.31542E+16    3.28516E-09    1.99202E-01
    1.31585E+16    3.28624E-09    2.44465E-01
    1.31585E+16    3.28624E-09    1.97465E-01
    1.31800E+16    3.29162E-09    1.98190E-01
    1.32059E+16    3.29807E-09    1.99064E-01
    1.32447E+16    3.30776E-09    2.43500E-01
    1.32993E+16    3.32139E-09    2.44875E-01
    1.33309E+16    3.32928E-09    1.99043E-01
    1.33491E+16    3.33384E-09    1.99880E-01
    1.34386E+16    3.35619E-09    2.45095E-01
    1.34336E+16    3.35495E-09    2.46074E-01
    1.34386E+16    3.35619E-09    1.99900E-01
    1.35420E+16    3.38202E-09    2.46263E-01
    1.41115E+16    3.52424E-09    1.96855E-01
    1.42142E+16    3.54990E-09    1.99347E-01
    1.42703E+16    3.56389E-09    1.97797E-01
    1.42492E+16    3.55864E-09    1.98350E-01
    1.42789E+16    3.56604E-09    1.98924E-01
    1.43651E+16    3.58757E-09    1.99897E-01
    1.43615E+16    3.58667E-09    2.00729E-01
    1.44081E+16    3.59833E-09    1.98379E-01
    1.44081E+16    3.59833E-09    1.99110E-01
    1.44674E+16    3.61313E-09    2.01843E-01
    1.44826E+16    3.61692E-09    2.00138E-01
    1.45061E+16    3.62279E-09    1.98495E-01
    1.45719E+16    3.63922E-09    1.99728E-01
    1.46110E+16    3.64900E-09    2.02318E-01
    1.46021E+16    3.64676E-09    2.02929E-01
    1.46365E+16    3.65537E-09    2.00728E-01
    1.46236E+16    3.65214E-09    2.01396E-01
    1.46451E+16    3.65752E-09    1.99225E-01
    1.47179E+16    3.67568E-09    2.00187E-01
    1.47658E+16    3.68765E-09    2.02773E-01
    1.47411E+16    3.68149E-09    2.03515E-01
    1.47873E+16    3.69303E-09    2.01181E-01
    1.47744E+16    3.68980E-09    2.01837E-01
    1.47583E+16    3.68577E-09    2.02293E-01
    1.47996E+16    3.69608E-09    2.00297E-01
    1.48391E+16    3.70595E-09    2.04373E-01
    1.49064E+16    3.72276E-09    2.04236E-01
    1.49342E+16    3.72971E-09    2.01718E-01
    1.49252E+16    3.72747E-09    2.02482E-01
    1.49203E+16    3.72623E-09    2.03245E-01
    1.49302E+16    3.72871E-09    2.06171E-01
    1.49468E+16    3.73285E-09    2.01426E-01
    1.50114E+16    3.74899E-09    2.05354E-01
    1.50545E+16    3.75976E-09    2.04466E-01
    1.50545E+16    3.75976E-09    2.05062E-01
    1.50761E+16    3.76514E-09    2.02831E-01
    1.50761E+16    3.76514E-09    2.03418E-01
    1.50761E+16    3.76514E-09    2.04007E-01
    1.50868E+16    3.76783E-09    2.06834E-01
    1.50761E+16    3.76514E-09    2.07510E-01
    1.50976E+16    3.77052E-09    2.02375E-01
    1.51622E+16    3.78666E-09    2.06309E-01
    1.51838E+16    3.79204E-09    2.00202E-01
    1.52053E+16    3.79742E-09    2.05371E-01
    1.52053E+16    3.79742E-09    2.05971E-01
    1.52350E+16    3.80482E-09    2.03728E-01
    1.52269E+16    3.80280E-09    2.04333E-01
    1.52269E+16    3.80280E-09    2.04924E-01
    1.52319E+16    3.80405E-09    2.07678E-01
    1.52197E+16    3.80101E-09    2.08523E-01
    1.52412E+16    3.80639E-09    2.03245E-01
    1.52807E+16    3.81626E-09    2.01141E-01
    1.53170E+16    3.82531E-09    2.02690E-01
    1.53174E+16    3.82540E-09    2.07127E-01
    1.53195E+16    3.82594E-09    2.09334E-01
    1.53466E+16    3.83270E-09    2.01047E-01
    1.53605E+16    3.83617E-09    2.06524E-01
    1.53813E+16    3.84137E-09    2.04836E-01
    1.53777E+16    3.84047E-09    2.05602E-01
    1.53831E+16    3.84182E-09    2.06072E-01
    1.53777E+16    3.84047E-09    2.08447E-01
    1.53906E+16    3.84370E-09    2.09087E-01
    1.53993E+16    3.84585E-09    2.04116E-01
    1.54473E+16    3.85785E-09    2.02975E-01
    1.54666E+16    3.86267E-09    2.04032E-01
    1.54729E+16    3.86424E-09    2.07854E-01
    1.54423E+16    3.85661E-09    2.08260E-01
    1.54675E+16    3.86289E-09    2.09899E-01
    1.54854E+16    3.86737E-09    2.01974E-01
    1.55350E+16    3.87975E-09    2.05539E-01
    1.55285E+16    3.87814E-09    2.06222E-01
    1.55285E+16    3.87814E-09    2.06816E-01
    1.55357E+16    3.87993E-09    2.07400E-01
    1.55285E+16    3.87814E-09    2.09301E-01
    1.55357E+16    3.87993E-09    2.09869E-01
    1.55836E+16    3.89189E-09    2.05120E-01
    1.56049E+16    3.89721E-09    2.03514E-01
    1.55932E+16    3.89428E-09    2.04181E-01
    1.56291E+16    3.90325E-09    2.05141E-01
    1.56219E+16    3.90145E-09    2.08471E-01
    1.56147E+16    3.89966E-09    2.09093E-01
    1.56255E+16    3.90235E-09    2.10906E-01
    1.56282E+16    3.90302E-09    2.02758E-01
    1.56837E+16    3.91688E-09    2.06536E-01
    1.56793E+16    3.91580E-09    2.07270E-01
    1.56793E+16    3.91580E-09    2.07854E-01
    1.56793E+16    3.91580E-09    2.10236E-01
    1.57416E+16    3.93135E-09    2.03803E-01
    1.57322E+16    3.92901E-09    2.04591E-01
    1.57773E+16    3.94026E-09    2.06073E-01
    1.57117E+16    3.92387E-09    2.06195E-01
    1.57775E+16    3.94032E-09    2.08968E-01
    1.57655E+16    3.93733E-09    2.09602E-01
    1.57691E+16    3.93822E-09    2.10225E-01
    1.57775E+16    3.94032E-09    2.11387E-01
    1.57655E+16    3.93733E-09    2.11969E-01
    1.58326E+16    3.95407E-09    2.03925E-01
    1.58421E+16    3.95646E-09    2.05648E-01
    1.58266E+16    3.95257E-09    2.07454E-01
    1.58302E+16    3.95347E-09    2.08213E-01
    1.58345E+16    3.95455E-09    2.08794E-01
    1.58490E+16    3.95818E-09    2.11081E-01
    1.59020E+16    3.97141E-09    2.05153E-01
    1.59281E+16    3.97793E-09    2.06765E-01
    1.59281E+16    3.97793E-09    2.09980E-01
    1.58840E+16    3.96692E-09    2.10329E-01
    1.59217E+16    3.97634E-09    2.12292E-01
    1.59634E+16    3.98673E-09    2.07818E-01
    1.59849E+16    3.99211E-09    2.04845E-01
    1.59860E+16    3.99238E-09    2.09165E-01
    1.59656E+16    3.98729E-09    2.11546E-01
    1.60268E+16    4.00257E-09    2.06526E-01
    1.60456E+16    4.00728E-09    2.06017E-01
    1.60791E+16    4.01565E-09    2.07597E-01
    1.60801E+16    4.01589E-09    2.10652E-01
    1.60349E+16    4.00459E-09    2.10860E-01
    1.60591E+16    4.01064E-09    2.12898E-01
    1.61060E+16    4.02234E-09    2.13855E-01
    1.61085E+16    4.02297E-09    2.08519E-01
    1.61357E+16    4.02978E-09    2.05606E-01
    1.61354E+16    4.02970E-09    2.06196E-01
    1.61408E+16    4.03104E-09    2.09821E-01
    1.61361E+16    4.02988E-09    2.10539E-01
    1.62180E+16    4.05033E-09    2.08298E-01
    1.62180E+16    4.05033E-09    2.13662E-01
    1.62288E+16    4.05302E-09    2.14470E-01
    1.62108E+16    4.04853E-09    2.14737E-01
    1.62731E+16    4.06408E-09    2.09191E-01
    1.62611E+16    4.06109E-09    2.09825E-01
    1.62395E+16    4.05571E-09    2.06073E-01
    1.62707E+16    4.06348E-09    2.06951E-01
    1.62907E+16    4.06849E-09    2.10583E-01
    1.62826E+16    4.06647E-09    2.11182E-01
    1.62611E+16    4.06109E-09    2.11474E-01
    1.63377E+16    4.08022E-09    2.07634E-01
    1.64119E+16    4.09875E-09    2.09969E-01
    1.64119E+16    4.09875E-09    2.10566E-01
    1.64415E+16    4.10615E-09    2.11326E-01
    1.64507E+16    4.10844E-09    2.12195E-01
    1.64707E+16    4.11343E-09    2.07912E-01
    1.65040E+16    4.12174E-09    2.08825E-01
    1.65412E+16    4.13104E-09    2.07675E-01
    1.65717E+16    4.13866E-09    2.10481E-01
    1.65573E+16    4.13507E-09    2.11224E-01
    1.65843E+16    4.14180E-09    2.12333E-01
    1.65762E+16    4.13978E-09    2.13010E-01
    1.66298E+16    4.15316E-09    2.08741E-01
    1.66446E+16    4.15687E-09    2.09510E-01
    1.67216E+16    4.17610E-09    2.11159E-01
    1.67074E+16    4.17255E-09    2.11636E-01
    1.66884E+16    4.16781E-09    2.12247E-01
    1.66705E+16    4.16332E-09    2.12507E-01
    1.67701E+16    4.18821E-09    2.09983E-01
    1.68170E+16    4.19991E-09    2.11879E-01
    1.70632E+16    4.26142E-09    2.18317E-01
    1.71574E+16    4.28493E-09    2.19458E-01
    1.72141E+16    4.29909E-09    2.17815E-01
    1.72091E+16    4.29785E-09    2.18709E-01
    1.72253E+16    4.30188E-09    2.19368E-01
    1.72867E+16    4.31722E-09    2.20840E-01
    1.73014E+16    4.32091E-09    2.20253E-01
    1.73599E+16    4.33551E-09    2.18463E-01
    1.73599E+16    4.33551E-09    2.19080E-01
    1.73545E+16    4.33417E-09    2.19722E-01
    1.74299E+16    4.35300E-09    2.21737E-01
    1.74504E+16    4.35811E-09    2.20967E-01
    1.75157E+16    4.37442E-09    2.18993E-01
    1.75107E+16    4.37318E-09    2.19848E-01
    1.75107E+16    4.37318E-09    2.20469E-01
    1.75873E+16    4.39231E-09    2.22604E-01
    1.76098E+16    4.39793E-09    2.21460E-01
    1.75840E+16    4.39147E-09    2.22125E-01
    1.76400E+16    4.40546E-09    2.19380E-01
    1.76292E+16    4.40277E-09    2.19916E-01
    1.76616E+16    4.41085E-09    2.20724E-01
    1.76777E+16    4.41488E-09    2.21417E-01
    1.77240E+16    4.42645E-09    2.23327E-01
    1.77501E+16    4.43297E-09    2.22273E-01
    1.77939E+16    4.44390E-09    2.23368E-01
    1.78214E+16    4.45075E-09    2.21730E-01
    1.79039E+16    4.47138E-09    2.23066E-01
    1.79120E+16    4.47340E-09    2.23870E-01
    1.79497E+16    4.48282E-09    2.24537E-01
    1.79686E+16    4.48752E-09    2.22188E-01
    1.79668E+16    4.48708E-09    2.22848E-01
    1.80575E+16    4.50972E-09    2.23874E-01
    1.80759E+16    4.51432E-09    2.21718E-01
    1.81044E+16    4.52145E-09    2.24686E-01
    1.80925E+16    4.51846E-09    2.25359E-01
    1.81140E+16    4.52384E-09    2.22994E-01
    1.81140E+16    4.52384E-09    2.23612E-01
    1.81894E+16    4.54268E-09    2.22080E-01
    1.81894E+16    4.54268E-09    2.22619E-01
    1.82505E+16    4.55792E-09    2.25135E-01
    1.82433E+16    4.55613E-09    2.25850E-01
    1.82553E+16    4.55912E-09    2.23804E-01
    1.82505E+16    4.55792E-09    2.26179E-01
    1.83018E+16    4.57074E-09    2.24496E-01
    1.83980E+16    4.59477E-09    2.25827E-01
    1.83690E+16    4.58752E-09    2.26436E-01
    1.84264E+16    4.60187E-09    2.25169E-01
    2.23204E+16    5.57436E-09    2.44467E-01
    2.24497E+16    5.60665E-09    2.45654E-01
    2.24663E+16    5.61079E-09    2.44822E-01
    2.25866E+16    5.64083E-09    2.45996E-01
    2.26243E+16    5.65025E-09    2.45206E-01
    2.26506E+16    5.65682E-09    2.44472E-01
    2.27123E+16    5.67222E-09    2.47287E-01
    2.27593E+16    5.68397E-09    2.46499E-01
    2.27771E+16    5.68843E-09    2.45901E-01
    2.27787E+16    5.68881E-09    2.44856E-01
    2.27733E+16    5.68747E-09    2.45406E-01
    2.28577E+16    5.70854E-09    2.47790E-01
    2.29237E+16    5.72503E-09    2.46792E-01
    2.29349E+16    5.72782E-09    2.47731E-01
    2.29484E+16    5.73119E-09    2.46010E-01
    2.29668E+16    5.73579E-09    2.49618E-01
    2.30167E+16    5.74825E-09    2.48561E-01
    2.30382E+16    5.75363E-09    2.45892E-01
    2.30696E+16    5.76145E-09    2.47749E-01
    2.30911E+16    5.76683E-09    2.47176E-01
    2.31113E+16    5.77188E-09    2.49806E-01
    2.31677E+16    5.78597E-09    2.48724E-01
    2.31773E+16    5.78836E-09    2.46286E-01
    2.31773E+16    5.78836E-09    2.46942E-01
    2.32333E+16    5.80235E-09    2.48249E-01
    2.32678E+16    5.81096E-09    2.47679E-01
    2.32678E+16    5.81096E-09    2.49916E-01
    2.33335E+16    5.82737E-09    2.47108E-01
    2.33712E+16    5.83679E-09    2.49222E-01
    2.34008E+16    5.84418E-09    2.47971E-01
    2.33963E+16    5.84306E-09    2.48617E-01
    2.34263E+16    5.85054E-09    2.50023E-01
    2.34084E+16    5.84608E-09    2.50908E-01
    2.34825E+16    5.86459E-09    2.47764E-01
    2.35310E+16    5.87669E-09    2.51747E-01
    2.35565E+16    5.88306E-09    2.48683E-01
    2.35436E+16    5.87983E-09    2.49463E-01
    2.35732E+16    5.88723E-09    2.50218E-01
    2.35651E+16    5.88521E-09    2.50916E-01
    2.35974E+16    5.89329E-09    2.52475E-01
    2.36944E+16    5.91750E-09    2.49080E-01
    2.36944E+16    5.91750E-09    2.49741E-01
    2.36968E+16    5.91810E-09    2.52194E-01
    2.37240E+16    5.92490E-09    2.50510E-01
    2.37159E+16    5.92288E-09    2.51206E-01
    2.36998E+16    5.91884E-09    2.51711E-01
    2.37662E+16    5.93544E-09    2.53319E-01
    2.38572E+16    5.95816E-09    2.50016E-01
    2.38748E+16    5.96256E-09    2.50822E-01
    2.38667E+16    5.96055E-09    2.51520E-01
    2.38548E+16    5.95756E-09    2.52089E-01
    2.38883E+16    5.96593E-09    2.53827E-01
    2.39431E+16    5.97962E-09    2.49518E-01
    2.40293E+16    6.00115E-09    2.50751E-01
    2.40176E+16    5.99821E-09    2.51585E-01
    2.40126E+16    5.99697E-09    2.52393E-01
    2.40634E+16    6.00965E-09    2.54311E-01
    2.40822E+16    6.01436E-09    2.50063E-01
    2.41734E+16    6.03712E-09    2.51529E-01
    2.41684E+16    6.03588E-09    2.52447E-01
    2.41603E+16    6.03386E-09    2.53036E-01
    2.41971E+16    6.04305E-09    2.54582E-01
    2.41576E+16    6.03319E-09    2.55064E-01
    2.42460E+16    6.05525E-09    2.50774E-01
    2.42869E+16    6.06547E-09    2.51747E-01
    2.43360E+16    6.07773E-09    2.53397E-01
    2.42546E+16    6.05740E-09    2.53539E-01
    2.43144E+16    6.07235E-09    2.54687E-01
    2.43799E+16    6.08871E-09    2.50943E-01
    2.44000E+16    6.09372E-09    2.51577E-01
    2.44651E+16    6.10997E-09    2.53940E-01
    2.45239E+16    6.12466E-09    2.51667E-01
    2.45131E+16    6.12197E-09    2.52120E-01
