    0.10868E+01    0.23972E+01    0.22057E+01
    0.10868E+01    0.23972E+01    0.22057E+01
    0.10765E+01    0.23971E+01    0.22268E+01
    0.10794E+01    0.23971E+01    0.22208E+01
    0.10794E+01    0.23971E+01    0.22208E+01
    0.10824E+01    0.23971E+01    0.22146E+01
    0.10824E+01    0.23971E+01    0.22146E+01
    0.10853E+01    0.23971E+01    0.22087E+01
    0.10985E+01    0.23917E+01    0.21772E+01
    0.10985E+01    0.23917E+01    0.21772E+01
    0.11029E+01    0.23917E+01    0.21686E+01
    0.11029E+01    0.23917E+01    0.21686E+01
    0.10897E+01    0.23916E+01    0.21947E+01
    0.10897E+01    0.23916E+01    0.21947E+01
    0.10897E+01    0.23916E+01    0.21947E+01
    0.10941E+01    0.23916E+01    0.21859E+01
    0.10941E+01    0.23916E+01    0.21859E+01
    0.11132E+01    0.23750E+01    0.21335E+01
    0.11059E+01    0.23749E+01    0.21475E+01
    0.11059E+01    0.23749E+01    0.21475E+01
    0.11176E+01    0.23694E+01    0.21201E+01
    0.11176E+01    0.23694E+01    0.21201E+01
    0.11324E+01    0.23528E+01    0.20777E+01
    0.11324E+01    0.23528E+01    0.20777E+01
    0.11221E+01    0.23527E+01    0.20967E+01
    0.11221E+01    0.23527E+01    0.20967E+01
    0.11279E+01    0.23527E+01    0.20859E+01
    0.11279E+01    0.23527E+01    0.20859E+01
    0.11353E+01    0.23360E+01    0.20576E+01
    0.11353E+01    0.23360E+01    0.20576E+01
    0.11397E+01    0.23360E+01    0.20497E+01
    0.11412E+01    0.23192E+01    0.20322E+01
    0.11412E+01    0.23192E+01    0.20322E+01
    0.11426E+01    0.23136E+01    0.20249E+01
    0.11426E+01    0.23136E+01    0.20249E+01
    0.11456E+01    0.23025E+01    0.20099E+01
    0.11485E+01    0.22969E+01    0.19999E+01
    0.11485E+01    0.22969E+01    0.19999E+01
    0.11515E+01    0.22913E+01    0.19898E+01
    0.11515E+01    0.22913E+01    0.19898E+01
    0.11529E+01    0.22857E+01    0.19826E+01
    0.11559E+01    0.22633E+01    0.19580E+01
    0.11559E+01    0.22633E+01    0.19580E+01
    0.11603E+01    0.22578E+01    0.19459E+01
    0.11603E+01    0.22578E+01    0.19459E+01
    0.11618E+01    0.22410E+01    0.19289E+01
    0.11632E+01    0.22242E+01    0.19121E+01
    0.11632E+01    0.22242E+01    0.19121E+01
    0.11662E+01    0.22130E+01    0.18976E+01
    0.11662E+01    0.22130E+01    0.18976E+01
    0.11706E+01    0.22019E+01    0.18810E+01
    0.11721E+01    0.21851E+01    0.18643E+01
    0.11721E+01    0.21851E+01    0.18643E+01
    0.11750E+01    0.21739E+01    0.18501E+01
    0.11750E+01    0.21739E+01    0.18501E+01
    0.11779E+01    0.21347E+01    0.18123E+01
    0.11809E+01    0.21347E+01    0.18077E+01
    0.11809E+01    0.21347E+01    0.18077E+01
    0.11838E+01    0.21123E+01    0.17843E+01
    0.11838E+01    0.21123E+01    0.17843E+01
    0.11853E+01    0.21012E+01    0.17727E+01
    0.11853E+01    0.20900E+01    0.17633E+01
    0.11853E+01    0.20900E+01    0.17633E+01
    0.11882E+01    0.20676E+01    0.17401E+01
    0.11882E+01    0.20676E+01    0.17401E+01
    0.11897E+01    0.20564E+01    0.17285E+01
    0.11897E+01    0.20564E+01    0.17285E+01
    0.11897E+01    0.20396E+01    0.17144E+01
    0.11897E+01    0.20396E+01    0.17144E+01
    0.11926E+01    0.20284E+01    0.17008E+01
    0.11926E+01    0.20172E+01    0.16914E+01
    0.11926E+01    0.20172E+01    0.16914E+01
    0.11941E+01    0.20004E+01    0.16752E+01
    0.11941E+01    0.20004E+01    0.16752E+01
    0.11956E+01    0.19836E+01    0.16591E+01
    0.11956E+01    0.19780E+01    0.16544E+01
    0.11956E+01    0.19780E+01    0.16544E+01
    0.11956E+01    0.19668E+01    0.16450E+01
    0.11956E+01    0.19668E+01    0.16450E+01
    0.11956E+01    0.19444E+01    0.16263E+01
    0.11971E+01    0.19276E+01    0.16102E+01
    0.11971E+01    0.19276E+01    0.16102E+01
    0.11985E+01    0.19052E+01    0.15897E+01
    0.11985E+01    0.19052E+01    0.15897E+01
    0.11985E+01    0.18996E+01    0.15850E+01
    0.11985E+01    0.18996E+01    0.15850E+01
    0.12000E+01    0.18940E+01    0.15783E+01
    0.12000E+01    0.18716E+01    0.15597E+01
    0.12000E+01    0.18716E+01    0.15597E+01
    0.12000E+01    0.18436E+01    0.15363E+01
    0.12000E+01    0.18436E+01    0.15363E+01
    0.12000E+01    0.18324E+01    0.15270E+01
    0.12000E+01    0.18324E+01    0.15270E+01
    0.12015E+01    0.18156E+01    0.15111E+01
    0.12015E+01    0.18156E+01    0.15111E+01
    0.12029E+01    0.18044E+01    0.15000E+01
    0.12029E+01    0.17876E+01    0.14861E+01
    0.12029E+01    0.17876E+01    0.14861E+01
    0.12044E+01    0.17652E+01    0.14656E+01
    0.12044E+01    0.17652E+01    0.14656E+01
    0.12044E+01    0.17540E+01    0.14563E+01
    0.12044E+01    0.17540E+01    0.14563E+01
    0.12044E+01    0.17484E+01    0.14517E+01
    0.12044E+01    0.17484E+01    0.14517E+01
    0.12044E+01    0.17316E+01    0.14377E+01
    0.12059E+01    0.17148E+01    0.14220E+01
    0.12059E+01    0.17148E+01    0.14220E+01
    0.12059E+01    0.16980E+01    0.14081E+01
    0.12059E+01    0.16980E+01    0.14081E+01
    0.12059E+01    0.16924E+01    0.14034E+01
    0.12059E+01    0.16924E+01    0.14034E+01
    0.12059E+01    0.16812E+01    0.13941E+01
    0.12059E+01    0.16644E+01    0.13802E+01
    0.12059E+01    0.16644E+01    0.13802E+01
    0.12059E+01    0.16420E+01    0.13616E+01
    0.12059E+01    0.16420E+01    0.13616E+01
    0.12059E+01    0.16308E+01    0.13524E+01
    0.12059E+01    0.16308E+01    0.13524E+01
    0.12059E+01    0.16140E+01    0.13384E+01
    0.12059E+01    0.16140E+01    0.13384E+01
    0.12059E+01    0.15971E+01    0.13244E+01
    0.12059E+01    0.15747E+01    0.13058E+01
    0.12059E+01    0.15747E+01    0.13058E+01
    0.12059E+01    0.15635E+01    0.12965E+01
    0.12059E+01    0.15635E+01    0.12965E+01
    0.12059E+01    0.15523E+01    0.12873E+01
    0.12059E+01    0.15523E+01    0.12873E+01
    0.12059E+01    0.15243E+01    0.12640E+01
    0.12074E+01    0.15131E+01    0.12532E+01
    0.12074E+01    0.15131E+01    0.12532E+01
    0.12074E+01    0.15075E+01    0.12486E+01
    0.12074E+01    0.15075E+01    0.12486E+01
    0.12074E+01    0.14851E+01    0.12300E+01
    0.12074E+01    0.14627E+01    0.12114E+01
    0.12074E+01    0.14627E+01    0.12114E+01
    0.12074E+01    0.14403E+01    0.11929E+01
    0.12074E+01    0.14403E+01    0.11929E+01
    0.12074E+01    0.14123E+01    0.11697E+01
    0.12074E+01    0.14123E+01    0.11697E+01
    0.12074E+01    0.14123E+01    0.11697E+01
    0.12074E+01    0.14123E+01    0.11697E+01
    0.12074E+01    0.14123E+01    0.11697E+01
    0.12059E+01    0.14011E+01    0.11619E+01
    0.12059E+01    0.13731E+01    0.11387E+01
    0.12059E+01    0.13731E+01    0.11387E+01
    0.12059E+01    0.13563E+01    0.11247E+01
    0.12059E+01    0.13563E+01    0.11247E+01
    0.12044E+01    0.13394E+01    0.11121E+01
    0.12044E+01    0.13338E+01    0.11074E+01
    0.12044E+01    0.13114E+01    0.10888E+01
    0.12044E+01    0.12834E+01    0.10656E+01
    0.12044E+01    0.12834E+01    0.10656E+01
    0.12015E+01    0.12610E+01    0.10495E+01
    0.12015E+01    0.12274E+01    0.10216E+01
    0.12015E+01    0.11993E+01    0.99817E+00
    0.12015E+01    0.11993E+01    0.99817E+00
    0.12015E+01    0.11825E+01    0.98419E+00
    0.12015E+01    0.11825E+01    0.98419E+00
    0.12000E+01    0.11657E+01    0.97142E+00
    0.12000E+01    0.11657E+01    0.97142E+00
    0.11985E+01    0.11489E+01    0.95861E+00
    0.11985E+01    0.11489E+01    0.95861E+00
    0.11971E+01    0.11153E+01    0.93167E+00
    0.11971E+01    0.10985E+01    0.91763E+00
    0.11971E+01    0.10985E+01    0.91763E+00
    0.11941E+01    0.10704E+01    0.89641E+00
    0.11941E+01    0.10704E+01    0.89641E+00
    0.11941E+01    0.10480E+01    0.87765E+00
    0.11941E+01    0.10480E+01    0.87765E+00
    0.11941E+01    0.10368E+01    0.86827E+00
    0.11941E+01    0.10368E+01    0.86827E+00
    0.11926E+01    0.10200E+01    0.85527E+00
    0.11926E+01    0.10200E+01    0.85527E+00
    0.11926E+01    0.10088E+01    0.84588E+00
    0.11912E+01    0.99757E+00    0.83745E+00
    0.11912E+01    0.99757E+00    0.83745E+00
    0.11897E+01    0.98075E+00    0.82437E+00
    0.11897E+01    0.98075E+00    0.82437E+00
    0.11897E+01    0.96394E+00    0.81024E+00
    0.11897E+01    0.93593E+00    0.78669E+00
    0.11897E+01    0.93593E+00    0.78669E+00
    0.11897E+01    0.91912E+00    0.77256E+00
    0.11897E+01    0.91912E+00    0.77256E+00
    0.11882E+01    0.90230E+00    0.75938E+00
    0.11882E+01    0.90230E+00    0.75938E+00
    0.11853E+01    0.87987E+00    0.74232E+00
    0.11853E+01    0.87987E+00    0.74232E+00
    0.11853E+01    0.85746E+00    0.72341E+00
    0.11853E+01    0.85746E+00    0.72341E+00
    0.11853E+01    0.82945E+00    0.69978E+00
    0.11853E+01    0.82945E+00    0.69978E+00
    0.11853E+01    0.81824E+00    0.69032E+00
    0.11853E+01    0.81824E+00    0.69032E+00
    0.11853E+01    0.80144E+00    0.67615E+00
    0.11853E+01    0.80144E+00    0.67615E+00
    0.11853E+01    0.79023E+00    0.66669E+00
    0.11853E+01    0.78463E+00    0.66197E+00
    0.11853E+01    0.78463E+00    0.66197E+00
    0.11853E+01    0.77903E+00    0.65724E+00
    0.11853E+01    0.77903E+00    0.65724E+00
    0.11853E+01    0.75662E+00    0.63834E+00
    0.11853E+01    0.72861E+00    0.61471E+00
    0.11853E+01    0.72861E+00    0.61471E+00
    0.11838E+01    0.71179E+00    0.60128E+00
    0.11838E+01    0.71179E+00    0.60128E+00
    0.11824E+01    0.69497E+00    0.58776E+00
    0.11824E+01    0.69497E+00    0.58776E+00
    0.11824E+01    0.65575E+00    0.55459E+00
    0.11838E+01    0.63336E+00    0.53502E+00
    0.11824E+01    0.62774E+00    0.53090E+00
    0.11824E+01    0.62774E+00    0.53090E+00
    0.11824E+01    0.59973E+00    0.50721E+00
    0.11824E+01    0.59973E+00    0.50721E+00
    0.11838E+01    0.59414E+00    0.50189E+00
    0.11853E+01    0.57735E+00    0.48709E+00
    0.11853E+01    0.57735E+00    0.48709E+00
    0.11853E+01    0.57174E+00    0.48236E+00
    0.11853E+01    0.57174E+00    0.48236E+00
    0.11897E+01    0.56058E+00    0.47119E+00
    0.11897E+01    0.56058E+00    0.47119E+00
