    0.10500E+01    0.22456E+01    0.21387E+01
    0.10500E+01    0.22456E+01    0.21387E+01
    0.10529E+01    0.22456E+01    0.21328E+01
    0.10574E+01    0.22456E+01    0.21237E+01
    0.10574E+01    0.22456E+01    0.21237E+01
    0.10588E+01    0.22456E+01    0.21209E+01
    0.10588E+01    0.22456E+01    0.21209E+01
    0.10603E+01    0.22456E+01    0.21179E+01
    0.10426E+01    0.22455E+01    0.21538E+01
    0.10456E+01    0.22455E+01    0.21476E+01
    0.10456E+01    0.22455E+01    0.21476E+01
    0.10647E+01    0.22401E+01    0.21040E+01
    0.10647E+01    0.22401E+01    0.21040E+01
    0.10662E+01    0.22345E+01    0.20958E+01
    0.10662E+01    0.22345E+01    0.20958E+01
    0.10706E+01    0.22345E+01    0.20871E+01
    0.10721E+01    0.22290E+01    0.20791E+01
    0.10721E+01    0.22290E+01    0.20791E+01
    0.10779E+01    0.22234E+01    0.20627E+01
    0.10779E+01    0.22234E+01    0.20627E+01
    0.10824E+01    0.22234E+01    0.20541E+01
    0.10838E+01    0.22179E+01    0.20464E+01
    0.10838E+01    0.22179E+01    0.20464E+01
    0.10868E+01    0.22179E+01    0.20408E+01
    0.10868E+01    0.22179E+01    0.20408E+01
    0.10897E+01    0.22067E+01    0.20251E+01
    0.10926E+01    0.22011E+01    0.20146E+01
    0.10926E+01    0.22011E+01    0.20146E+01
    0.10985E+01    0.21956E+01    0.19987E+01
    0.10985E+01    0.21956E+01    0.19987E+01
    0.11015E+01    0.21900E+01    0.19882E+01
    0.11015E+01    0.21900E+01    0.19882E+01
    0.11015E+01    0.21844E+01    0.19831E+01
    0.11015E+01    0.21844E+01    0.19831E+01
    0.11044E+01    0.21788E+01    0.19728E+01
    0.11088E+01    0.21621E+01    0.19499E+01
    0.11088E+01    0.21621E+01    0.19499E+01
    0.11103E+01    0.21621E+01    0.19473E+01
    0.11103E+01    0.21621E+01    0.19473E+01
    0.11147E+01    0.21509E+01    0.19296E+01
    0.11162E+01    0.21453E+01    0.19220E+01
    0.11162E+01    0.21453E+01    0.19220E+01
    0.11176E+01    0.21397E+01    0.19145E+01
    0.11176E+01    0.21397E+01    0.19145E+01
    0.11221E+01    0.21286E+01    0.18970E+01
    0.11250E+01    0.21230E+01    0.18871E+01
    0.11250E+01    0.21230E+01    0.18871E+01
    0.11279E+01    0.21174E+01    0.18773E+01
    0.11279E+01    0.21174E+01    0.18773E+01
    0.11309E+01    0.21119E+01    0.18675E+01
    0.11353E+01    0.21063E+01    0.18553E+01
    0.11353E+01    0.21063E+01    0.18553E+01
    0.11368E+01    0.20951E+01    0.18430E+01
    0.11368E+01    0.20951E+01    0.18430E+01
    0.11382E+01    0.20951E+01    0.18407E+01
    0.11426E+01    0.20783E+01    0.18189E+01
    0.11426E+01    0.20783E+01    0.18189E+01
    0.11441E+01    0.20672E+01    0.18068E+01
    0.11441E+01    0.20672E+01    0.18068E+01
    0.11471E+01    0.20616E+01    0.17972E+01
    0.11485E+01    0.20504E+01    0.17853E+01
    0.11485E+01    0.20504E+01    0.17853E+01
    0.11515E+01    0.20336E+01    0.17660E+01
    0.11515E+01    0.20336E+01    0.17660E+01
    0.11544E+01    0.20224E+01    0.17519E+01
    0.11574E+01    0.20057E+01    0.17329E+01
    0.11574E+01    0.20057E+01    0.17329E+01
    0.11588E+01    0.19945E+01    0.17212E+01
    0.11588E+01    0.19945E+01    0.17212E+01
    0.11618E+01    0.19833E+01    0.17071E+01
    0.11632E+01    0.19721E+01    0.16954E+01
    0.11632E+01    0.19721E+01    0.16954E+01
    0.11662E+01    0.19609E+01    0.16814E+01
    0.11662E+01    0.19609E+01    0.16814E+01
    0.11676E+01    0.19497E+01    0.16698E+01
    0.11706E+01    0.19330E+01    0.16513E+01
    0.11706E+01    0.19330E+01    0.16513E+01
    0.11735E+01    0.19162E+01    0.16329E+01
    0.11735E+01    0.19162E+01    0.16329E+01
    0.11750E+01    0.19106E+01    0.16260E+01
    0.11750E+01    0.19106E+01    0.16260E+01
    0.11765E+01    0.18938E+01    0.16097E+01
    0.11765E+01    0.18882E+01    0.16049E+01
    0.11765E+01    0.18882E+01    0.16049E+01
    0.11809E+01    0.18658E+01    0.15800E+01
    0.11809E+01    0.18658E+01    0.15800E+01
    0.11838E+01    0.18490E+01    0.15619E+01
    0.11853E+01    0.18322E+01    0.15458E+01
    0.11853E+01    0.18322E+01    0.15458E+01
    0.11868E+01    0.18155E+01    0.15297E+01
    0.11868E+01    0.18155E+01    0.15297E+01
    0.11868E+01    0.18043E+01    0.15203E+01
    0.11868E+01    0.18043E+01    0.15203E+01
    0.11897E+01    0.17819E+01    0.14978E+01
    0.11912E+01    0.17763E+01    0.14912E+01
    0.11912E+01    0.17763E+01    0.14912E+01
    0.11912E+01    0.17595E+01    0.14771E+01
    0.11912E+01    0.17595E+01    0.14771E+01
    0.11926E+01    0.17427E+01    0.14613E+01
    0.11941E+01    0.17203E+01    0.14407E+01
    0.11941E+01    0.17203E+01    0.14407E+01
    0.11956E+01    0.16979E+01    0.14201E+01
    0.11956E+01    0.16979E+01    0.14201E+01
    0.11956E+01    0.16811E+01    0.14061E+01
    0.11956E+01    0.16811E+01    0.14061E+01
    0.11971E+01    0.16643E+01    0.13903E+01
    0.11971E+01    0.16643E+01    0.13903E+01
    0.11985E+01    0.16475E+01    0.13746E+01
    0.11985E+01    0.16475E+01    0.13746E+01
    0.11985E+01    0.16363E+01    0.13653E+01
    0.11985E+01    0.16363E+01    0.13653E+01
    0.11985E+01    0.16139E+01    0.13466E+01
    0.11985E+01    0.15803E+01    0.13186E+01
    0.11985E+01    0.15635E+01    0.13045E+01
    0.11985E+01    0.15635E+01    0.13045E+01
    0.11985E+01    0.15411E+01    0.12859E+01
    0.11985E+01    0.15411E+01    0.12859E+01
    0.12000E+01    0.15243E+01    0.12703E+01
    0.12000E+01    0.15243E+01    0.12703E+01
    0.12000E+01    0.15075E+01    0.12563E+01
    0.12000E+01    0.15075E+01    0.12563E+01
    0.12000E+01    0.14906E+01    0.12422E+01
    0.12000E+01    0.14906E+01    0.12422E+01
    0.12000E+01    0.14738E+01    0.12282E+01
    0.12000E+01    0.14738E+01    0.12282E+01
    0.12000E+01    0.14514E+01    0.12095E+01
    0.12000E+01    0.14514E+01    0.12095E+01
    0.12000E+01    0.14346E+01    0.11955E+01
    0.12000E+01    0.14346E+01    0.11955E+01
    0.12000E+01    0.14234E+01    0.11862E+01
    0.12000E+01    0.14234E+01    0.11862E+01
    0.12015E+01    0.14010E+01    0.11660E+01
    0.12015E+01    0.13898E+01    0.11567E+01
    0.12015E+01    0.13898E+01    0.11567E+01
    0.12015E+01    0.13786E+01    0.11474E+01
    0.12015E+01    0.13786E+01    0.11474E+01
    0.12015E+01    0.13730E+01    0.11427E+01
    0.12015E+01    0.13562E+01    0.11288E+01
    0.12015E+01    0.13562E+01    0.11288E+01
    0.12015E+01    0.13282E+01    0.11055E+01
    0.12015E+01    0.13282E+01    0.11055E+01
    0.12015E+01    0.13170E+01    0.10961E+01
    0.12015E+01    0.13170E+01    0.10961E+01
    0.12015E+01    0.13058E+01    0.10868E+01
    0.12015E+01    0.13058E+01    0.10868E+01
    0.12015E+01    0.13002E+01    0.10821E+01
    0.12015E+01    0.12946E+01    0.10775E+01
    0.12015E+01    0.12946E+01    0.10775E+01
    0.12015E+01    0.12890E+01    0.10728E+01
    0.12015E+01    0.12890E+01    0.10728E+01
    0.12015E+01    0.12834E+01    0.10682E+01
    0.12015E+01    0.12778E+01    0.10635E+01
    0.12015E+01    0.12554E+01    0.10449E+01
    0.12015E+01    0.12442E+01    0.10355E+01
    0.12015E+01    0.12442E+01    0.10355E+01
    0.12015E+01    0.12386E+01    0.10309E+01
    0.11985E+01    0.12273E+01    0.10240E+01
    0.11985E+01    0.12273E+01    0.10240E+01
    0.12015E+01    0.12218E+01    0.10169E+01
    0.12015E+01    0.12218E+01    0.10169E+01
    0.12015E+01    0.11657E+01    0.97020E+00
    0.11971E+01    0.11153E+01    0.93167E+00
    0.11941E+01    0.10984E+01    0.91986E+00
    0.11941E+01    0.10984E+01    0.91986E+00
    0.11941E+01    0.10872E+01    0.91048E+00
    0.11941E+01    0.10872E+01    0.91048E+00
    0.11956E+01    0.10536E+01    0.88123E+00
    0.11956E+01    0.10200E+01    0.85313E+00
    0.11956E+01    0.10032E+01    0.83908E+00
    0.11956E+01    0.10032E+01    0.83908E+00
    0.11956E+01    0.98641E+00    0.82503E+00
    0.11956E+01    0.98641E+00    0.82503E+00
    0.11956E+01    0.95840E+00    0.80161E+00
    0.11956E+01    0.95840E+00    0.80161E+00
    0.11956E+01    0.93038E+00    0.77817E+00
    0.11956E+01    0.93038E+00    0.77817E+00
    0.11912E+01    0.89113E+00    0.74809E+00
    0.11897E+01    0.87991E+00    0.73961E+00
    0.11897E+01    0.87991E+00    0.73961E+00
    0.11897E+01    0.85750E+00    0.72077E+00
    0.11897E+01    0.85750E+00    0.72077E+00
    0.11897E+01    0.82949E+00    0.69723E+00
    0.11897E+01    0.82949E+00    0.69723E+00
    0.11897E+01    0.80708E+00    0.67839E+00
    0.11897E+01    0.80708E+00    0.67839E+00
    0.11897E+01    0.79027E+00    0.66426E+00
    0.11897E+01    0.79027E+00    0.66426E+00
    0.11897E+01    0.75666E+00    0.63601E+00
    0.11897E+01    0.72865E+00    0.61247E+00
    0.11897E+01    0.72865E+00    0.61247E+00
    0.11897E+01    0.71744E+00    0.60304E+00
    0.11897E+01    0.71744E+00    0.60304E+00
    0.11941E+01    0.71188E+00    0.59616E+00
    0.11897E+01    0.69503E+00    0.58421E+00
    0.11897E+01    0.69503E+00    0.58421E+00
    0.11941E+01    0.68947E+00    0.57740E+00
    0.11941E+01    0.68947E+00    0.57740E+00
    0.11941E+01    0.67267E+00    0.56333E+00
    0.11941E+01    0.67267E+00    0.56333E+00
    0.11897E+01    0.66702E+00    0.56066E+00
    0.11897E+01    0.66702E+00    0.56066E+00
    0.11926E+01    0.66145E+00    0.55463E+00
    0.11926E+01    0.66145E+00    0.55463E+00
    0.11926E+01    0.65024E+00    0.54523E+00
    0.11926E+01    0.63344E+00    0.53114E+00
    0.11926E+01    0.63344E+00    0.53114E+00
    0.11897E+01    0.63341E+00    0.53241E+00
    0.11926E+01    0.61663E+00    0.51705E+00
    0.11926E+01    0.61663E+00    0.51705E+00
    0.11956E+01    0.60545E+00    0.50640E+00
    0.11956E+01    0.60545E+00    0.50640E+00
    0.11956E+01    0.57184E+00    0.47829E+00
