    0.11691E+01    0.18165E+01    0.15538E+01
    0.11691E+01    0.18165E+01    0.15538E+01
    0.11691E+01    0.18165E+01    0.15538E+01
    0.11735E+01    0.18165E+01    0.15479E+01
    0.11735E+01    0.18165E+01    0.15479E+01
    0.11809E+01    0.18165E+01    0.15382E+01
    0.11853E+01    0.18165E+01    0.15325E+01
    0.11853E+01    0.18165E+01    0.15325E+01
    0.11971E+01    0.18165E+01    0.15174E+01
    0.12029E+01    0.18053E+01    0.15008E+01
    0.12029E+01    0.18053E+01    0.15008E+01
    0.12118E+01    0.18053E+01    0.14898E+01
    0.12162E+01    0.17941E+01    0.14752E+01
    0.12162E+01    0.17941E+01    0.14752E+01
    0.12235E+01    0.17941E+01    0.14664E+01
    0.12235E+01    0.17941E+01    0.14664E+01
    0.12265E+01    0.17941E+01    0.14628E+01
    0.12265E+01    0.17941E+01    0.14628E+01
    0.12324E+01    0.17885E+01    0.14512E+01
    0.12324E+01    0.17885E+01    0.14512E+01
    0.12368E+01    0.17829E+01    0.14415E+01
    0.12368E+01    0.17829E+01    0.14415E+01
    0.12426E+01    0.17773E+01    0.14303E+01
    0.12426E+01    0.17773E+01    0.14303E+01
    0.12441E+01    0.17717E+01    0.14241E+01
    0.12441E+01    0.17717E+01    0.14241E+01
    0.12485E+01    0.17661E+01    0.14146E+01
    0.12529E+01    0.17661E+01    0.14096E+01
    0.12529E+01    0.17661E+01    0.14096E+01
    0.12574E+01    0.17549E+01    0.13957E+01
    0.12574E+01    0.17549E+01    0.13957E+01
    0.12603E+01    0.17549E+01    0.13924E+01
    0.12603E+01    0.17549E+01    0.13924E+01
    0.12647E+01    0.17437E+01    0.13787E+01
    0.12691E+01    0.17381E+01    0.13696E+01
    0.12691E+01    0.17381E+01    0.13696E+01
    0.12706E+01    0.17325E+01    0.13635E+01
    0.12706E+01    0.17325E+01    0.13635E+01
    0.12750E+01    0.17213E+01    0.13500E+01
    0.12794E+01    0.17213E+01    0.13454E+01
    0.12794E+01    0.17213E+01    0.13454E+01
    0.12809E+01    0.17101E+01    0.13351E+01
    0.12809E+01    0.17101E+01    0.13351E+01
    0.12838E+01    0.17045E+01    0.13277E+01
    0.12868E+01    0.16989E+01    0.13203E+01
    0.12868E+01    0.16989E+01    0.13203E+01
    0.12897E+01    0.16933E+01    0.13129E+01
    0.12897E+01    0.16933E+01    0.13129E+01
    0.12926E+01    0.16821E+01    0.13013E+01
    0.13000E+01    0.16765E+01    0.12896E+01
    0.13000E+01    0.16709E+01    0.12853E+01
    0.13000E+01    0.16709E+01    0.12853E+01
    0.13029E+01    0.16653E+01    0.12781E+01
    0.13029E+01    0.16653E+01    0.12781E+01
    0.13059E+01    0.16597E+01    0.12709E+01
    0.13088E+01    0.16541E+01    0.12638E+01
    0.13088E+01    0.16541E+01    0.12638E+01
    0.13103E+01    0.16485E+01    0.12581E+01
    0.13103E+01    0.16485E+01    0.12581E+01
    0.13132E+01    0.16373E+01    0.12468E+01
    0.13176E+01    0.16261E+01    0.12341E+01
    0.13176E+01    0.16261E+01    0.12341E+01
    0.13221E+01    0.16148E+01    0.12214E+01
    0.13221E+01    0.16148E+01    0.12214E+01
    0.13221E+01    0.16148E+01    0.12214E+01
    0.13221E+01    0.16148E+01    0.12214E+01
    0.13265E+01    0.16036E+01    0.12089E+01
    0.13294E+01    0.15980E+01    0.12020E+01
    0.13294E+01    0.15980E+01    0.12020E+01
    0.13324E+01    0.15868E+01    0.11909E+01
    0.13324E+01    0.15868E+01    0.11909E+01
    0.13324E+01    0.15756E+01    0.11825E+01
    0.13338E+01    0.15644E+01    0.11729E+01
    0.13338E+01    0.15644E+01    0.11729E+01
    0.13382E+01    0.15476E+01    0.11565E+01
    0.13382E+01    0.15476E+01    0.11565E+01
    0.13397E+01    0.15420E+01    0.11510E+01
    0.13412E+01    0.15364E+01    0.11455E+01
    0.13412E+01    0.15364E+01    0.11455E+01
    0.13426E+01    0.15252E+01    0.11360E+01
    0.13426E+01    0.15252E+01    0.11360E+01
    0.13456E+01    0.15196E+01    0.11293E+01
    0.13471E+01    0.15140E+01    0.11239E+01
    0.13471E+01    0.15140E+01    0.11239E+01
    0.13500E+01    0.15028E+01    0.11132E+01
    0.13500E+01    0.15028E+01    0.11132E+01
    0.13559E+01    0.14804E+01    0.10918E+01
    0.13559E+01    0.14804E+01    0.10918E+01
    0.13559E+01    0.14804E+01    0.10918E+01
    0.13588E+01    0.14524E+01    0.10689E+01
    0.13588E+01    0.14524E+01    0.10689E+01
    0.13603E+01    0.14412E+01    0.10595E+01
    0.13647E+01    0.14300E+01    0.10478E+01
    0.13647E+01    0.14300E+01    0.10478E+01
    0.13662E+01    0.14244E+01    0.10426E+01
    0.13662E+01    0.14244E+01    0.10426E+01
    0.13662E+01    0.14188E+01    0.10385E+01
    0.13691E+01    0.14076E+01    0.10281E+01
    0.13691E+01    0.14076E+01    0.10281E+01
    0.13691E+01    0.13964E+01    0.10199E+01
    0.13691E+01    0.13964E+01    0.10199E+01
    0.13721E+01    0.13964E+01    0.10177E+01
    0.13721E+01    0.13739E+01    0.10013E+01
    0.13721E+01    0.13739E+01    0.10013E+01
    0.13735E+01    0.13627E+01    0.99214E+00
    0.13735E+01    0.13627E+01    0.99214E+00
    0.13750E+01    0.13515E+01    0.98291E+00
    0.13750E+01    0.13515E+01    0.98291E+00
    0.13779E+01    0.13403E+01    0.97271E+00
    0.13794E+01    0.13347E+01    0.96759E+00
    0.13794E+01    0.13347E+01    0.96759E+00
    0.13794E+01    0.13291E+01    0.96353E+00
    0.13794E+01    0.13291E+01    0.96353E+00
    0.13824E+01    0.13179E+01    0.95334E+00
    0.13838E+01    0.13011E+01    0.94024E+00
    0.13838E+01    0.13011E+01    0.94024E+00
    0.13838E+01    0.12843E+01    0.92810E+00
    0.13838E+01    0.12843E+01    0.92810E+00
    0.13868E+01    0.12675E+01    0.91397E+00
    0.13868E+01    0.12675E+01    0.91397E+00
    0.13882E+01    0.12619E+01    0.90902E+00
    0.13882E+01    0.12619E+01    0.90902E+00
    0.13897E+01    0.12563E+01    0.90401E+00
    0.13926E+01    0.12395E+01    0.89006E+00
    0.13926E+01    0.12395E+01    0.89006E+00
    0.13941E+01    0.12227E+01    0.87705E+00
    0.13941E+01    0.12227E+01    0.87705E+00
    0.13941E+01    0.12171E+01    0.87304E+00
    0.13941E+01    0.12171E+01    0.87304E+00
    0.13956E+01    0.11891E+01    0.85203E+00
    0.13971E+01    0.11723E+01    0.83910E+00
    0.13971E+01    0.11723E+01    0.83910E+00
    0.14015E+01    0.11387E+01    0.81249E+00
    0.14029E+01    0.11218E+01    0.79963E+00
    0.14029E+01    0.11218E+01    0.79963E+00
    0.14059E+01    0.10938E+01    0.77801E+00
    0.14059E+01    0.10938E+01    0.77801E+00
    0.14059E+01    0.10826E+01    0.77004E+00
    0.14059E+01    0.10826E+01    0.77004E+00
    0.14088E+01    0.10602E+01    0.75256E+00
    0.14088E+01    0.10602E+01    0.75256E+00
    0.14118E+01    0.10322E+01    0.73112E+00
    0.14118E+01    0.10322E+01    0.73112E+00
    0.14118E+01    0.10098E+01    0.71526E+00
    0.14118E+01    0.10098E+01    0.71526E+00
    0.14118E+01    0.99300E+00    0.70336E+00
    0.14118E+01    0.99300E+00    0.70336E+00
    0.14132E+01    0.97619E+00    0.69077E+00
    0.14132E+01    0.97619E+00    0.69077E+00
    0.14147E+01    0.96499E+00    0.68212E+00
    0.14147E+01    0.96499E+00    0.68212E+00
    0.14147E+01    0.94818E+00    0.67023E+00
    0.14162E+01    0.94258E+00    0.66557E+00
    0.14162E+01    0.94258E+00    0.66557E+00
