    0.11838E+01    0.23757E+01    0.20068E+01
    0.11838E+01    0.23757E+01    0.20068E+01
    0.11882E+01    0.23757E+01    0.19994E+01
    0.11882E+01    0.23757E+01    0.19994E+01
    0.11926E+01    0.23757E+01    0.19920E+01
    0.11926E+01    0.23757E+01    0.19920E+01
    0.11765E+01    0.23756E+01    0.20192E+01
    0.11765E+01    0.23756E+01    0.20192E+01
    0.11632E+01    0.23755E+01    0.20422E+01
    0.11691E+01    0.23755E+01    0.20319E+01
    0.11691E+01    0.23755E+01    0.20319E+01
    0.12103E+01    0.23647E+01    0.19538E+01
    0.12103E+01    0.23647E+01    0.19538E+01
    0.11971E+01    0.23646E+01    0.19753E+01
    0.11971E+01    0.23646E+01    0.19753E+01
    0.12029E+01    0.23646E+01    0.19657E+01
    0.12029E+01    0.23646E+01    0.19657E+01
    0.12147E+01    0.23535E+01    0.19375E+01
    0.12147E+01    0.23535E+01    0.19375E+01
    0.12206E+01    0.23424E+01    0.19191E+01
    0.12206E+01    0.23424E+01    0.19191E+01
    0.12235E+01    0.23424E+01    0.19145E+01
    0.12235E+01    0.23424E+01    0.19145E+01
    0.12294E+01    0.23369E+01    0.19008E+01
    0.12294E+01    0.23369E+01    0.19008E+01
    0.12353E+01    0.23313E+01    0.18872E+01
    0.12353E+01    0.23313E+01    0.18872E+01
    0.12397E+01    0.23258E+01    0.18761E+01
    0.12397E+01    0.23258E+01    0.18761E+01
    0.12426E+01    0.23202E+01    0.18672E+01
    0.12426E+01    0.23202E+01    0.18672E+01
    0.12456E+01    0.23146E+01    0.18582E+01
    0.12471E+01    0.23034E+01    0.18470E+01
    0.12471E+01    0.23034E+01    0.18470E+01
    0.12515E+01    0.22979E+01    0.18361E+01
    0.12529E+01    0.22979E+01    0.18341E+01
    0.12574E+01    0.22867E+01    0.18186E+01
    0.12603E+01    0.22811E+01    0.18100E+01
    0.12603E+01    0.22811E+01    0.18100E+01
    0.12662E+01    0.22756E+01    0.17972E+01
    0.12662E+01    0.22756E+01    0.17972E+01
    0.12706E+01    0.22700E+01    0.17866E+01
    0.12706E+01    0.22700E+01    0.17866E+01
    0.12735E+01    0.22588E+01    0.17737E+01
    0.12735E+01    0.22588E+01    0.17737E+01
    0.12765E+01    0.22477E+01    0.17608E+01
    0.12794E+01    0.22365E+01    0.17481E+01
    0.12794E+01    0.22365E+01    0.17481E+01
    0.12838E+01    0.22309E+01    0.17377E+01
    0.12838E+01    0.22309E+01    0.17377E+01
    0.12868E+01    0.22254E+01    0.17294E+01
    0.12882E+01    0.22198E+01    0.17232E+01
    0.12882E+01    0.22198E+01    0.17232E+01
    0.12912E+01    0.22086E+01    0.17105E+01
    0.12912E+01    0.22086E+01    0.17105E+01
    0.12941E+01    0.21974E+01    0.16980E+01
    0.12956E+01    0.21918E+01    0.16917E+01
    0.12956E+01    0.21918E+01    0.16917E+01
    0.13000E+01    0.21751E+01    0.16732E+01
    0.13000E+01    0.21751E+01    0.16732E+01
    0.13029E+01    0.21639E+01    0.16608E+01
    0.13059E+01    0.21527E+01    0.16484E+01
    0.13059E+01    0.21527E+01    0.16484E+01
    0.13088E+01    0.21527E+01    0.16448E+01
    0.13088E+01    0.21527E+01    0.16448E+01
    0.13118E+01    0.21416E+01    0.16326E+01
    0.13132E+01    0.21304E+01    0.16223E+01
    0.13132E+01    0.21304E+01    0.16223E+01
    0.13147E+01    0.21248E+01    0.16162E+01
    0.13147E+01    0.21248E+01    0.16162E+01
    0.13176E+01    0.21080E+01    0.15999E+01
    0.13191E+01    0.20968E+01    0.15896E+01
    0.13191E+01    0.20968E+01    0.15896E+01
    0.13206E+01    0.20912E+01    0.15835E+01
    0.13206E+01    0.20912E+01    0.15835E+01
    0.13235E+01    0.20800E+01    0.15716E+01
    0.13265E+01    0.20689E+01    0.15597E+01
    0.13265E+01    0.20689E+01    0.15597E+01
    0.13294E+01    0.20521E+01    0.15436E+01
    0.13294E+01    0.20521E+01    0.15436E+01
    0.13309E+01    0.20353E+01    0.15293E+01
    0.13353E+01    0.20185E+01    0.15116E+01
    0.13353E+01    0.20185E+01    0.15116E+01
    0.13382E+01    0.20073E+01    0.15000E+01
    0.13382E+01    0.20073E+01    0.15000E+01
    0.13397E+01    0.19962E+01    0.14900E+01
    0.13412E+01    0.19794E+01    0.14758E+01
    0.13412E+01    0.19794E+01    0.14758E+01
    0.13441E+01    0.19682E+01    0.14643E+01
    0.13441E+01    0.19682E+01    0.14643E+01
    0.13471E+01    0.19514E+01    0.14486E+01
    0.13485E+01    0.19346E+01    0.14346E+01
    0.13485E+01    0.19346E+01    0.14346E+01
    0.13500E+01    0.19178E+01    0.14206E+01
    0.13500E+01    0.19178E+01    0.14206E+01
    0.13529E+01    0.19066E+01    0.14093E+01
    0.13529E+01    0.19066E+01    0.14093E+01
    0.13559E+01    0.18955E+01    0.13980E+01
    0.13559E+01    0.18787E+01    0.13856E+01
    0.13559E+01    0.18787E+01    0.13856E+01
    0.13574E+01    0.18731E+01    0.13799E+01
    0.13574E+01    0.18731E+01    0.13799E+01
    0.13588E+01    0.18619E+01    0.13703E+01
    0.13588E+01    0.18563E+01    0.13661E+01
    0.13588E+01    0.18563E+01    0.13661E+01
    0.13618E+01    0.18507E+01    0.13590E+01
    0.13618E+01    0.18507E+01    0.13590E+01
    0.13632E+01    0.18283E+01    0.13412E+01
    0.13632E+01    0.17947E+01    0.13165E+01
    0.13647E+01    0.17891E+01    0.13110E+01
    0.13647E+01    0.17891E+01    0.13110E+01
    0.13676E+01    0.17723E+01    0.12959E+01
    0.13676E+01    0.17723E+01    0.12959E+01
    0.13691E+01    0.17611E+01    0.12863E+01
    0.13706E+01    0.17499E+01    0.12767E+01
    0.13706E+01    0.17499E+01    0.12767E+01
    0.13706E+01    0.17331E+01    0.12645E+01
    0.13706E+01    0.17331E+01    0.12645E+01
    0.13721E+01    0.17219E+01    0.12549E+01
    0.13735E+01    0.17052E+01    0.12415E+01
    0.13735E+01    0.17052E+01    0.12415E+01
    0.13750E+01    0.16940E+01    0.12320E+01
    0.13750E+01    0.16940E+01    0.12320E+01
    0.13765E+01    0.16828E+01    0.12225E+01
    0.13779E+01    0.16548E+01    0.12010E+01
    0.13779E+01    0.16548E+01    0.12010E+01
    0.13794E+01    0.16436E+01    0.11915E+01
    0.13794E+01    0.16436E+01    0.11915E+01
    0.13838E+01    0.16156E+01    0.11675E+01
    0.13838E+01    0.16156E+01    0.11675E+01
    0.13838E+01    0.16044E+01    0.11594E+01
    0.13838E+01    0.16044E+01    0.11594E+01
    0.13853E+01    0.15764E+01    0.11379E+01
    0.13853E+01    0.15764E+01    0.11379E+01
    0.13882E+01    0.15596E+01    0.11235E+01
    0.13882E+01    0.15596E+01    0.11235E+01
    0.13882E+01    0.15428E+01    0.11114E+01
    0.13882E+01    0.15428E+01    0.11114E+01
    0.13882E+01    0.15260E+01    0.10993E+01
    0.13882E+01    0.15260E+01    0.10993E+01
    0.13882E+01    0.15204E+01    0.10952E+01
    0.13882E+01    0.15204E+01    0.10952E+01
    0.13897E+01    0.15036E+01    0.10820E+01
    0.13897E+01    0.14980E+01    0.10779E+01
    0.13897E+01    0.14980E+01    0.10779E+01
    0.13912E+01    0.14924E+01    0.10727E+01
    0.13912E+01    0.14924E+01    0.10727E+01
    0.13912E+01    0.14812E+01    0.10647E+01
    0.13912E+01    0.14700E+01    0.10566E+01
    0.13912E+01    0.14700E+01    0.10566E+01
    0.13912E+01    0.14588E+01    0.10486E+01
    0.13912E+01    0.14588E+01    0.10486E+01
    0.13926E+01    0.14364E+01    0.10315E+01
    0.13941E+01    0.14196E+01    0.10183E+01
    0.13941E+01    0.14196E+01    0.10183E+01
    0.13941E+01    0.14196E+01    0.10183E+01
    0.13941E+01    0.13860E+01    0.99419E+00
    0.13941E+01    0.13804E+01    0.99017E+00
    0.13941E+01    0.13804E+01    0.99017E+00
    0.13956E+01    0.13692E+01    0.98108E+00
    0.13956E+01    0.13692E+01    0.98108E+00
    0.13956E+01    0.13468E+01    0.96503E+00
    0.13971E+01    0.13356E+01    0.95598E+00
    0.13971E+01    0.13356E+01    0.95598E+00
    0.13971E+01    0.13300E+01    0.95197E+00
    0.13971E+01    0.13300E+01    0.95197E+00
    0.13971E+01    0.13076E+01    0.93594E+00
    0.13971E+01    0.13076E+01    0.93594E+00
    0.13971E+01    0.13076E+01    0.93594E+00
    0.13971E+01    0.13076E+01    0.93594E+00
    0.13971E+01    0.13076E+01    0.93594E+00
    0.13971E+01    0.13076E+01    0.93594E+00
    0.13971E+01    0.13076E+01    0.93594E+00
    0.13971E+01    0.13020E+01    0.93193E+00
    0.13971E+01    0.13020E+01    0.93193E+00
    0.13971E+01    0.12852E+01    0.91991E+00
    0.14000E+01    0.12516E+01    0.89400E+00
    0.14000E+01    0.12292E+01    0.87800E+00
    0.14000E+01    0.12292E+01    0.87800E+00
    0.14000E+01    0.12012E+01    0.85800E+00
    0.14000E+01    0.12012E+01    0.85800E+00
    0.14000E+01    0.11676E+01    0.83400E+00
    0.14000E+01    0.11676E+01    0.83400E+00
    0.14000E+01    0.11284E+01    0.80600E+00
    0.14000E+01    0.11060E+01    0.79000E+00
    0.14000E+01    0.11060E+01    0.79000E+00
    0.14000E+01    0.10948E+01    0.78200E+00
    0.14000E+01    0.10948E+01    0.78200E+00
    0.14000E+01    0.10723E+01    0.76593E+00
    0.14000E+01    0.10723E+01    0.76593E+00
    0.14000E+01    0.10499E+01    0.74993E+00
    0.14000E+01    0.10499E+01    0.74993E+00
    0.14015E+01    0.10219E+01    0.72915E+00
    0.14015E+01    0.10219E+01    0.72915E+00
    0.14029E+01    0.99955E+00    0.71249E+00
    0.14029E+01    0.99955E+00    0.71249E+00
    0.14029E+01    0.97714E+00    0.69651E+00
    0.14029E+01    0.97714E+00    0.69651E+00
    0.14029E+01    0.94913E+00    0.67655E+00
    0.14029E+01    0.94913E+00    0.67655E+00
    0.14029E+01    0.92672E+00    0.66057E+00
    0.14029E+01    0.92672E+00    0.66057E+00
