    0.92647E+00    0.14804E+01    0.15979E+01
    0.93235E+00    0.14804E+01    0.15878E+01
    0.93235E+00    0.14804E+01    0.15878E+01
    0.93529E+00    0.14804E+01    0.15828E+01
    0.93529E+00    0.14804E+01    0.15828E+01
    0.93824E+00    0.14804E+01    0.15778E+01
    0.93824E+00    0.14804E+01    0.15778E+01
    0.94559E+00    0.14804E+01    0.15656E+01
    0.94853E+00    0.14804E+01    0.15607E+01
    0.94853E+00    0.14804E+01    0.15607E+01
    0.95441E+00    0.14804E+01    0.15511E+01
    0.95441E+00    0.14804E+01    0.15511E+01
    0.95588E+00    0.14748E+01    0.15429E+01
    0.95588E+00    0.14748E+01    0.15429E+01
    0.96029E+00    0.14748E+01    0.15358E+01
    0.96324E+00    0.14748E+01    0.15311E+01
    0.96324E+00    0.14748E+01    0.15311E+01
    0.96765E+00    0.14748E+01    0.15241E+01
    0.96765E+00    0.14748E+01    0.15241E+01
    0.97059E+00    0.14692E+01    0.15137E+01
    0.98235E+00    0.14692E+01    0.14956E+01
    0.98235E+00    0.14636E+01    0.14899E+01
    0.98235E+00    0.14636E+01    0.14899E+01
    0.98676E+00    0.14636E+01    0.14832E+01
    0.98676E+00    0.14636E+01    0.14832E+01
    0.98824E+00    0.14580E+01    0.14754E+01
    0.99706E+00    0.14580E+01    0.14623E+01
    0.10000E+01    0.14468E+01    0.14468E+01
    0.10000E+01    0.14468E+01    0.14468E+01
    0.10015E+01    0.14468E+01    0.14446E+01
    0.10015E+01    0.14468E+01    0.14446E+01
    0.10103E+01    0.14468E+01    0.14320E+01
    0.10147E+01    0.14356E+01    0.14148E+01
    0.10147E+01    0.14356E+01    0.14148E+01
    0.10176E+01    0.14356E+01    0.14108E+01
    0.10176E+01    0.14356E+01    0.14108E+01
    0.10206E+01    0.14356E+01    0.14066E+01
    0.10235E+01    0.14244E+01    0.13917E+01
    0.10309E+01    0.14244E+01    0.13817E+01
    0.10309E+01    0.14244E+01    0.13817E+01
    0.10338E+01    0.14244E+01    0.13778E+01
    0.10338E+01    0.14244E+01    0.13778E+01
    0.10353E+01    0.14188E+01    0.13704E+01
    0.10353E+01    0.14188E+01    0.13704E+01
    0.10426E+01    0.14132E+01    0.13555E+01
    0.10529E+01    0.14076E+01    0.13369E+01
    0.10529E+01    0.14020E+01    0.13316E+01
    0.10529E+01    0.14020E+01    0.13316E+01
    0.10529E+01    0.13964E+01    0.13262E+01
    0.10529E+01    0.13964E+01    0.13262E+01
    0.10603E+01    0.13964E+01    0.13170E+01
    0.10632E+01    0.13796E+01    0.12976E+01
    0.10632E+01    0.13796E+01    0.12976E+01
    0.10691E+01    0.13796E+01    0.12904E+01
    0.10691E+01    0.13796E+01    0.12904E+01
    0.10691E+01    0.13796E+01    0.12904E+01
    0.10750E+01    0.13739E+01    0.12780E+01
    0.10750E+01    0.13739E+01    0.12780E+01
    0.10824E+01    0.13571E+01    0.12538E+01
    0.10882E+01    0.13459E+01    0.12368E+01
    0.10882E+01    0.13459E+01    0.12368E+01
    0.10926E+01    0.13347E+01    0.12216E+01
    0.10941E+01    0.13347E+01    0.12199E+01
    0.11015E+01    0.13235E+01    0.12015E+01
    0.11059E+01    0.13179E+01    0.11917E+01
    0.11059E+01    0.13179E+01    0.11917E+01
    0.11103E+01    0.13123E+01    0.11819E+01
    0.11103E+01    0.13123E+01    0.11819E+01
    0.11118E+01    0.13067E+01    0.11753E+01
    0.11118E+01    0.13067E+01    0.11753E+01
    0.11176E+01    0.12955E+01    0.11592E+01
    0.11221E+01    0.12899E+01    0.11495E+01
    0.11221E+01    0.12899E+01    0.11495E+01
    0.11250E+01    0.12843E+01    0.11416E+01
    0.11250E+01    0.12843E+01    0.11416E+01
    0.11294E+01    0.12731E+01    0.11272E+01
    0.11294E+01    0.12675E+01    0.11223E+01
    0.11294E+01    0.12675E+01    0.11223E+01
    0.11353E+01    0.12563E+01    0.11066E+01
    0.11353E+01    0.12563E+01    0.11066E+01
    0.11368E+01    0.12507E+01    0.11002E+01
    0.11382E+01    0.12451E+01    0.10939E+01
    0.11382E+01    0.12451E+01    0.10939E+01
    0.11412E+01    0.12395E+01    0.10861E+01
    0.11412E+01    0.12395E+01    0.10861E+01
    0.11456E+01    0.12339E+01    0.10771E+01
    0.11456E+01    0.12283E+01    0.10722E+01
    0.11456E+01    0.12283E+01    0.10722E+01
    0.11485E+01    0.12283E+01    0.10695E+01
    0.11485E+01    0.12283E+01    0.10695E+01
    0.11500E+01    0.12227E+01    0.10632E+01
    0.11500E+01    0.12227E+01    0.10632E+01
    0.11500E+01    0.12227E+01    0.10632E+01
    0.11529E+01    0.12171E+01    0.10557E+01
    0.11529E+01    0.12171E+01    0.10557E+01
    0.11559E+01    0.12059E+01    0.10433E+01
    0.11574E+01    0.12003E+01    0.10371E+01
    0.11574E+01    0.12003E+01    0.10371E+01
    0.11618E+01    0.11947E+01    0.10283E+01
    0.11618E+01    0.11947E+01    0.10283E+01
    0.11632E+01    0.11891E+01    0.10223E+01
    0.11647E+01    0.11835E+01    0.10161E+01
    0.11647E+01    0.11835E+01    0.10161E+01
    0.11691E+01    0.11723E+01    0.10027E+01
    0.11691E+01    0.11723E+01    0.10027E+01
    0.11706E+01    0.11611E+01    0.99188E+00
    0.11735E+01    0.11555E+01    0.98466E+00
    0.11735E+01    0.11555E+01    0.98466E+00
    0.11779E+01    0.11499E+01    0.97623E+00
    0.11779E+01    0.11499E+01    0.97623E+00
    0.11794E+01    0.11443E+01    0.97024E+00
    0.11809E+01    0.11331E+01    0.95952E+00
    0.11809E+01    0.11331E+01    0.95952E+00
    0.11882E+01    0.11218E+01    0.94412E+00
    0.11882E+01    0.11218E+01    0.94412E+00
    0.11882E+01    0.11162E+01    0.93940E+00
    0.11882E+01    0.11162E+01    0.93940E+00
    0.11926E+01    0.11050E+01    0.92655E+00
    0.11956E+01    0.10938E+01    0.91485E+00
    0.11971E+01    0.10938E+01    0.91371E+00
    0.11971E+01    0.10882E+01    0.90903E+00
    0.11971E+01    0.10882E+01    0.90903E+00
    0.12000E+01    0.10826E+01    0.90217E+00
    0.12044E+01    0.10714E+01    0.88957E+00
    0.12044E+01    0.10714E+01    0.88957E+00
    0.12088E+01    0.10546E+01    0.87244E+00
    0.12088E+01    0.10546E+01    0.87244E+00
    0.12103E+01    0.10490E+01    0.86673E+00
    0.12103E+01    0.10490E+01    0.86673E+00
    0.12132E+01    0.10322E+01    0.85081E+00
    0.12147E+01    0.10266E+01    0.84515E+00
    0.12147E+01    0.10266E+01    0.84515E+00
    0.12191E+01    0.10154E+01    0.83291E+00
    0.12191E+01    0.10154E+01    0.83291E+00
    0.12221E+01    0.10154E+01    0.83086E+00
    0.12265E+01    0.10042E+01    0.81875E+00
    0.12265E+01    0.10042E+01    0.81875E+00
    0.12279E+01    0.99300E+00    0.80870E+00
    0.12279E+01    0.99300E+00    0.80870E+00
    0.12324E+01    0.97059E+00    0.78756E+00
    0.12338E+01    0.97059E+00    0.78667E+00
    0.12338E+01    0.97059E+00    0.78667E+00
    0.12382E+01    0.95378E+00    0.77030E+00
    0.12382E+01    0.95378E+00    0.77030E+00
    0.12426E+01    0.94258E+00    0.75855E+00
    0.12456E+01    0.93697E+00    0.75222E+00
    0.12456E+01    0.93697E+00    0.75222E+00
    0.12471E+01    0.93137E+00    0.74683E+00
    0.12471E+01    0.93137E+00    0.74683E+00
    0.12515E+01    0.91457E+00    0.73078E+00
    0.12529E+01    0.90896E+00    0.72548E+00
    0.12529E+01    0.90896E+00    0.72548E+00
    0.12544E+01    0.90336E+00    0.72015E+00
    0.12544E+01    0.90336E+00    0.72015E+00
    0.12559E+01    0.89776E+00    0.71483E+00
    0.12588E+01    0.88095E+00    0.69983E+00
    0.12588E+01    0.88095E+00    0.69983E+00
    0.12632E+01    0.86975E+00    0.68853E+00
    0.12632E+01    0.86975E+00    0.68853E+00
    0.12647E+01    0.86415E+00    0.68328E+00
    0.12676E+01    0.85294E+00    0.67288E+00
    0.12676E+01    0.85294E+00    0.67288E+00
    0.12735E+01    0.82493E+00    0.64777E+00
    0.12735E+01    0.82493E+00    0.64777E+00
    0.12750E+01    0.81373E+00    0.63822E+00
    0.12750E+01    0.81373E+00    0.63822E+00
    0.12809E+01    0.80252E+00    0.62653E+00
    0.12809E+01    0.80252E+00    0.62653E+00
    0.12809E+01    0.79692E+00    0.62216E+00
    0.12838E+01    0.78571E+00    0.61202E+00
    0.12882E+01    0.78011E+00    0.60558E+00
    0.12882E+01    0.78011E+00    0.60558E+00
    0.12897E+01    0.77451E+00    0.60054E+00
    0.12897E+01    0.77451E+00    0.60054E+00
    0.12897E+01    0.77451E+00    0.60054E+00
    0.12897E+01    0.76331E+00    0.59185E+00
    0.12897E+01    0.76331E+00    0.59185E+00
    0.12941E+01    0.74090E+00    0.57252E+00
    0.12941E+01    0.74090E+00    0.57252E+00
    0.12985E+01    0.73529E+00    0.56626E+00
    0.12985E+01    0.73529E+00    0.56626E+00
