    3.87387E+02    5.30392E+02    1.03039E-02    5.30835E+02    4.28738E-12
    4.11411E+02    5.79412E+02    1.09270E-02    5.79975E+02    4.28111E-12
    4.17417E+02    5.80392E+02    1.09270E-02    5.79975E+02    4.21951E-12
    4.23423E+02    5.96078E+02    1.06455E-02    5.95332E+02    4.05253E-12
    4.23423E+02    5.96078E+02    1.79389E-02    5.95332E+02    6.82897E-12
    4.47447E+02    6.60784E+02    2.70562E-02    6.59828E+02    9.74672E-12
    4.53453E+02    6.77451E+02    1.15876E-02    6.78255E+02    4.11904E-12
    4.53453E+02    6.77451E+02    2.55136E-02    6.78255E+02    9.06926E-12
    6.21622E+02    5.52941E+02    4.00165E-02    5.52334E+02    1.03764E-11
    6.27628E+02    4.32353E+02    1.71383E-02    4.32555E+02    4.40147E-12
    6.27628E+02    5.00980E+02    1.63733E-02    5.00123E+02    4.20502E-12
    9.33934E+02    6.77451E+02    1.15876E-02    6.78255E+02    1.99992E-12
    9.33934E+02    6.77451E+02    2.55136E-02    6.78255E+02    4.40340E-12
    1.17417E+03    7.64706E+02    4.89844E-02    7.64251E+02    6.72447E-12
    1.18619E+03    7.67647E+02    3.35546E-02    7.67322E+02    4.55966E-12
    1.19219E+03    7.70588E+02    6.48441E-02    7.70393E+02    8.76714E-12
    1.19820E+03    7.99020E+02    5.58104E-02    7.98034E+02    7.50792E-12
    1.21021E+03    7.95098E+02    3.35546E-02    7.94963E+02    4.46914E-12
    1.21021E+03    7.95098E+02    4.29933E-02    7.94963E+02    5.72628E-12
    1.21622E+03    8.09804E+02    3.72458E-02    8.10319E+02    4.93628E-12
    1.22222E+03    7.97059E+02    5.58104E-02    7.98034E+02    7.36034E-12
    1.33033E+03    7.34314E+02    6.35875E-02    7.33538E+02    7.70452E-12
    1.35435E+03    7.09804E+02    3.74896E-02    7.08968E+02    4.46181E-12
    1.36036E+03    7.33333E+02    6.35875E-02    7.33538E+02    7.53445E-12
    1.39039E+03    7.46078E+02    5.12729E-02    7.45823E+02    5.94407E-12
    1.39640E+03    7.33333E+02    6.35875E-02    7.33538E+02    7.34001E-12
    1.40841E+03    7.69608E+02    6.48441E-02    7.70393E+02    7.42122E-12
    1.40841E+03    7.34314E+02    6.35875E-02    7.33538E+02    7.27741E-12
    1.42643E+03    7.69608E+02    6.48441E-02    7.70393E+02    7.32748E-12
    1.42643E+03    7.34314E+02    6.35875E-02    7.33538E+02    7.18548E-12
    1.44444E+03    7.69608E+02    6.48441E-02    7.70393E+02    7.23608E-12
    1.45045E+03    7.63725E+02    4.89844E-02    7.64251E+02    5.44362E-12
    1.45646E+03    7.66667E+02    3.35546E-02    7.67322E+02    3.71353E-12
    1.47447E+03    7.64706E+02    4.89844E-02    7.64251E+02    5.35493E-12
    1.48649E+03    7.67647E+02    3.35546E-02    7.67322E+02    3.63851E-12
    1.49249E+03    5.52941E+02    4.00165E-02    5.52334E+02    4.32175E-12
    1.49249E+03    7.94118E+02    3.35546E-02    7.94963E+02    3.62387E-12
    1.49249E+03    7.94118E+02    4.29933E-02    7.94963E+02    4.64324E-12
    1.52252E+03    7.69608E+02    6.48441E-02    7.70393E+02    6.86500E-12
    1.56456E+03    5.30392E+02    1.03039E-02    5.30835E+02    1.06156E-12
    1.57057E+03    5.51961E+02    4.00165E-02    5.52334E+02    4.10691E-12
    1.58258E+03    6.28431E+02    4.80351E-02    6.29115E+02    4.89244E-12
    1.58258E+03    6.06863E+02    4.67980E-02    6.07617E+02    4.76644E-12
    1.58258E+03    5.80392E+02    1.09270E-02    5.79975E+02    1.11293E-12
    1.60060E+03    7.33333E+02    6.35875E-02    7.33538E+02    6.40357E-12
    1.61261E+03    5.80392E+02    1.09270E-02    5.79975E+02    1.09220E-12
    1.61862E+03    7.11765E+02    4.93049E-02    7.12039E+02    4.90997E-12
    1.69670E+03    7.70588E+02    6.48441E-02    7.70393E+02    6.16027E-12
    1.70871E+03    7.97059E+02    5.58104E-02    7.98034E+02    5.26478E-12
    1.71471E+03    7.94118E+02    3.35546E-02    7.94963E+02    3.15423E-12
    1.71471E+03    7.94118E+02    4.29933E-02    7.94963E+02    4.04149E-12
    1.72072E+03    7.99020E+02    5.58104E-02    7.98034E+02    5.22803E-12
    1.73273E+03    7.97059E+02    5.58104E-02    7.98034E+02    5.19178E-12
    1.75075E+03    7.69608E+02    6.48441E-02    7.70393E+02    5.97007E-12
    1.76276E+03    7.66667E+02    3.35546E-02    7.67322E+02    3.06825E-12
    1.76877E+03    7.69608E+02    6.48441E-02    7.70393E+02    5.90926E-12
    1.77477E+03    7.64706E+02    4.89844E-02    7.64251E+02    4.44885E-12
    1.78679E+03    7.70588E+02    6.48441E-02    7.70393E+02    5.84967E-12
    1.78679E+03    7.66667E+02    3.35546E-02    7.67322E+02    3.02700E-12
    1.84084E+03    6.60784E+02    2.70562E-02    6.59828E+02    2.36911E-12
    1.86486E+03    6.60784E+02    2.70562E-02    6.59828E+02    2.33859E-12
    1.87087E+03    6.77451E+02    1.15876E-02    6.78255E+02    9.98354E-13
    1.87087E+03    6.77451E+02    2.55136E-02    6.78255E+02    2.19817E-12
    1.87688E+03    6.60784E+02    2.70562E-02    6.59828E+02    2.32362E-12
    1.89489E+03    6.78431E+02    1.15876E-02    6.78255E+02    9.85697E-13
    1.89489E+03    6.78431E+02    2.55136E-02    6.78255E+02    2.17030E-12
    1.91892E+03    6.93137E+02    2.68803E-02    6.93612E+02    2.25793E-12
    1.96697E+03    7.06863E+02    6.78736E-02    7.05897E+02    5.56208E-12
    1.99700E+03    7.64706E+02    4.89844E-02    7.64251E+02    3.95379E-12
    2.00300E+03    6.60784E+02    2.70562E-02    6.59828E+02    2.17730E-12
    2.00901E+03    7.33333E+02    6.35875E-02    7.33538E+02    5.10180E-12
    2.02102E+03    7.70588E+02    6.48441E-02    7.70393E+02    5.17170E-12
    2.02703E+03    6.94118E+02    2.68803E-02    6.93612E+02    2.13751E-12
    2.02703E+03    7.64706E+02    4.89844E-02    7.64251E+02    3.89521E-12
    2.03904E+03    6.94118E+02    2.68803E-02    6.93612E+02    2.12492E-12
    2.04505E+03    7.46078E+02    5.12729E-02    7.45823E+02    4.04127E-12
    2.05706E+03    7.67647E+02    3.35546E-02    7.67322E+02    2.62929E-12
    2.05706E+03    7.70588E+02    6.48441E-02    7.70393E+02    5.08110E-12
    2.05706E+03    7.64706E+02    4.89844E-02    7.64251E+02    3.83835E-12
    2.08108E+03    7.67647E+02    3.35546E-02    7.67322E+02    2.59894E-12
    2.11111E+03    8.10784E+02    3.72458E-02    8.10319E+02    2.84380E-12
    2.13514E+03    7.99020E+02    5.58104E-02    7.98034E+02    4.21330E-12
    2.13514E+03    7.94118E+02    3.35546E-02    7.94963E+02    2.53314E-12
    2.13514E+03    7.94118E+02    4.29933E-02    7.94963E+02    3.24570E-12
    2.14715E+03    8.16667E+02    7.38802E-02    8.16462E+02    5.54625E-12
    2.15916E+03    7.97059E+02    5.58104E-02    7.98034E+02    4.16642E-12
    2.16517E+03    8.09804E+02    3.72458E-02    8.10319E+02    2.77281E-12
    2.18318E+03    7.46078E+02    5.12729E-02    7.45823E+02    3.78556E-12
    2.19520E+03    8.15686E+02    7.38802E-02    8.16462E+02    5.42485E-12
    2.19520E+03    8.09804E+02    3.72458E-02    8.10319E+02    2.73488E-12
    2.20721E+03    7.67647E+02    3.35546E-02    7.67322E+02    2.45043E-12
    2.21321E+03    8.09804E+02    3.72458E-02    8.10319E+02    2.71261E-12
    2.21922E+03    7.67647E+02    3.35546E-02    7.67322E+02    2.43716E-12
    2.23123E+03    7.66667E+02    3.35546E-02    7.67322E+02    2.42404E-12
    2.23724E+03    7.70588E+02    6.48441E-02    7.70393E+02    4.67188E-12
    2.27928E+03    8.09804E+02    3.72458E-02    8.10319E+02    2.63398E-12
    2.29730E+03    8.10784E+02    3.72458E-02    8.10319E+02    2.61333E-12
    2.32733E+03    8.16667E+02    7.38802E-02    8.16462E+02    5.11686E-12
    2.33333E+03    7.99020E+02    5.58104E-02    7.98034E+02    3.85542E-12
    2.44144E+03    8.16667E+02    7.38802E-02    8.16462E+02    4.87770E-12
