    6.79121E+02    7.49074E+02    1.00000E-02    7.45823E+02    2.66093E-12
    6.81319E+02    7.60185E+02    1.94514E-02    7.58108E+02    5.15919E-12
    6.81319E+02    7.46759E+02    1.00000E-02    7.45823E+02    2.65235E-12
    6.85714E+02    7.62500E+02    1.94514E-02    7.58108E+02    5.12612E-12
    6.85714E+02    7.53241E+02    1.94514E-02    7.58108E+02    5.12612E-12
    6.90110E+02    7.60185E+02    1.94514E-02    7.58108E+02    5.09347E-12
    6.92308E+02    7.55556E+02    1.94514E-02    7.58108E+02    5.07730E-12
    6.96703E+02    7.61574E+02    1.94514E-02    7.58108E+02    5.04527E-12
    7.01099E+02    8.20833E+02    1.16186E-02    8.25676E+02    2.99472E-12
    7.16484E+02    8.25926E+02    1.16186E-02    8.25676E+02    2.93042E-12
    9.95604E+02    7.60185E+02    1.94514E-02    7.58108E+02    3.53057E-12
    1.01099E+03    7.60185E+02    1.94514E-02    7.58108E+02    3.47685E-12
    1.01978E+03    7.60185E+02    1.94514E-02    7.58108E+02    3.44688E-12
    1.02857E+03    7.59722E+02    1.94514E-02    7.58108E+02    3.41742E-12
    1.04615E+03    8.21296E+02    1.16186E-02    8.25676E+02    2.00697E-12
    1.04615E+03    8.65278E+02    1.83424E-02    8.62531E+02    3.16841E-12
    1.04615E+03    8.65278E+02    2.80280E-02    8.62531E+02    4.84147E-12
    1.04835E+03    8.25000E+02    1.16186E-02    8.25676E+02    2.00276E-12
    1.05495E+03    8.59722E+02    1.83424E-02    8.62531E+02    3.14200E-12
    1.05495E+03    8.59722E+02    2.80280E-02    8.62531E+02    4.80112E-12
    1.05495E+03    8.20833E+02    1.16186E-02    8.25676E+02    1.99024E-12
    1.05934E+03    8.25463E+02    1.16186E-02    8.25676E+02    1.98199E-12
    1.06154E+03    8.28241E+02    1.16186E-02    8.25676E+02    1.97788E-12
    1.07033E+03    8.25926E+02    1.16186E-02    8.25676E+02    1.96164E-12
    1.07033E+03    8.25926E+02    1.16186E-02    8.25676E+02    1.96164E-12
    1.07033E+03    8.59722E+02    1.83424E-02    8.62531E+02    3.09684E-12
    1.07033E+03    8.59722E+02    2.80280E-02    8.62531E+02    4.73211E-12
    1.07033E+03    8.64815E+02    1.83424E-02    8.62531E+02    3.09684E-12
    1.07033E+03    8.64815E+02    2.80280E-02    8.62531E+02    4.73211E-12
    1.07253E+03    8.27315E+02    1.16186E-02    8.25676E+02    1.95762E-12
    1.07692E+03    8.25000E+02    1.16186E-02    8.25676E+02    1.94963E-12
    1.09890E+03    8.65278E+02    1.83424E-02    8.62531E+02    3.01632E-12
    1.09890E+03    8.65278E+02    2.80280E-02    8.62531E+02    4.60908E-12
    1.10989E+03    8.59722E+02    1.83424E-02    8.62531E+02    2.98646E-12
    1.10989E+03    8.59722E+02    2.80280E-02    8.62531E+02    4.56344E-12
    1.21319E+03    8.78241E+02    3.19337E-02    8.80958E+02    4.75666E-12
    1.21319E+03    9.27778E+02    2.08984E-02    9.27027E+02    3.11291E-12
    1.21538E+03    8.84722E+02    3.19337E-02    8.80958E+02    4.74806E-12
    1.21978E+03    8.82407E+02    3.19337E-02    8.80958E+02    4.73095E-12
    1.22418E+03    8.66204E+02    1.83424E-02    8.62531E+02    2.70765E-12
    1.22418E+03    8.66204E+02    2.80280E-02    8.62531E+02    4.13741E-12
    1.22637E+03    8.81019E+02    3.19337E-02    8.80958E+02    4.70551E-12
    1.22637E+03    8.77315E+02    3.19337E-02    8.80958E+02    4.70551E-12
    1.23077E+03    8.79167E+02    3.19337E-02    8.80958E+02    4.68871E-12
    1.23297E+03    8.82870E+02    3.19337E-02    8.80958E+02    4.68035E-12
    1.23516E+03    8.76389E+02    3.19337E-02    8.80958E+02    4.67202E-12
    1.23956E+03    8.80556E+02    3.19337E-02    8.80958E+02    4.65545E-12
    1.24176E+03    8.85648E+02    3.19337E-02    8.80958E+02    4.64721E-12
    1.24396E+03    8.78241E+02    3.19337E-02    8.80958E+02    4.63900E-12
    1.24396E+03    8.82870E+02    3.19337E-02    8.80958E+02    4.63900E-12
    1.25055E+03    8.80556E+02    3.19337E-02    8.80958E+02    4.61454E-12
    1.25275E+03    8.84259E+02    3.19337E-02    8.80958E+02    4.60645E-12
    1.25495E+03    8.77778E+02    3.19337E-02    8.80958E+02    4.59838E-12
    1.25714E+03    8.51852E+02    2.03602E-02    8.50246E+02    2.92670E-12
    1.25714E+03    8.51852E+02    3.05084E-02    8.47174E+02    4.38546E-12
    1.25934E+03    8.81944E+02    3.19337E-02    8.80958E+02    4.58233E-12
    1.26374E+03    8.85185E+02    3.19337E-02    8.80958E+02    4.56639E-12
    1.26374E+03    8.78241E+02    3.19337E-02    8.80958E+02    4.56639E-12
    1.26813E+03    8.52778E+02    2.03602E-02    8.50246E+02    2.90134E-12
    1.27033E+03    8.83333E+02    3.19337E-02    8.80958E+02    4.54269E-12
    1.27253E+03    8.80093E+02    3.19337E-02    8.80958E+02    4.53485E-12
    1.27692E+03    8.29630E+02    1.16186E-02    8.25676E+02    1.64426E-12
    1.27912E+03    8.55093E+02    2.03602E-02    8.50246E+02    2.87641E-12
    1.28132E+03    8.28704E+02    1.16186E-02    8.25676E+02    1.63862E-12
    1.28132E+03    8.83796E+02    3.19337E-02    8.80958E+02    4.50373E-12
    1.28132E+03    8.79167E+02    3.19337E-02    8.80958E+02    4.50373E-12
    1.28352E+03    8.53241E+02    2.03602E-02    8.50246E+02    2.86656E-12
    1.28352E+03    8.81944E+02    3.19337E-02    8.80958E+02    4.49602E-12
    1.28791E+03    8.30093E+02    1.16186E-02    8.25676E+02    1.63023E-12
    1.29011E+03    8.84722E+02    3.19337E-02    8.80958E+02    4.47304E-12
    1.29011E+03    8.76852E+02    3.19337E-02    8.80958E+02    4.47304E-12
    1.29231E+03    8.82407E+02    3.19337E-02    8.80958E+02    4.46544E-12
    1.29451E+03    8.36574E+02    2.99172E-02    8.41032E+02    4.17635E-12
    1.29670E+03    8.29630E+02    1.16186E-02    8.25676E+02    1.61918E-12
    1.30549E+03    8.84259E+02    3.19337E-02    8.80958E+02    4.42033E-12
    1.30769E+03    8.83333E+02    3.19337E-02    8.80958E+02    4.41290E-12
    1.31648E+03    8.36574E+02    2.99172E-02    8.41032E+02    4.10663E-12
    1.32088E+03    8.54630E+02    2.03602E-02    8.50246E+02    2.78547E-12
    1.32747E+03    8.36574E+02    2.99172E-02    8.41032E+02    4.07264E-12
    1.33626E+03    8.46296E+02    2.03602E-02    8.50246E+02    2.75341E-12
    1.33626E+03    8.46296E+02    3.05084E-02    8.47174E+02    4.12579E-12
    1.33846E+03    8.48148E+02    2.03602E-02    8.50246E+02    2.74888E-12
    1.33846E+03    8.48148E+02    3.05084E-02    8.47174E+02    4.11902E-12
    1.36044E+03    8.36574E+02    2.99172E-02    8.41032E+02    3.97395E-12
    1.38462E+03    8.64352E+02    1.83424E-02    8.62531E+02    2.39391E-12
    1.38462E+03    8.64352E+02    2.80280E-02    8.62531E+02    3.65800E-12
    1.40220E+03    8.64815E+02    1.83424E-02    8.62531E+02    2.36389E-12
    1.40220E+03    8.64815E+02    2.80280E-02    8.62531E+02    3.61213E-12
    1.42418E+03    8.78241E+02    3.19337E-02    8.80958E+02    4.05197E-12
    1.42857E+03    8.76852E+02    3.19337E-02    8.80958E+02    4.03950E-12
    1.43077E+03    8.80093E+02    3.19337E-02    8.80958E+02    4.03330E-12
    1.43736E+03    8.76389E+02    3.19337E-02    8.80958E+02    4.01479E-12
    1.44396E+03    8.49537E+02    2.03602E-02    8.50246E+02    2.54805E-12
    1.44396E+03    8.49537E+02    3.05084E-02    8.47174E+02    3.81809E-12
    1.45275E+03    8.45370E+02    2.03602E-02    8.50246E+02    2.53263E-12
    1.45275E+03    8.45370E+02    2.99172E-02    8.41032E+02    3.72144E-12
    1.45275E+03    8.45370E+02    3.05084E-02    8.47174E+02    3.79498E-12
    1.45495E+03    8.48611E+02    2.03602E-02    8.50246E+02    2.52881E-12
    1.45495E+03    8.48611E+02    3.05084E-02    8.47174E+02    3.78925E-12
    1.45495E+03    8.76389E+02    3.19337E-02    8.80958E+02    3.96628E-12
    1.46374E+03    8.46759E+02    2.03602E-02    8.50246E+02    2.51362E-12
    1.46374E+03    8.46759E+02    3.05084E-02    8.47174E+02    3.76649E-12
    1.47473E+03    8.49074E+02    2.03602E-02    8.50246E+02    2.49489E-12
    1.47473E+03    8.49074E+02    3.05084E-02    8.47174E+02    3.73842E-12
    1.47692E+03    8.80093E+02    3.19337E-02    8.80958E+02    3.90726E-12
    1.48571E+03    8.47222E+02    2.03602E-02    8.50246E+02    2.47644E-12
    1.48571E+03    8.47222E+02    3.05084E-02    8.47174E+02    3.71077E-12
    1.48571E+03    8.42593E+02    2.99172E-02    8.41032E+02    3.63886E-12
    1.48571E+03    8.42593E+02    3.05084E-02    8.47174E+02    3.71077E-12
    1.48791E+03    8.49537E+02    2.03602E-02    8.50246E+02    2.47278E-12
    1.48791E+03    8.49537E+02    3.05084E-02    8.47174E+02    3.70529E-12
    1.49670E+03    8.46759E+02    2.03602E-02    8.50246E+02    2.45825E-12
    1.49670E+03    8.46759E+02    3.05084E-02    8.47174E+02    3.68353E-12
