6.3736263736e+2  7.7592592593e+2
6.3956043956e+2  7.6805555556e+2
6.3956043956e+2  7.7175925926e+2
6.4175824176e+2  7.7083333333e+2
6.4395604396e+2  7.6342592593e+2
6.4615384615e+2  7.7546296296e+2
6.4835164835e+2  7.7314814815e+2
6.4835164835e+2  7.7916666667e+2
6.5274725275e+2  7.6898148148e+2
6.5494505495e+2  7.7037037037e+2
6.6373626374e+2  7.8703703704e+2
6.7912087912e+2  7.4907407407e+2
6.8131868132e+2  7.6018518519e+2
6.8131868132e+2  7.4675925926e+2
6.8351648352e+2  7.6435185185e+2
6.8351648352e+2  7.8750000000e+2
6.8571428571e+2  7.6250000000e+2
6.8571428571e+2  7.6666666667e+2
6.8571428571e+2  7.5324074074e+2
6.8791208791e+2  7.8472222222e+2
6.8791208791e+2  7.8009259259e+2
6.9010989011e+2  7.7824074074e+2
6.9010989011e+2  7.9074074074e+2
6.9010989011e+2  7.6018518519e+2
6.9230769231e+2  7.7175925926e+2
6.9230769231e+2  7.5555555556e+2
6.9450549451e+2  7.8750000000e+2
6.9670329670e+2  7.7500000000e+2
6.9670329670e+2  7.9259259259e+2
6.9670329670e+2  7.9583333333e+2
6.9670329670e+2  7.9768518519e+2
6.9670329670e+2  7.6157407407e+2
6.9670329670e+2  8.1481481481e+2
6.9890109890e+2  8.0138888889e+2
6.9890109890e+2  7.8472222222e+2
6.9890109890e+2  7.9907407407e+2
7.0109890110e+2  7.8240740741e+2
7.0109890110e+2  8.2083333333e+2
7.0109890110e+2  8.1851851852e+2
7.0109890110e+2  8.0787037037e+2
7.0109890110e+2  8.0324074074e+2
7.0329670330e+2  8.1296296296e+2
7.0549450549e+2  8.1064814815e+2
7.0549450549e+2  7.9768518519e+2
7.0549450549e+2  7.9120370370e+2
7.0769230769e+2  7.8379629630e+2
7.0769230769e+2  8.1620370370e+2
7.0989010989e+2  8.0555555556e+2
7.1208791209e+2  7.9629629630e+2
7.1208791209e+2  8.1296296296e+2
7.1208791209e+2  8.1990740741e+2
7.1648351648e+2  8.1388888889e+2
7.1648351648e+2  8.2592592593e+2
7.1868131868e+2  8.1620370370e+2
7.1868131868e+2  8.0787037037e+2
7.2307692308e+2  8.1018518519e+2
7.2967032967e+2  8.1574074074e+2
9.9340659341e+2  7.7222222222e+2
9.9340659341e+2  7.8333333333e+2
9.9560439560e+2  7.6018518519e+2
9.9780219780e+2  7.6481481481e+2
9.9780219780e+2  7.7592592593e+2
9.9780219780e+2  7.7407407407e+2
1.0021978022e+3  7.6759259259e+2
1.0065934066e+3  7.7361111111e+2
1.0087912088e+3  7.6805555556e+2
1.0109890110e+3  7.6018518519e+2
1.0109890110e+3  7.8379629630e+2
1.0109890110e+3  7.7546296296e+2
1.0109890110e+3  7.8750000000e+2
1.0109890110e+3  7.6527777778e+2
1.0153846154e+3  7.7314814815e+2
1.0175824176e+3  7.8657407407e+2
1.0197802198e+3  7.8333333333e+2
1.0197802198e+3  7.7453703704e+2
1.0197802198e+3  7.6018518519e+2
1.0197802198e+3  8.0462962963e+2
1.0197802198e+3  7.8518518519e+2
1.0197802198e+3  7.8842592593e+2
1.0219780220e+3  7.7638888889e+2
1.0263736264e+3  7.8611111111e+2
1.0285714286e+3  7.8333333333e+2
1.0285714286e+3  7.5972222222e+2
1.0307692308e+3  7.7546296296e+2
1.0307692308e+3  7.8564814815e+2
1.0329670330e+3  7.6481481481e+2
1.0329670330e+3  7.8750000000e+2
1.0351648352e+3  7.8287037037e+2
1.0395604396e+3  8.1574074074e+2
1.0395604396e+3  7.8564814815e+2
1.0395604396e+3  7.8888888889e+2
1.0461538462e+3  8.2129629630e+2
1.0461538462e+3  8.1018518519e+2
1.0461538462e+3  8.6527777778e+2
1.0483516484e+3  8.1574074074e+2
1.0483516484e+3  8.0972222222e+2
1.0483516484e+3  8.2500000000e+2
1.0483516484e+3  8.0509259259e+2
1.0527472527e+3  8.0509259259e+2
1.0549450549e+3  8.5972222222e+2
1.0549450549e+3  8.2083333333e+2
1.0571428571e+3  8.1064814815e+2
1.0593406593e+3  8.2546296296e+2
1.0615384615e+3  8.3287037037e+2
1.0615384615e+3  8.2824074074e+2
1.0615384615e+3  8.5740740741e+2
1.0681318681e+3  8.5694444444e+2
1.0681318681e+3  8.3333333333e+2
1.0703296703e+3  8.2592592593e+2
1.0703296703e+3  8.2592592593e+2
1.0703296703e+3  8.5972222222e+2
1.0703296703e+3  8.6481481481e+2
1.0725274725e+3  8.2731481481e+2
1.0769230769e+3  8.2500000000e+2
1.0901098901e+3  8.5694444444e+2
1.0989010989e+3  8.6527777778e+2
1.1098901099e+3  8.5972222222e+2
1.1868131868e+3  8.7314814815e+2
1.1890109890e+3  8.7546296296e+2
1.2000000000e+3  8.7546296296e+2
1.2043956044e+3  8.7361111111e+2
1.2109890110e+3  9.0185185185e+2
1.2131868132e+3  8.7824074074e+2
1.2131868132e+3  8.9953703704e+2
1.2131868132e+3  8.7546296296e+2
1.2131868132e+3  9.2777777778e+2
1.2131868132e+3  8.6990740741e+2
1.2153846154e+3  8.8472222222e+2
1.2175824176e+3  8.7268518519e+2
1.2197802198e+3  8.6990740741e+2
1.2197802198e+3  8.8842592593e+2
1.2197802198e+3  9.1018518519e+2
1.2197802198e+3  8.8240740741e+2
1.2241758242e+3  8.6620370370e+2
1.2241758242e+3  8.7592592593e+2
1.2263736264e+3  8.8101851852e+2
1.2263736264e+3  9.0138888889e+2
1.2263736264e+3  8.7731481481e+2
1.2285714286e+3  8.6851851852e+2
1.2285714286e+3  9.1250000000e+2
1.2285714286e+3  8.7407407407e+2
1.2307692308e+3  8.9166666667e+2
1.2307692308e+3  8.7916666667e+2
1.2329670330e+3  8.8287037037e+2
1.2351648352e+3  9.1805555556e+2
1.2351648352e+3  8.8611111111e+2
1.2351648352e+3  9.0000000000e+2
1.2351648352e+3  8.7638888889e+2
1.2373626374e+3  8.7361111111e+2
1.2395604396e+3  8.8055555556e+2
1.2395604396e+3  8.8981481481e+2
1.2417582418e+3  9.0046296296e+2
1.2417582418e+3  9.1435185185e+2
1.2417582418e+3  8.8796296296e+2
1.2417582418e+3  8.8564814815e+2
1.2439560440e+3  8.7824074074e+2
1.2439560440e+3  8.8287037037e+2
1.2461538462e+3  8.7175925926e+2
1.2461538462e+3  8.9212962963e+2
1.2505494505e+3  8.8055555556e+2
1.2505494505e+3  8.8888888889e+2
1.2527472527e+3  9.0000000000e+2
1.2527472527e+3  8.8425925926e+2
1.2527472527e+3  9.0185185185e+2
1.2549450549e+3  8.9351851852e+2
1.2549450549e+3  8.7777777778e+2
1.2549450549e+3  8.8611111111e+2
1.2571428571e+3  8.5185185185e+2
1.2593406593e+3  8.9074074074e+2
1.2593406593e+3  8.8796296296e+2
1.2593406593e+3  8.8194444444e+2
1.2637362637e+3  8.8518518519e+2
1.2637362637e+3  8.9629629630e+2
1.2637362637e+3  8.7824074074e+2
1.2659340659e+3  8.9814814815e+2
1.2681318681e+3  8.8611111111e+2
1.2681318681e+3  8.9351851852e+2
1.2681318681e+3  8.5277777778e+2
1.2703296703e+3  8.8333333333e+2
1.2703296703e+3  8.9722222222e+2
1.2703296703e+3  8.8935185185e+2
1.2725274725e+3  8.8009259259e+2
1.2725274725e+3  8.3472222222e+2
1.2747252747e+3  8.9120370370e+2
1.2769230769e+3  8.9490740741e+2
1.2769230769e+3  8.2962962963e+2
1.2791208791e+3  8.7546296296e+2
1.2791208791e+3  8.5509259259e+2
1.2791208791e+3  8.8888888889e+2
1.2791208791e+3  8.8611111111e+2
1.2791208791e+3  8.3472222222e+2
1.2813186813e+3  8.2870370370e+2
1.2813186813e+3  8.8379629630e+2
1.2813186813e+3  8.7916666667e+2
1.2835164835e+3  8.5324074074e+2
1.2835164835e+3  8.7129629630e+2
1.2835164835e+3  8.9166666667e+2
1.2835164835e+3  8.8194444444e+2
1.2857142857e+3  8.9629629630e+2
1.2857142857e+3  9.0277777778e+2
1.2857142857e+3  8.8703703704e+2
1.2879120879e+3  8.3009259259e+2
1.2901098901e+3  8.8472222222e+2
1.2901098901e+3  8.7685185185e+2
1.2923076923e+3  8.8240740741e+2
1.2923076923e+3  8.8888888889e+2
1.2945054945e+3  8.3657407407e+2
1.2945054945e+3  8.9166666667e+2
1.2967032967e+3  8.2962962963e+2
1.3032967033e+3  9.2175925926e+2
1.3054945055e+3  8.3287037037e+2
1.3054945055e+3  8.5694444444e+2
1.3054945055e+3  8.8425925926e+2
1.3076923077e+3  8.8333333333e+2
1.3120879121e+3  8.3287037037e+2
1.3142857143e+3  9.1435185185e+2
1.3164835165e+3  8.3657407407e+2
1.3208791209e+3  9.0416666667e+2
1.3208791209e+3  8.5462962963e+2
1.3274725275e+3  8.3657407407e+2
1.3274725275e+3  9.1944444444e+2
1.3362637363e+3  9.0648148148e+2
1.3362637363e+3  8.4629629630e+2
1.3384615385e+3  8.4814814815e+2
1.3604395604e+3  8.3657407407e+2
1.3824175824e+3  8.7314814815e+2
1.3846153846e+3  8.6435185185e+2
1.4021978022e+3  8.6481481481e+2
1.4131868132e+3  8.7314814815e+2
1.4153846154e+3  8.7592592593e+2
1.4197802198e+3  8.7037037037e+2
1.4241758242e+3  8.7824074074e+2
1.4263736264e+3  8.7129629630e+2
1.4285714286e+3  8.7685185185e+2
1.4307692308e+3  8.8009259259e+2
1.4373626374e+3  8.7638888889e+2
1.4439560440e+3  8.4953703704e+2
1.4461538462e+3  8.7175925926e+2
1.4505494505e+3  8.7037037037e+2
1.4527472527e+3  8.4537037037e+2
1.4549450549e+3  8.4861111111e+2
1.4549450549e+3  8.7638888889e+2
1.4637362637e+3  8.4675925926e+2
1.4637362637e+3  8.7129629630e+2
1.4725274725e+3  8.7037037037e+2
1.4747252747e+3  8.4907407407e+2
1.4769230769e+3  8.8009259259e+2
1.4857142857e+3  8.4722222222e+2
1.4857142857e+3  8.4259259259e+2
1.4857142857e+3  8.7175925926e+2
1.4879120879e+3  8.4953703704e+2
1.4967032967e+3  8.4675925926e+2
