    0.30521E+37    0.50905E+03
    0.31620E+37    0.51301E+03
    0.32722E+37    0.51697E+03
    0.32722E+37    0.52094E+03
    0.33823E+37    0.52490E+03
    0.33823E+37    0.52886E+03
    0.33823E+37    0.53283E+03
    0.33823E+37    0.53283E+03
    0.33823E+37    0.53482E+03
    0.33823E+37    0.53878E+03
    0.32722E+37    0.53284E+03
    0.32722E+37    0.52887E+03
    0.32722E+37    0.53086E+03
    0.34925E+37    0.53679E+03
    0.33823E+37    0.54077E+03
    0.33823E+37    0.54672E+03
    0.33823E+37    0.54672E+03
    0.33823E+37    0.54672E+03
    0.33823E+37    0.54672E+03
    0.33823E+37    0.55069E+03
    0.31620E+37    0.54674E+03
    0.32722E+37    0.54673E+03
    0.32722E+37    0.54475E+03
    0.32722E+37    0.55268E+03
    0.32722E+37    0.54871E+03
    0.34925E+37    0.55068E+03
    0.34925E+37    0.54671E+03
    0.34925E+37    0.55663E+03
    0.34925E+37    0.55862E+03
    0.30521E+37    0.55865E+03
    0.30521E+37    0.55468E+03
    0.32722E+37    0.55665E+03
    0.36026E+37    0.56853E+03
    0.36026E+37    0.57051E+03
    0.36026E+37    0.57250E+03
    0.36026E+37    0.57250E+03
    0.36026E+37    0.57845E+03
    0.36026E+37    0.58043E+03
    0.36026E+37    0.58440E+03
    0.36026E+37    0.58440E+03
    0.36026E+37    0.58440E+03
    0.36026E+37    0.58639E+03
    0.36026E+37    0.59234E+03
    0.33823E+37    0.58640E+03
    0.33823E+37    0.58045E+03
    0.33823E+37    0.57847E+03
    0.32722E+37    0.58244E+03
    0.36026E+37    0.59631E+03
    0.36026E+37    0.60028E+03
    0.36026E+37    0.61020E+03
    0.36026E+37    0.61416E+03
    0.36026E+37    0.61615E+03
    0.37128E+37    0.61614E+03
    0.37128E+37    0.61217E+03
    0.37128E+37    0.62011E+03
    0.37128E+37    0.62804E+03
    0.37128E+37    0.62408E+03
    0.38227E+37    0.62605E+03
    0.38227E+37    0.63002E+03
    0.37128E+37    0.63003E+03
    0.37128E+37    0.63598E+03
    0.37128E+37    0.63995E+03
    0.37128E+37    0.64789E+03
    0.37128E+37    0.64590E+03
    0.38227E+37    0.64391E+03
    0.38227E+37    0.65185E+03
    0.38227E+37    0.64788E+03
    0.39331E+37    0.64985E+03
    0.39331E+37    0.65184E+03
    0.39331E+37    0.65382E+03
    0.39331E+37    0.65581E+03
    0.37128E+37    0.65582E+03
    0.38227E+37    0.66177E+03
    0.38227E+37    0.66772E+03
    0.38227E+37    0.67367E+03
    0.38227E+37    0.67566E+03
    0.38227E+37    0.67764E+03
    0.39331E+37    0.67961E+03
    0.51441E+37    0.42952E+03
    0.54749E+37    0.42949E+03
    0.54749E+37    0.43545E+03
    0.52544E+37    0.43546E+03
    0.52544E+37    0.43546E+03
    0.52544E+37    0.44142E+03
    0.53646E+37    0.44538E+03
    0.53646E+37    0.44736E+03
    0.53646E+37    0.44736E+03
    0.53646E+37    0.45133E+03
    0.53646E+37    0.45133E+03
    0.53646E+37    0.45530E+03
    0.52544E+37    0.45530E+03
    0.52544E+37    0.45530E+03
    0.52544E+37    0.46324E+03
    0.53646E+37    0.46522E+03
    0.54749E+37    0.46521E+03
    0.54749E+37    0.45926E+03
    0.54749E+37    0.45727E+03
    0.54749E+37    0.45529E+03
    0.54749E+37    0.45529E+03
    0.54749E+37    0.45330E+03
    0.54749E+37    0.45330E+03
    0.54749E+37    0.45132E+03
    0.54749E+37    0.45132E+03
    0.54749E+37    0.45132E+03
    0.54749E+37    0.44933E+03
    0.54749E+37    0.44933E+03
    0.54749E+37    0.44735E+03
    0.54749E+37    0.44338E+03
    0.54749E+37    0.44338E+03
    0.54749E+37    0.44338E+03
    0.54749E+37    0.44338E+03
    0.54749E+37    0.44338E+03
    0.54749E+37    0.43941E+03
    0.54749E+37    0.43941E+03
    0.54749E+37    0.43941E+03
    0.54749E+37    0.43941E+03
    0.54749E+37    0.43743E+03
    0.54749E+37    0.43545E+03
    0.54749E+37    0.43545E+03
    0.54749E+37    0.43545E+03
    0.54749E+37    0.43545E+03
    0.54749E+37    0.43148E+03
    0.58054E+37    0.46121E+03
    0.54749E+37    0.46719E+03
    0.56950E+37    0.47313E+03
    0.56950E+37    0.47511E+03
    0.56950E+37    0.47710E+03
    0.55849E+37    0.48107E+03
    0.52544E+37    0.48507E+03
    0.54749E+37    0.48306E+03
    0.55849E+37    0.48702E+03
    0.55849E+37    0.49099E+03
    0.55849E+37    0.49496E+03
    0.56950E+37    0.49495E+03
    0.58054E+37    0.49494E+03
    0.59151E+37    0.49295E+03
    0.58054E+37    0.49891E+03
    0.54749E+37    0.49894E+03
    0.53646E+37    0.49895E+03
    0.53646E+37    0.50291E+03
    0.54749E+37    0.50092E+03
    0.54749E+37    0.50687E+03
    0.54749E+37    0.51084E+03
    0.52544E+37    0.51483E+03
    0.52544E+37    0.51086E+03
    0.56950E+37    0.50884E+03
    0.56950E+37    0.51281E+03
    0.55849E+37    0.51282E+03
    0.55849E+37    0.51679E+03
    0.54749E+37    0.52275E+03
    0.56950E+37    0.52273E+03
    0.55849E+37    0.52671E+03
    0.56950E+37    0.52075E+03
    0.56950E+37    0.51876E+03
    0.58054E+37    0.51875E+03
    0.58054E+37    0.52074E+03
    0.58054E+37    0.52272E+03
    0.53646E+37    0.53664E+03
    0.53646E+37    0.54260E+03
    0.53646E+37    0.54061E+03
    0.54749E+37    0.54060E+03
    0.54749E+37    0.53664E+03
    0.52544E+37    0.54062E+03
    0.52544E+37    0.55054E+03
    0.53646E+37    0.55649E+03
    0.54749E+37    0.55251E+03
    0.58054E+37    0.55248E+03
    0.59151E+37    0.55843E+03
    0.59151E+37    0.56041E+03
    0.56950E+37    0.55844E+03
    0.56950E+37    0.55448E+03
    0.59151E+37    0.55446E+03
    0.56950E+37    0.55448E+03
    0.58054E+37    0.55447E+03
    0.58054E+37    0.55844E+03
    0.58054E+37    0.55645E+03
    0.59151E+37    0.56041E+03
    0.58054E+37    0.59812E+03
    0.58054E+37    0.60209E+03
    0.59151E+37    0.59811E+03
    0.59151E+37    0.59414E+03
    0.56950E+37    0.59416E+03
    0.56950E+37    0.59813E+03
    0.81179E+37    0.65746E+03
    0.81179E+37    0.66341E+03
    0.81179E+37    0.66143E+03
    0.81179E+37    0.66738E+03
    0.81179E+37    0.66738E+03
    0.81179E+37    0.66738E+03
    0.81179E+37    0.66143E+03
    0.81179E+37    0.66738E+03
    0.81179E+37    0.66540E+03
    0.81179E+37    0.66738E+03
    0.81179E+37    0.66936E+03
    0.81179E+37    0.67135E+03
    0.81179E+37    0.67135E+03
    0.81179E+37    0.67333E+03
    0.81179E+37    0.67333E+03
    0.81179E+37    0.67333E+03
    0.81179E+37    0.67730E+03
    0.81179E+37    0.67730E+03
    0.81179E+37    0.67730E+03
    0.81179E+37    0.67730E+03
    0.81179E+37    0.67929E+03
    0.81179E+37    0.67929E+03
    0.81179E+37    0.67929E+03
    0.81179E+37    0.68127E+03
    0.81179E+37    0.68127E+03
    0.81179E+37    0.68524E+03
    0.82276E+37    0.66142E+03
    0.82276E+37    0.66142E+03
    0.82276E+37    0.66142E+03
    0.82276E+37    0.66737E+03
    0.82276E+37    0.66539E+03
    0.82276E+37    0.66539E+03
    0.82276E+37    0.66539E+03
    0.82276E+37    0.67134E+03
    0.82276E+37    0.67134E+03
    0.82276E+37    0.67134E+03
    0.82276E+37    0.67531E+03
    0.82276E+37    0.67928E+03
    0.82276E+37    0.67928E+03
    0.82276E+37    0.67928E+03
    0.82276E+37    0.68126E+03
    0.82276E+37    0.68126E+03
    0.82276E+37    0.68523E+03
    0.82276E+37    0.68523E+03
    0.82276E+37    0.68523E+03
    0.82276E+37    0.68721E+03
    0.82276E+37    0.68721E+03
    0.82276E+37    0.68920E+03
    0.82276E+37    0.69118E+03
    0.82276E+37    0.69118E+03
    0.82276E+37    0.69515E+03
    0.82276E+37    0.69515E+03
    0.82276E+37    0.69515E+03
    0.82276E+37    0.69713E+03
    0.82276E+37    0.70110E+03
    0.83380E+37    0.69514E+03
    0.83380E+37    0.69514E+03
    0.83380E+37    0.69514E+03
    0.83380E+37    0.69514E+03
    0.83380E+37    0.69514E+03
    0.83380E+37    0.69316E+03
    0.83380E+37    0.69117E+03
    0.83380E+37    0.68720E+03
    0.83380E+37    0.68720E+03
    0.83380E+37    0.68720E+03
    0.83380E+37    0.68720E+03
    0.83380E+37    0.68720E+03
    0.83380E+37    0.68522E+03
    0.83380E+37    0.68324E+03
    0.83380E+37    0.68324E+03
    0.83380E+37    0.68125E+03
    0.83380E+37    0.68125E+03
    0.83380E+37    0.68125E+03
    0.83380E+37    0.68125E+03
    0.83380E+37    0.68125E+03
    0.83380E+37    0.67927E+03
    0.83380E+37    0.67927E+03
    0.83380E+37    0.67927E+03
    0.83380E+37    0.67728E+03
    0.83380E+37    0.67728E+03
    0.83380E+37    0.67530E+03
    0.83380E+37    0.67530E+03
    0.83380E+37    0.67530E+03
    0.83380E+37    0.67332E+03
    0.83380E+37    0.67332E+03
    0.83380E+37    0.67332E+03
    0.83380E+37    0.67332E+03
    0.83380E+37    0.67133E+03
    0.83380E+37    0.66935E+03
    0.83380E+37    0.66935E+03
    0.83380E+37    0.66736E+03
    0.83380E+37    0.66736E+03
    0.83380E+37    0.66736E+03
    0.83380E+37    0.66538E+03
    0.83380E+37    0.66538E+03
    0.83380E+37    0.66538E+03
    0.83380E+37    0.66538E+03
    0.83380E+37    0.66538E+03
    0.83380E+37    0.66340E+03
    0.84481E+37    0.68521E+03
    0.10430E+38    0.76244E+03
    0.10430E+38    0.76442E+03
    0.10320E+38    0.76641E+03
    0.10541E+38    0.77433E+03
    0.10541E+38    0.77433E+03
    0.10541E+38    0.77433E+03
    0.10320E+38    0.77237E+03
    0.10650E+38    0.77234E+03
    0.10761E+38    0.76638E+03
    0.10761E+38    0.76638E+03
    0.10541E+38    0.76838E+03
    0.10761E+38    0.76836E+03
    0.10541E+38    0.76441E+03
    0.10541E+38    0.77433E+03
    0.10541E+38    0.77433E+03
    0.10541E+38    0.77433E+03
    0.10541E+38    0.77433E+03
    0.10541E+38    0.77433E+03
    0.10541E+38    0.77830E+03
    0.10541E+38    0.78425E+03
    0.10541E+38    0.78425E+03
    0.10541E+38    0.78624E+03
    0.10541E+38    0.78624E+03
    0.10541E+38    0.78624E+03
    0.10541E+38    0.79219E+03
    0.10541E+38    0.79219E+03
    0.10541E+38    0.79219E+03
    0.10541E+38    0.79219E+03
    0.10541E+38    0.79417E+03
    0.10541E+38    0.79417E+03
    0.10541E+38    0.79814E+03
    0.10430E+38    0.79220E+03
    0.10430E+38    0.79220E+03
    0.10430E+38    0.79220E+03
    0.10430E+38    0.78625E+03
    0.10430E+38    0.78625E+03
    0.10430E+38    0.78426E+03
    0.10430E+38    0.78228E+03
    0.10430E+38    0.78228E+03
    0.10430E+38    0.78029E+03
    0.10430E+38    0.78029E+03
    0.10430E+38    0.77633E+03
    0.10320E+38    0.78030E+03
    0.10320E+38    0.77435E+03
    0.10320E+38    0.77435E+03
    0.10320E+38    0.76840E+03
    0.10320E+38    0.76840E+03
    0.10320E+38    0.77633E+03
    0.10320E+38    0.77435E+03
    0.10650E+38    0.76837E+03
    0.10650E+38    0.76837E+03
    0.10650E+38    0.76837E+03
    0.10650E+38    0.77432E+03
    0.10650E+38    0.77432E+03
    0.10650E+38    0.77631E+03
    0.10650E+38    0.78226E+03
    0.10650E+38    0.78226E+03
    0.10650E+38    0.78623E+03
    0.10650E+38    0.78623E+03
    0.10650E+38    0.79218E+03
    0.10650E+38    0.79218E+03
    0.10650E+38    0.79218E+03
    0.10650E+38    0.79218E+03
    0.10650E+38    0.79218E+03
    0.10650E+38    0.79417E+03
    0.10650E+38    0.79615E+03
    0.10650E+38    0.80012E+03
    0.10871E+38    0.79415E+03
    0.10871E+38    0.79415E+03
    0.10871E+38    0.79415E+03
    0.10871E+38    0.80010E+03
    0.10871E+38    0.80407E+03
    0.10871E+38    0.80407E+03
    0.10871E+38    0.80407E+03
    0.10871E+38    0.80407E+03
    0.10871E+38    0.80605E+03
    0.10871E+38    0.81201E+03
    0.10871E+38    0.81201E+03
    0.10871E+38    0.81201E+03
    0.10871E+38    0.81201E+03
    0.10871E+38    0.81597E+03
    0.10981E+38    0.81001E+03
    0.10981E+38    0.80803E+03
    0.10981E+38    0.80803E+03
    0.10981E+38    0.80604E+03
    0.10981E+38    0.80604E+03
    0.10981E+38    0.80604E+03
    0.10981E+38    0.80604E+03
    0.10981E+38    0.80604E+03
    0.10981E+38    0.80208E+03
    0.10981E+38    0.80208E+03
    0.10981E+38    0.80208E+03
    0.10981E+38    0.80208E+03
    0.10981E+38    0.79811E+03
    0.10981E+38    0.79811E+03
    0.10981E+38    0.79811E+03
    0.10981E+38    0.79612E+03
    0.10761E+38    0.76836E+03
    0.10761E+38    0.76836E+03
    0.10761E+38    0.76836E+03
    0.10761E+38    0.77035E+03
    0.10761E+38    0.77035E+03
    0.10761E+38    0.77630E+03
    0.10761E+38    0.77828E+03
    0.10761E+38    0.77828E+03
    0.10761E+38    0.77828E+03
    0.10761E+38    0.77828E+03
    0.10761E+38    0.78027E+03
    0.11972E+38    0.69684E+03
    0.11972E+38    0.70081E+03
    0.11972E+38    0.70676E+03
    0.11972E+38    0.71073E+03
    0.11972E+38    0.71073E+03
    0.11972E+38    0.71271E+03
    0.11972E+38    0.71271E+03
    0.11972E+38    0.71668E+03
    0.11972E+38    0.71866E+03
    0.11972E+38    0.71866E+03
    0.11972E+38    0.72065E+03
    0.11972E+38    0.72065E+03
    0.11972E+38    0.72660E+03
    0.11972E+38    0.73057E+03
    0.11972E+38    0.73057E+03
    0.11972E+38    0.73255E+03
    0.11972E+38    0.73255E+03
    0.11972E+38    0.73454E+03
    0.11972E+38    0.73454E+03
    0.11972E+38    0.73454E+03
    0.11972E+38    0.73652E+03
    0.11972E+38    0.73652E+03
    0.11972E+38    0.73652E+03
    0.11862E+38    0.74447E+03
    0.11862E+38    0.74050E+03
    0.11862E+38    0.73851E+03
    0.11862E+38    0.73851E+03
    0.11862E+38    0.73653E+03
    0.11862E+38    0.73653E+03
    0.11862E+38    0.73455E+03
    0.11862E+38    0.73256E+03
    0.11862E+38    0.73256E+03
    0.11862E+38    0.73256E+03
    0.11862E+38    0.73256E+03
    0.11862E+38    0.73058E+03
    0.11862E+38    0.72066E+03
    0.11862E+38    0.71471E+03
    0.11862E+38    0.71272E+03
    0.11862E+38    0.71272E+03
    0.11862E+38    0.71074E+03
    0.11862E+38    0.71074E+03
    0.11862E+38    0.71074E+03
    0.11862E+38    0.70875E+03
    0.11862E+38    0.70875E+03
    0.11862E+38    0.70677E+03
    0.11862E+38    0.70677E+03
    0.11862E+38    0.70677E+03
    0.11862E+38    0.70280E+03
    0.11862E+38    0.70280E+03
    0.11862E+38    0.70280E+03
    0.11862E+38    0.70280E+03
    0.11862E+38    0.70280E+03
    0.11862E+38    0.70082E+03
    0.11862E+38    0.69883E+03
    0.12082E+38    0.70080E+03
    0.12082E+38    0.70675E+03
    0.12082E+38    0.70675E+03
    0.12082E+38    0.71072E+03
    0.12082E+38    0.71072E+03
    0.12082E+38    0.71866E+03
    0.12082E+38    0.72461E+03
    0.12082E+38    0.72461E+03
    0.12082E+38    0.73056E+03
    0.12082E+38    0.73056E+03
    0.12082E+38    0.73453E+03
    0.12082E+38    0.73453E+03
    0.12082E+38    0.74048E+03
    0.12082E+38    0.74247E+03
    0.12082E+38    0.74247E+03
    0.12082E+38    0.72659E+03
    0.12082E+38    0.72262E+03
    0.12082E+38    0.72262E+03
    0.12082E+38    0.71866E+03
    0.12082E+38    0.71866E+03
    0.12082E+38    0.71667E+03
    0.12082E+38    0.71469E+03
    0.12082E+38    0.71469E+03
    0.12082E+38    0.71270E+03
    0.12082E+38    0.71270E+03
    0.12082E+38    0.71072E+03
    0.12192E+38    0.70873E+03
    0.12192E+38    0.70873E+03
    0.12192E+38    0.70873E+03
    0.12192E+38    0.70873E+03
    0.12192E+38    0.70873E+03
    0.12192E+38    0.70873E+03
    0.12192E+38    0.71269E+03
    0.12192E+38    0.71269E+03
    0.12192E+38    0.71269E+03
    0.12192E+38    0.71269E+03
    0.12192E+38    0.71468E+03
    0.12192E+38    0.71666E+03
    0.12192E+38    0.71666E+03
    0.12192E+38    0.71865E+03
    0.12192E+38    0.71865E+03
    0.12192E+38    0.71865E+03
    0.12192E+38    0.72658E+03
    0.12192E+38    0.72460E+03
    0.12192E+38    0.72460E+03
    0.12192E+38    0.72460E+03
    0.12192E+38    0.72262E+03
    0.12192E+38    0.72262E+03
    0.12192E+38    0.72262E+03
    0.12192E+38    0.72658E+03
    0.12192E+38    0.72658E+03
    0.12192E+38    0.72658E+03
    0.12192E+38    0.72658E+03
    0.12192E+38    0.73055E+03
    0.12192E+38    0.73055E+03
    0.12192E+38    0.73055E+03
    0.12192E+38    0.73254E+03
    0.12192E+38    0.73254E+03
    0.12192E+38    0.73452E+03
    0.12192E+38    0.73452E+03
    0.12192E+38    0.73452E+03
    0.12192E+38    0.73452E+03
    0.12192E+38    0.73452E+03
    0.12192E+38    0.73849E+03
    0.12192E+38    0.73849E+03
    0.12192E+38    0.73849E+03
    0.12192E+38    0.73849E+03
    0.12192E+38    0.73849E+03
    0.12192E+38    0.74643E+03
    0.12192E+38    0.74643E+03
    0.12192E+38    0.74643E+03
    0.12302E+38    0.74245E+03
    0.12302E+38    0.74046E+03
    0.12302E+38    0.74046E+03
    0.12302E+38    0.73848E+03
    0.12302E+38    0.73848E+03
    0.12302E+38    0.73848E+03
    0.12302E+38    0.73650E+03
    0.12302E+38    0.73650E+03
    0.12302E+38    0.73451E+03
    0.12302E+38    0.73451E+03
    0.12302E+38    0.73451E+03
    0.12302E+38    0.73253E+03
    0.12302E+38    0.73253E+03
    0.12302E+38    0.73253E+03
    0.12302E+38    0.73253E+03
    0.12302E+38    0.73054E+03
    0.12302E+38    0.73054E+03
    0.12302E+38    0.73054E+03
    0.12302E+38    0.72856E+03
    0.12302E+38    0.72856E+03
    0.12302E+38    0.72658E+03
    0.12302E+38    0.72658E+03
    0.12302E+38    0.72658E+03
    0.12302E+38    0.72459E+03
    0.12302E+38    0.72459E+03
    0.12302E+38    0.72459E+03
    0.12302E+38    0.72261E+03
    0.12302E+38    0.72261E+03
    0.12302E+38    0.72261E+03
    0.12302E+38    0.72261E+03
    0.12302E+38    0.71665E+03
    0.12302E+38    0.71665E+03
    0.12302E+38    0.71665E+03
    0.12302E+38    0.71665E+03
    0.12302E+38    0.71665E+03
    0.12302E+38    0.71665E+03
    0.12302E+38    0.71269E+03
    0.12412E+38    0.71863E+03
    0.12412E+38    0.71863E+03
    0.12412E+38    0.71863E+03
    0.12412E+38    0.71863E+03
    0.12412E+38    0.71863E+03
    0.12412E+38    0.72260E+03
    0.12412E+38    0.72260E+03
    0.12412E+38    0.72260E+03
    0.12412E+38    0.72657E+03
    0.12412E+38    0.72657E+03
    0.12412E+38    0.73053E+03
    0.12412E+38    0.73053E+03
    0.12412E+38    0.73053E+03
    0.12412E+38    0.73053E+03
    0.12412E+38    0.73053E+03
    0.12412E+38    0.73252E+03
    0.12412E+38    0.73450E+03
    0.12412E+38    0.73450E+03
    0.12412E+38    0.73649E+03
    0.12412E+38    0.73649E+03
    0.12412E+38    0.73649E+03
    0.12412E+38    0.73649E+03
    0.12412E+38    0.73649E+03
    0.12412E+38    0.74046E+03
    0.12412E+38    0.74046E+03
    0.12412E+38    0.74046E+03
    0.12412E+38    0.74046E+03
    0.12412E+38    0.74046E+03
    0.12412E+38    0.74244E+03
    0.12412E+38    0.74244E+03
    0.12412E+38    0.74244E+03
    0.12412E+38    0.74442E+03
    0.12412E+38    0.74442E+03
    0.12412E+38    0.74839E+03
    0.12412E+38    0.74839E+03
    0.12412E+38    0.74839E+03
    0.12412E+38    0.74839E+03
    0.12412E+38    0.74839E+03
    0.12412E+38    0.75038E+03
    0.12412E+38    0.75038E+03
    0.12412E+38    0.75038E+03
    0.12412E+38    0.75038E+03
    0.12412E+38    0.75038E+03
    0.12412E+38    0.75434E+03
    0.12523E+38    0.75434E+03
    0.12523E+38    0.75037E+03
    0.12523E+38    0.75037E+03
    0.12523E+38    0.75037E+03
    0.12523E+38    0.75037E+03
    0.12523E+38    0.74640E+03
    0.12523E+38    0.74640E+03
    0.12523E+38    0.74640E+03
    0.12523E+38    0.74640E+03
    0.12523E+38    0.74640E+03
    0.12523E+38    0.74243E+03
    0.12523E+38    0.74243E+03
    0.12523E+38    0.74243E+03
    0.12523E+38    0.74243E+03
    0.12523E+38    0.74243E+03
    0.12523E+38    0.74045E+03
    0.12523E+38    0.74045E+03
    0.12523E+38    0.74045E+03
    0.12523E+38    0.73648E+03
    0.12523E+38    0.73648E+03
    0.12523E+38    0.73648E+03
    0.12523E+38    0.73449E+03
    0.12523E+38    0.73449E+03
    0.12523E+38    0.73251E+03
    0.12523E+38    0.73251E+03
    0.12523E+38    0.73251E+03
    0.12523E+38    0.73251E+03
    0.12523E+38    0.73251E+03
    0.12523E+38    0.73053E+03
    0.12523E+38    0.73053E+03
    0.12523E+38    0.73053E+03
    0.12523E+38    0.72854E+03
    0.12523E+38    0.72854E+03
    0.12523E+38    0.72656E+03
    0.12523E+38    0.72656E+03
    0.12523E+38    0.72656E+03
    0.12523E+38    0.72656E+03
    0.12523E+38    0.72656E+03
    0.12523E+38    0.72457E+03
    0.12633E+38    0.73250E+03
    0.12633E+38    0.73250E+03
    0.12633E+38    0.73250E+03
    0.12633E+38    0.73647E+03
    0.12633E+38    0.73647E+03
    0.12633E+38    0.73845E+03
    0.12633E+38    0.74044E+03
    0.12633E+38    0.74044E+03
    0.12633E+38    0.74441E+03
    0.12633E+38    0.74441E+03
    0.12633E+38    0.74639E+03
    0.12633E+38    0.74837E+03
    0.12633E+38    0.74837E+03
    0.12633E+38    0.74837E+03
    0.12633E+38    0.74837E+03
    0.12633E+38    0.75234E+03
    0.12633E+38    0.75631E+03
    0.12633E+38    0.75631E+03
    0.12743E+38    0.75432E+03
    0.12743E+38    0.75432E+03
    0.12743E+38    0.75432E+03
    0.12743E+38    0.75432E+03
    0.12743E+38    0.75432E+03
    0.12743E+38    0.74837E+03
    0.12743E+38    0.74837E+03
    0.12743E+38    0.74837E+03
    0.12743E+38    0.74241E+03
    0.12743E+38    0.74241E+03
    0.12743E+38    0.74241E+03
    0.12743E+38    0.74043E+03
    0.12743E+38    0.74043E+03
    0.12743E+38    0.73845E+03
    0.12743E+38    0.73845E+03
    0.12743E+38    0.73646E+03
    0.12743E+38    0.73448E+03
    0.12743E+38    0.73448E+03
    0.12743E+38    0.73448E+03
    0.12743E+38    0.73448E+03
    0.12743E+38    0.73249E+03
    0.13073E+38    0.73842E+03
    0.12853E+38    0.73844E+03
    0.12743E+38    0.74043E+03
    0.12743E+38    0.74043E+03
    0.12853E+38    0.74042E+03
    0.12853E+38    0.74240E+03
    0.12853E+38    0.74240E+03
    0.12853E+38    0.74637E+03
    0.12853E+38    0.74637E+03
    0.12853E+38    0.75034E+03
    0.12853E+38    0.75034E+03
    0.12853E+38    0.75034E+03
    0.12853E+38    0.75233E+03
    0.12853E+38    0.75233E+03
    0.12853E+38    0.75431E+03
    0.12853E+38    0.75431E+03
    0.12853E+38    0.75431E+03
    0.12853E+38    0.75629E+03
    0.12963E+38    0.75430E+03
    0.12963E+38    0.75232E+03
    0.12963E+38    0.75827E+03
    0.13073E+38    0.75628E+03
    0.12412E+38    0.76030E+03
    0.12412E+38    0.76823E+03
    0.12412E+38    0.76228E+03
    0.12412E+38    0.76228E+03
    0.12412E+38    0.76426E+03
    0.12192E+38    0.76230E+03
    0.12523E+38    0.76029E+03
    0.12523E+38    0.76029E+03
    0.12523E+38    0.76029E+03
    0.12523E+38    0.76029E+03
    0.12523E+38    0.76029E+03
    0.12523E+38    0.76822E+03
    0.12523E+38    0.76822E+03
    0.12523E+38    0.76822E+03
    0.12523E+38    0.77021E+03
    0.12523E+38    0.76624E+03
    0.12523E+38    0.76426E+03
    0.12523E+38    0.76426E+03
    0.12523E+38    0.76227E+03
    0.12523E+38    0.76029E+03
    0.12633E+38    0.76028E+03
    0.12633E+38    0.76623E+03
    0.12633E+38    0.76623E+03
    0.12633E+38    0.76623E+03
    0.12633E+38    0.76623E+03
    0.12523E+38    0.77418E+03
    0.12523E+38    0.77418E+03
    0.12523E+38    0.77418E+03
    0.12743E+38    0.76622E+03
    0.12633E+38    0.77417E+03
    0.12633E+38    0.77417E+03
    0.12633E+38    0.77417E+03
    0.12633E+38    0.77417E+03
    0.12633E+38    0.78210E+03
    0.12743E+38    0.76027E+03
    0.12743E+38    0.76622E+03
    0.12743E+38    0.76622E+03
    0.12743E+38    0.76821E+03
    0.12743E+38    0.76821E+03
    0.12743E+38    0.77614E+03
    0.12743E+38    0.77813E+03
    0.12743E+38    0.77813E+03
    0.12743E+38    0.78210E+03
    0.12743E+38    0.78210E+03
    0.12743E+38    0.78606E+03
    0.12743E+38    0.77019E+03
    0.12743E+38    0.76622E+03
    0.12743E+38    0.76622E+03
    0.12743E+38    0.76622E+03
    0.12743E+38    0.76622E+03
    0.12743E+38    0.76225E+03
    0.12743E+38    0.76225E+03
    0.12743E+38    0.76225E+03
    0.12853E+38    0.76026E+03
    0.12853E+38    0.76621E+03
    0.12853E+38    0.76621E+03
    0.12853E+38    0.76820E+03
    0.12853E+38    0.76820E+03
    0.12853E+38    0.77018E+03
    0.12853E+38    0.77415E+03
    0.12853E+38    0.77415E+03
    0.12853E+38    0.77614E+03
    0.12853E+38    0.77614E+03
    0.12853E+38    0.77812E+03
    0.12853E+38    0.77812E+03
    0.12853E+38    0.77812E+03
    0.12853E+38    0.76621E+03
    0.12963E+38    0.76025E+03
    0.12963E+38    0.76422E+03
    0.12963E+38    0.76422E+03
    0.12963E+38    0.76621E+03
    0.12963E+38    0.76621E+03
    0.12963E+38    0.76819E+03
    0.12963E+38    0.77017E+03
    0.12963E+38    0.77017E+03
    0.12963E+38    0.77216E+03
    0.12963E+38    0.77216E+03
    0.12963E+38    0.77613E+03
    0.12963E+38    0.78009E+03
    0.12963E+38    0.78009E+03
    0.13073E+38    0.78207E+03
    0.13073E+38    0.78207E+03
    0.12963E+38    0.78406E+03
    0.12963E+38    0.78406E+03
    0.12963E+38    0.78406E+03
    0.13183E+38    0.78603E+03
    0.13183E+38    0.79198E+03
    0.13183E+38    0.79198E+03
    0.13183E+38    0.79198E+03
    0.13183E+38    0.79198E+03
    0.13183E+38    0.79397E+03
    0.13404E+38    0.79395E+03
    0.13514E+38    0.79394E+03
    0.13514E+38    0.79394E+03
    0.13514E+38    0.79394E+03
    0.13514E+38    0.79394E+03
    0.13624E+38    0.79393E+03
    0.13624E+38    0.79393E+03
    0.13624E+38    0.79393E+03
    0.13624E+38    0.79195E+03
    0.13294E+38    0.79197E+03
    0.13294E+38    0.79197E+03
    0.13294E+38    0.79197E+03
    0.13294E+38    0.79197E+03
    0.13294E+38    0.78602E+03
    0.13294E+38    0.78404E+03
    0.13294E+38    0.78404E+03
    0.13294E+38    0.77808E+03
    0.13294E+38    0.77808E+03
    0.13294E+38    0.77213E+03
    0.13294E+38    0.77015E+03
    0.13294E+38    0.77015E+03
    0.13294E+38    0.77015E+03
    0.13294E+38    0.77015E+03
    0.13294E+38    0.76816E+03
    0.13294E+38    0.76420E+03
    0.13294E+38    0.76420E+03
    0.12963E+38    0.76422E+03
    0.12963E+38    0.76422E+03
    0.13294E+38    0.76618E+03
    0.13294E+38    0.77610E+03
    0.13294E+38    0.77610E+03
    0.13294E+38    0.77412E+03
    0.13294E+38    0.76816E+03
    0.13294E+38    0.76816E+03
    0.13294E+38    0.76221E+03
    0.13294E+38    0.76221E+03
    0.13294E+38    0.78801E+03
    0.13294E+38    0.78007E+03
    0.13294E+38    0.78007E+03
    0.13294E+38    0.78007E+03
    0.13294E+38    0.78007E+03
    0.13294E+38    0.79793E+03
    0.13624E+38    0.79592E+03
    0.13624E+38    0.79790E+03
    0.13404E+38    0.78006E+03
    0.13514E+38    0.78005E+03
    0.13514E+38    0.78204E+03
    0.13844E+38    0.78399E+03
    0.13734E+38    0.78400E+03
    0.13734E+38    0.78995E+03
    0.13734E+38    0.78599E+03
    0.13404E+38    0.76419E+03
    0.13404E+38    0.77212E+03
    0.13404E+38    0.76816E+03
    0.13514E+38    0.77013E+03
    0.13624E+38    0.77211E+03
    0.13624E+38    0.77607E+03
    0.13844E+38    0.77010E+03
    0.13624E+38    0.76814E+03
    0.14128E+38    0.70754E+03
    0.14128E+38    0.71151E+03
    0.14128E+38    0.71548E+03
    0.14019E+38    0.71746E+03
    0.14128E+38    0.72143E+03
    0.14019E+38    0.71746E+03
    0.14019E+38    0.71548E+03
    0.14019E+38    0.70754E+03
    0.14238E+38    0.70754E+03
    0.14238E+38    0.70952E+03
    0.14238E+38    0.71349E+03
    0.14238E+38    0.71746E+03
    0.14238E+38    0.71548E+03
    0.14238E+38    0.71151E+03
    0.13909E+38    0.72341E+03
    0.14457E+38    0.71944E+03
    0.14457E+38    0.71349E+03
    0.14348E+38    0.71746E+03
    0.14348E+38    0.71151E+03
    0.14348E+38    0.71349E+03
    0.14348E+38    0.71746E+03
    0.14348E+38    0.70952E+03
    0.14457E+38    0.71944E+03
    0.14457E+38    0.71944E+03
    0.14457E+38    0.71746E+03
    0.14457E+38    0.71349E+03
    0.14457E+38    0.70952E+03
    0.14567E+38    0.70952E+03
    0.14567E+38    0.71349E+03
    0.14567E+38    0.71746E+03
    0.14567E+38    0.71944E+03
    0.14567E+38    0.72341E+03
    0.14786E+38    0.71746E+03
    0.14019E+38    0.72738E+03
    0.14019E+38    0.72937E+03
    0.14019E+38    0.73333E+03
    0.14128E+38    0.72937E+03
    0.14128E+38    0.73135E+03
    0.14128E+38    0.73333E+03
    0.14128E+38    0.73730E+03
    0.14238E+38    0.72937E+03
    0.14457E+38    0.72937E+03
    0.14457E+38    0.73135E+03
    0.14348E+38    0.73135E+03
    0.14348E+38    0.72937E+03
    0.14348E+38    0.73333E+03
    0.14348E+38    0.73730E+03
    0.14348E+38    0.73929E+03
    0.14238E+38    0.74325E+03
    0.14348E+38    0.74127E+03
    0.14348E+38    0.74325E+03
    0.14348E+38    0.74921E+03
    0.14348E+38    0.74524E+03
    0.14457E+38    0.74325E+03
    0.14457E+38    0.75317E+03
    0.14457E+38    0.75119E+03
    0.14457E+38    0.74325E+03
    0.14457E+38    0.74722E+03
    0.14677E+38    0.74325E+03
    0.14677E+38    0.74722E+03
    0.14677E+38    0.75516E+03
    0.14677E+38    0.74921E+03
    0.14677E+38    0.75119E+03
    0.14677E+38    0.75714E+03
    0.14677E+38    0.76111E+03
    0.14786E+38    0.75714E+03
    0.14786E+38    0.75913E+03
    0.14786E+38    0.76111E+03
    0.14786E+38    0.76310E+03
    0.14786E+38    0.76706E+03
    0.15006E+38    0.75913E+03
    0.15006E+38    0.76111E+03
    0.15006E+38    0.76508E+03
    0.15006E+38    0.76905E+03
    0.15006E+38    0.77302E+03
    0.15006E+38    0.77500E+03
    0.15006E+38    0.78294E+03
    0.15006E+38    0.79286E+03
    0.15006E+38    0.78690E+03
    0.15006E+38    0.78690E+03
    0.15006E+38    0.79286E+03
    0.15116E+38    0.76905E+03
    0.15116E+38    0.77103E+03
    0.15116E+38    0.77897E+03
    0.15116E+38    0.77698E+03
    0.15116E+38    0.78095E+03
    0.15116E+38    0.78492E+03
    0.15116E+38    0.78492E+03
    0.15116E+38    0.78889E+03
    0.15116E+38    0.79286E+03
    0.15116E+38    0.79881E+03
    0.15225E+38    0.80278E+03
    0.15225E+38    0.79683E+03
    0.15225E+38    0.79881E+03
    0.15225E+38    0.79286E+03
    0.15225E+38    0.79087E+03
    0.15225E+38    0.78889E+03
    0.15225E+38    0.78889E+03
    0.15225E+38    0.78690E+03
    0.15225E+38    0.78690E+03
    0.15225E+38    0.78690E+03
    0.15225E+38    0.78492E+03
    0.15225E+38    0.78095E+03
    0.15225E+38    0.77897E+03
    0.15225E+38    0.77698E+03
    0.15334E+38    0.77698E+03
    0.15334E+38    0.78492E+03
    0.15334E+38    0.78095E+03
    0.15334E+38    0.77897E+03
    0.15334E+38    0.78690E+03
    0.15334E+38    0.79087E+03
    0.15334E+38    0.79484E+03
    0.15334E+38    0.79881E+03
    0.15334E+38    0.80079E+03
    0.15444E+38    0.80278E+03
    0.15444E+38    0.79881E+03
    0.15444E+38    0.79683E+03
    0.15444E+38    0.79683E+03
    0.15444E+38    0.79286E+03
    0.15444E+38    0.79286E+03
    0.15444E+38    0.79087E+03
    0.15444E+38    0.78690E+03
    0.15444E+38    0.78294E+03
    0.15444E+38    0.77897E+03
    0.15444E+38    0.77698E+03
    0.15444E+38    0.77698E+03
    0.15554E+38    0.79881E+03
    0.15554E+38    0.79484E+03
    0.15554E+38    0.78889E+03
    0.15554E+38    0.78690E+03
    0.15554E+38    0.78690E+03
    0.15554E+38    0.78294E+03
    0.15554E+38    0.78294E+03
    0.15554E+38    0.78095E+03
    0.15554E+38    0.77500E+03
    0.15554E+38    0.77500E+03
    0.15554E+38    0.77500E+03
    0.15554E+38    0.76508E+03
    0.15554E+38    0.75714E+03
    0.15664E+38    0.79484E+03
    0.15664E+38    0.78492E+03
    0.15664E+38    0.78095E+03
    0.15664E+38    0.77698E+03
    0.15664E+38    0.77698E+03
    0.15664E+38    0.77103E+03
    0.15664E+38    0.77103E+03
    0.15664E+38    0.76706E+03
    0.15664E+38    0.76310E+03
    0.15664E+38    0.76310E+03
    0.15664E+38    0.75913E+03
    0.15664E+38    0.75913E+03
    0.15664E+38    0.75714E+03
    0.15664E+38    0.75317E+03
    0.15883E+38    0.75317E+03
    0.15883E+38    0.75714E+03
    0.15883E+38    0.76310E+03
    0.15883E+38    0.76706E+03
    0.15883E+38    0.76706E+03
    0.15883E+38    0.77103E+03
    0.15883E+38    0.77103E+03
    0.15883E+38    0.77897E+03
    0.15883E+38    0.77897E+03
    0.15883E+38    0.77897E+03
    0.15883E+38    0.78492E+03
    0.15883E+38    0.78690E+03
    0.15992E+38    0.79087E+03
    0.15992E+38    0.78690E+03
    0.15992E+38    0.78095E+03
    0.15992E+38    0.78095E+03
    0.15992E+38    0.77698E+03
    0.15992E+38    0.77302E+03
    0.15992E+38    0.77302E+03
    0.15992E+38    0.76905E+03
    0.15992E+38    0.76905E+03
    0.15992E+38    0.76310E+03
    0.15992E+38    0.75516E+03
    0.15992E+38    0.75317E+03
    0.16102E+38    0.75317E+03
    0.16102E+38    0.75516E+03
    0.16102E+38    0.77302E+03
    0.16102E+38    0.78095E+03
    0.16102E+38    0.78492E+03
    0.16102E+38    0.78492E+03
    0.16102E+38    0.78690E+03
    0.16102E+38    0.78690E+03
    0.16212E+38    0.77698E+03
    0.16212E+38    0.78294E+03
    0.16212E+38    0.78294E+03
    0.16212E+38    0.78294E+03
    0.16212E+38    0.78294E+03
    0.16212E+38    0.77897E+03
    0.16212E+38    0.78294E+03
    0.16321E+38    0.78889E+03
    0.16321E+38    0.78492E+03
    0.16321E+38    0.78095E+03
    0.16321E+38    0.78095E+03
    0.16321E+38    0.77897E+03
    0.16321E+38    0.77897E+03
    0.16321E+38    0.77698E+03
    0.16431E+38    0.78095E+03
    0.16541E+38    0.78095E+03
    0.16541E+38    0.78492E+03
    0.16541E+38    0.77897E+03
    0.16760E+38    0.78095E+03
    0.14128E+38    0.63413E+03
    0.14238E+38    0.63016E+03
    0.14238E+38    0.63016E+03
    0.14128E+38    0.62817E+03
    0.14128E+38    0.63016E+03
    0.14128E+38    0.62421E+03
    0.14019E+38    0.62421E+03
    0.13800E+38    0.62421E+03
    0.13909E+38    0.62024E+03
    0.13690E+38    0.62024E+03
    0.13690E+38    0.61627E+03
    0.13470E+38    0.61230E+03
    0.13580E+38    0.61230E+03
    0.13690E+38    0.61230E+03
    0.14019E+38    0.61230E+03
    0.14128E+38    0.61230E+03
    0.14348E+38    0.61230E+03
    0.14348E+38    0.61627E+03
    0.14128E+38    0.61627E+03
    0.14238E+38    0.61627E+03
    0.13909E+38    0.61032E+03
    0.13909E+38    0.60437E+03
    0.13909E+38    0.60238E+03
    0.13909E+38    0.59643E+03
    0.13909E+38    0.59643E+03
    0.13909E+38    0.59444E+03
    0.13909E+38    0.59444E+03
    0.13909E+38    0.59048E+03
    0.13909E+38    0.58849E+03
    0.13909E+38    0.58849E+03
    0.13909E+38    0.58651E+03
    0.13909E+38    0.58651E+03
    0.14128E+38    0.58651E+03
    0.14128E+38    0.59444E+03
    0.14128E+38    0.59444E+03
    0.14128E+38    0.59643E+03
    0.14128E+38    0.59643E+03
    0.14128E+38    0.59246E+03
    0.14128E+38    0.59841E+03
    0.14128E+38    0.60040E+03
    0.14128E+38    0.60040E+03
    0.14128E+38    0.60040E+03
    0.14128E+38    0.60040E+03
    0.14128E+38    0.60635E+03
    0.14128E+38    0.60833E+03
    0.14128E+38    0.60833E+03
    0.14128E+38    0.61032E+03
    0.14128E+38    0.61032E+03
    0.14128E+38    0.61627E+03
    0.14348E+38    0.60635E+03
    0.14348E+38    0.61230E+03
    0.14348E+38    0.61032E+03
    0.14348E+38    0.61032E+03
    0.14348E+38    0.60437E+03
    0.14348E+38    0.60437E+03
    0.14348E+38    0.59841E+03
    0.14348E+38    0.59841E+03
    0.14348E+38    0.59841E+03
    0.14348E+38    0.59643E+03
    0.14348E+38    0.58849E+03
    0.14348E+38    0.58849E+03
    0.14567E+38    0.59841E+03
    0.14567E+38    0.60238E+03
    0.14567E+38    0.60238E+03
    0.14567E+38    0.60238E+03
    0.14567E+38    0.60238E+03
    0.14457E+38    0.60635E+03
    0.14457E+38    0.61032E+03
    0.14457E+38    0.61032E+03
    0.14457E+38    0.61230E+03
    0.14457E+38    0.61230E+03
    0.13690E+38    0.58849E+03
    0.13470E+38    0.58651E+03
    0.13470E+38    0.57460E+03
    0.13470E+38    0.57262E+03
    0.13470E+38    0.57262E+03
    0.13470E+38    0.56865E+03
    0.13470E+38    0.56865E+03
    0.13470E+38    0.56468E+03
    0.13470E+38    0.56270E+03
    0.13470E+38    0.56270E+03
    0.13470E+38    0.55873E+03
    0.13470E+38    0.55873E+03
    0.13470E+38    0.55476E+03
    0.13470E+38    0.55079E+03
    0.13470E+38    0.55079E+03
    0.13470E+38    0.54683E+03
    0.13470E+38    0.54683E+03
    0.13252E+38    0.55079E+03
    0.13252E+38    0.55476E+03
    0.13252E+38    0.55476E+03
    0.13252E+38    0.55675E+03
    0.13252E+38    0.55675E+03
    0.13252E+38    0.56270E+03
    0.13252E+38    0.56865E+03
    0.13252E+38    0.56865E+03
    0.13252E+38    0.56865E+03
    0.13252E+38    0.56865E+03
    0.13252E+38    0.57460E+03
    0.13252E+38    0.56865E+03
    0.13252E+38    0.56667E+03
    0.13252E+38    0.56667E+03
    0.13252E+38    0.56071E+03
    0.13252E+38    0.56071E+03
    0.13252E+38    0.56071E+03
    0.13580E+38    0.57460E+03
    0.13580E+38    0.57262E+03
    0.13580E+38    0.57262E+03
    0.13580E+38    0.57063E+03
    0.13580E+38    0.57063E+03
    0.13580E+38    0.56865E+03
    0.13580E+38    0.56865E+03
    0.13580E+38    0.56865E+03
    0.13580E+38    0.56468E+03
    0.13580E+38    0.56468E+03
    0.13580E+38    0.56468E+03
    0.13580E+38    0.56270E+03
    0.13580E+38    0.56270E+03
    0.13580E+38    0.56071E+03
    0.13580E+38    0.56071E+03
    0.13580E+38    0.56071E+03
    0.13580E+38    0.55873E+03
    0.13580E+38    0.55873E+03
    0.13690E+38    0.56270E+03
    0.13690E+38    0.56270E+03
    0.13690E+38    0.56270E+03
    0.13690E+38    0.56667E+03
    0.13690E+38    0.56667E+03
    0.13690E+38    0.56865E+03
    0.13690E+38    0.57460E+03
    0.13690E+38    0.57460E+03
    0.13690E+38    0.57460E+03
    0.13690E+38    0.57460E+03
    0.13909E+38    0.57857E+03
    0.13909E+38    0.57262E+03
    0.13909E+38    0.57262E+03
    0.13909E+38    0.56865E+03
    0.13909E+38    0.56865E+03
    0.13909E+38    0.56270E+03
    0.13909E+38    0.56071E+03
    0.13909E+38    0.56071E+03
    0.14019E+38    0.58056E+03
    0.14019E+38    0.57063E+03
    0.14019E+38    0.57063E+03
    0.14019E+38    0.57063E+03
    0.14019E+38    0.57063E+03
    0.14019E+38    0.58056E+03
    0.14019E+38    0.57063E+03
    0.14019E+38    0.57063E+03
    0.14019E+38    0.57460E+03
    0.14019E+38    0.56865E+03
    0.14019E+38    0.56468E+03
    0.14019E+38    0.56468E+03
    0.14019E+38    0.56270E+03
    0.14019E+38    0.56270E+03
    0.14019E+38    0.56071E+03
    0.14019E+38    0.56071E+03
    0.14019E+38    0.56071E+03
    0.14019E+38    0.55675E+03
    0.14019E+38    0.55675E+03
    0.14019E+38    0.55476E+03
    0.14019E+38    0.55476E+03
    0.14019E+38    0.55476E+03
    0.14019E+38    0.55079E+03
    0.14019E+38    0.54683E+03
    0.14019E+38    0.54683E+03
    0.14019E+38    0.54683E+03
    0.14238E+38    0.54286E+03
    0.14128E+38    0.54286E+03
    0.14128E+38    0.54683E+03
    0.14128E+38    0.55079E+03
    0.14128E+38    0.56270E+03
    0.14128E+38    0.56468E+03
    0.14128E+38    0.56468E+03
    0.14128E+38    0.56865E+03
    0.14128E+38    0.56865E+03
    0.14128E+38    0.57460E+03
    0.14128E+38    0.57460E+03
    0.14128E+38    0.57460E+03
    0.14128E+38    0.58254E+03
    0.14128E+38    0.58254E+03
    0.14238E+38    0.58056E+03
    0.14238E+38    0.57857E+03
    0.14238E+38    0.57857E+03
    0.14238E+38    0.57262E+03
    0.14238E+38    0.57262E+03
    0.14238E+38    0.56865E+03
    0.14238E+38    0.56667E+03
    0.14238E+38    0.56667E+03
    0.14238E+38    0.56468E+03
    0.14238E+38    0.56468E+03
    0.14238E+38    0.56071E+03
    0.14348E+38    0.57063E+03
    0.14348E+38    0.57262E+03
    0.14348E+38    0.57262E+03
    0.14348E+38    0.57659E+03
    0.14348E+38    0.57659E+03
    0.14348E+38    0.57857E+03
    0.14348E+38    0.58056E+03
    0.14348E+38    0.57460E+03
    0.14457E+38    0.57262E+03
    0.14457E+38    0.57262E+03
    0.14457E+38    0.57262E+03
    0.14567E+38    0.57460E+03
    0.14567E+38    0.57460E+03
    0.14567E+38    0.57857E+03
    0.14567E+38    0.58056E+03
    0.14567E+38    0.58056E+03
    0.14567E+38    0.58254E+03
    0.14567E+38    0.58254E+03
    0.14567E+38    0.58254E+03
    0.14457E+38    0.58452E+03
    0.14457E+38    0.57857E+03
    0.14457E+38    0.57857E+03
    0.14457E+38    0.57857E+03
    0.14457E+38    0.57857E+03
    0.14238E+38    0.51508E+03
    0.13580E+38    0.51905E+03
    0.13580E+38    0.52302E+03
    0.13252E+38    0.51706E+03
    0.14128E+38    0.52897E+03
    0.14128E+38    0.52698E+03
    0.14019E+38    0.53095E+03
    0.13800E+38    0.53095E+03
    0.14128E+38    0.53492E+03
    0.13690E+38    0.53889E+03
    0.13252E+38    0.55476E+03
    0.13252E+38    0.54881E+03
    0.13361E+38    0.54881E+03
    0.13361E+38    0.55476E+03
    0.13361E+38    0.55079E+03
    0.13470E+38    0.54683E+03
    0.13580E+38    0.54683E+03
    0.13690E+38    0.54683E+03
    0.13800E+38    0.54683E+03
    0.13909E+38    0.54881E+03
    0.14019E+38    0.54683E+03
    0.14019E+38    0.54683E+03
    0.14128E+38    0.54286E+03
    0.14128E+38    0.54881E+03
    0.14128E+38    0.54683E+03
    0.15773E+38    0.65595E+03
    0.15773E+38    0.64802E+03
    0.15773E+38    0.65198E+03
    0.15883E+38    0.64603E+03
    0.15883E+38    0.64802E+03
    0.15883E+38    0.64802E+03
    0.15883E+38    0.65198E+03
    0.15883E+38    0.65198E+03
    0.15883E+38    0.65595E+03
    0.15883E+38    0.65794E+03
    0.15883E+38    0.65794E+03
    0.15883E+38    0.66190E+03
    0.15883E+38    0.66190E+03
    0.16102E+38    0.66190E+03
    0.16102E+38    0.66190E+03
    0.16102E+38    0.66190E+03
    0.16102E+38    0.65794E+03
    0.16102E+38    0.65794E+03
    0.16102E+38    0.65397E+03
    0.16102E+38    0.65000E+03
    0.16102E+38    0.65000E+03
    0.16102E+38    0.64802E+03
    0.16102E+38    0.64802E+03
    0.16102E+38    0.64603E+03
    0.16102E+38    0.64405E+03
    0.16102E+38    0.64405E+03
    0.16102E+38    0.64405E+03
    0.16102E+38    0.64206E+03
    0.16102E+38    0.64206E+03
    0.16102E+38    0.64008E+03
    0.16212E+38    0.64008E+03
    0.16212E+38    0.64008E+03
    0.16212E+38    0.64008E+03
    0.16212E+38    0.64405E+03
    0.16212E+38    0.64405E+03
    0.16212E+38    0.65000E+03
    0.16212E+38    0.65198E+03
    0.16212E+38    0.65198E+03
    0.16212E+38    0.65794E+03
    0.16212E+38    0.65794E+03
    0.16212E+38    0.66389E+03
    0.16212E+38    0.66389E+03
    0.16212E+38    0.66389E+03
    0.16212E+38    0.66587E+03
    0.16321E+38    0.67381E+03
    0.16321E+38    0.66984E+03
    0.16321E+38    0.66984E+03
    0.16321E+38    0.66984E+03
    0.16321E+38    0.66984E+03
    0.16321E+38    0.66587E+03
    0.16321E+38    0.66389E+03
    0.16321E+38    0.66389E+03
    0.16321E+38    0.65992E+03
    0.16321E+38    0.65992E+03
    0.16321E+38    0.65794E+03
    0.16321E+38    0.65794E+03
    0.16321E+38    0.65794E+03
    0.16321E+38    0.65595E+03
    0.16321E+38    0.65595E+03
    0.16321E+38    0.65595E+03
    0.16321E+38    0.65198E+03
    0.16321E+38    0.65198E+03
    0.16321E+38    0.65000E+03
    0.16321E+38    0.65000E+03
    0.16321E+38    0.64802E+03
    0.16321E+38    0.64603E+03
    0.16321E+38    0.64603E+03
    0.16431E+38    0.64206E+03
    0.16431E+38    0.64206E+03
    0.16431E+38    0.64008E+03
    0.16431E+38    0.63810E+03
    0.16431E+38    0.63810E+03
    0.16431E+38    0.63413E+03
    0.16431E+38    0.63413E+03
    0.16541E+38    0.63810E+03
    0.16541E+38    0.64206E+03
    0.16541E+38    0.64206E+03
    0.16541E+38    0.64405E+03
    0.16541E+38    0.64405E+03
    0.16541E+38    0.64802E+03
    0.16541E+38    0.65198E+03
    0.16541E+38    0.65198E+03
    0.16541E+38    0.65397E+03
    0.16541E+38    0.65397E+03
    0.16541E+38    0.65595E+03
    0.16541E+38    0.65794E+03
    0.16541E+38    0.65794E+03
    0.16541E+38    0.66190E+03
    0.16541E+38    0.66190E+03
    0.16541E+38    0.66786E+03
    0.16541E+38    0.66984E+03
    0.16541E+38    0.66984E+03
    0.16541E+38    0.66984E+03
    0.16541E+38    0.66984E+03
    0.16541E+38    0.66984E+03
    0.16541E+38    0.67381E+03
    0.16541E+38    0.67976E+03
    0.16541E+38    0.67976E+03
    0.16541E+38    0.68571E+03
    0.16541E+38    0.68571E+03
    0.16541E+38    0.68571E+03
    0.16541E+38    0.68571E+03
    0.16541E+38    0.69167E+03
    0.16541E+38    0.69167E+03
    0.16541E+38    0.69167E+03
    0.16321E+38    0.68571E+03
    0.16321E+38    0.68968E+03
    0.16541E+38    0.67579E+03
    0.16541E+38    0.66984E+03
    0.16541E+38    0.66984E+03
    0.16541E+38    0.66984E+03
    0.16541E+38    0.66984E+03
    0.16541E+38    0.66389E+03
    0.16541E+38    0.65992E+03
    0.16541E+38    0.65992E+03
    0.16541E+38    0.65595E+03
    0.16541E+38    0.65595E+03
    0.16650E+38    0.63611E+03
    0.16650E+38    0.64206E+03
    0.16650E+38    0.64206E+03
    0.16650E+38    0.64405E+03
    0.16650E+38    0.64405E+03
    0.16650E+38    0.65000E+03
    0.16650E+38    0.65198E+03
    0.16650E+38    0.65198E+03
    0.16650E+38    0.65397E+03
    0.16650E+38    0.65397E+03
    0.16760E+38    0.65595E+03
    0.16650E+38    0.65595E+03
    0.16650E+38    0.65595E+03
    0.16650E+38    0.65595E+03
    0.16650E+38    0.65595E+03
    0.16650E+38    0.65595E+03
    0.16650E+38    0.65992E+03
    0.16650E+38    0.66984E+03
    0.16650E+38    0.66984E+03
    0.16650E+38    0.67579E+03
    0.16650E+38    0.67579E+03
    0.16650E+38    0.67579E+03
    0.16650E+38    0.67579E+03
    0.16650E+38    0.66786E+03
    0.16650E+38    0.66786E+03
    0.16650E+38    0.66786E+03
    0.16650E+38    0.67778E+03
    0.16650E+38    0.67778E+03
    0.16650E+38    0.67778E+03
    0.16650E+38    0.69167E+03
    0.16650E+38    0.69365E+03
    0.16650E+38    0.69365E+03
    0.16650E+38    0.63611E+03
    0.16650E+38    0.63810E+03
    0.16650E+38    0.63810E+03
    0.16650E+38    0.64206E+03
    0.16650E+38    0.64206E+03
    0.16650E+38    0.65000E+03
    0.16650E+38    0.65198E+03
    0.16650E+38    0.65198E+03
    0.16650E+38    0.65198E+03
    0.16650E+38    0.65198E+03
    0.16650E+38    0.65595E+03
    0.16650E+38    0.65595E+03
    0.16650E+38    0.65595E+03
    0.16650E+38    0.66190E+03
    0.16650E+38    0.66190E+03
    0.16650E+38    0.66389E+03
    0.16650E+38    0.66786E+03
    0.16650E+38    0.66786E+03
    0.16650E+38    0.66786E+03
    0.16650E+38    0.66786E+03
    0.16650E+38    0.67183E+03
    0.16650E+38    0.67778E+03
    0.16650E+38    0.67778E+03
    0.16650E+38    0.68175E+03
    0.16650E+38    0.68175E+03
    0.16650E+38    0.68373E+03
    0.16650E+38    0.68770E+03
    0.16650E+38    0.68770E+03
    0.16650E+38    0.68968E+03
    0.16650E+38    0.68968E+03
    0.16870E+38    0.69365E+03
    0.16760E+38    0.68968E+03
    0.16760E+38    0.68968E+03
    0.16870E+38    0.68968E+03
    0.16870E+38    0.68968E+03
    0.16870E+38    0.68968E+03
    0.16870E+38    0.68770E+03
    0.16870E+38    0.68770E+03
    0.16870E+38    0.68175E+03
    0.16870E+38    0.67579E+03
    0.16870E+38    0.67381E+03
    0.16870E+38    0.67381E+03
    0.16870E+38    0.66984E+03
    0.16870E+38    0.66984E+03
    0.16870E+38    0.66984E+03
    0.16870E+38    0.66389E+03
    0.16870E+38    0.66389E+03
    0.16870E+38    0.65794E+03
    0.16870E+38    0.65794E+03
    0.16870E+38    0.65397E+03
    0.16870E+38    0.65397E+03
    0.16870E+38    0.65000E+03
    0.16870E+38    0.64802E+03
    0.16870E+38    0.64802E+03
    0.16870E+38    0.64206E+03
    0.16870E+38    0.64206E+03
    0.16870E+38    0.64008E+03
    0.16870E+38    0.63611E+03
    0.16979E+38    0.64405E+03
    0.16979E+38    0.64603E+03
    0.16979E+38    0.64802E+03
    0.16979E+38    0.65000E+03
    0.16979E+38    0.66389E+03
    0.16979E+38    0.66389E+03
    0.16979E+38    0.66389E+03
    0.16979E+38    0.66984E+03
    0.16979E+38    0.66984E+03
    0.16979E+38    0.67778E+03
    0.16979E+38    0.68175E+03
    0.16979E+38    0.68175E+03
    0.16979E+38    0.68175E+03
    0.16979E+38    0.68175E+03
    0.16979E+38    0.68373E+03
    0.16979E+38    0.68571E+03
    0.16979E+38    0.68571E+03
    0.17089E+38    0.69167E+03
    0.17089E+38    0.69167E+03
    0.17089E+38    0.69167E+03
    0.17089E+38    0.69167E+03
    0.17089E+38    0.69167E+03
    0.17089E+38    0.69762E+03
    0.17308E+38    0.67778E+03
    0.17308E+38    0.67778E+03
    0.17308E+38    0.67778E+03
    0.17198E+38    0.68571E+03
    0.17198E+38    0.68175E+03
    0.17198E+38    0.68770E+03
    0.17198E+38    0.69762E+03
    0.17198E+38    0.69762E+03
    0.17198E+38    0.69762E+03
    0.17198E+38    0.69762E+03
    0.17198E+38    0.70159E+03
    0.17308E+38    0.70952E+03
    0.17308E+38    0.70556E+03
    0.17308E+38    0.70556E+03
    0.17308E+38    0.69960E+03
    0.17308E+38    0.69960E+03
    0.17308E+38    0.69563E+03
    0.17308E+38    0.69167E+03
    0.17308E+38    0.69167E+03
    0.17308E+38    0.69167E+03
    0.17308E+38    0.69167E+03
    0.17308E+38    0.68571E+03
    0.17308E+38    0.68175E+03
    0.17308E+38    0.68175E+03
    0.17308E+38    0.67778E+03
    0.17308E+38    0.67778E+03
    0.17308E+38    0.67778E+03
    0.17418E+38    0.68571E+03
    0.17418E+38    0.68571E+03
    0.17418E+38    0.68571E+03
    0.17418E+38    0.69167E+03
    0.17418E+38    0.69167E+03
    0.17418E+38    0.69365E+03
    0.17418E+38    0.69960E+03
    0.17418E+38    0.69960E+03
    0.17418E+38    0.70357E+03
    0.17418E+38    0.70357E+03
    0.17418E+38    0.70754E+03
    0.17418E+38    0.71151E+03
    0.17418E+38    0.71151E+03
    0.17418E+38    0.71151E+03
    0.17418E+38    0.71151E+03
    0.17637E+38    0.71349E+03
    0.17637E+38    0.71151E+03
    0.17637E+38    0.71151E+03
    0.17637E+38    0.70754E+03
    0.17637E+38    0.70754E+03
    0.17637E+38    0.69960E+03
    0.17637E+38    0.69960E+03
    0.17637E+38    0.69960E+03
    0.17637E+38    0.69762E+03
    0.17637E+38    0.69762E+03
    0.17856E+38    0.69960E+03
    0.17856E+38    0.70754E+03
    0.17856E+38    0.70754E+03
    0.17856E+38    0.71151E+03
    0.17856E+38    0.71151E+03
    0.17856E+38    0.70754E+03
    0.17856E+38    0.70357E+03
    0.17856E+38    0.69960E+03
    0.17856E+38    0.69960E+03
    0.17856E+38    0.72937E+03
    0.17856E+38    0.73929E+03
    0.17856E+38    0.73929E+03
    0.17856E+38    0.73929E+03
    0.17856E+38    0.73929E+03
    0.17856E+38    0.73333E+03
    0.17856E+38    0.73929E+03
    0.17856E+38    0.73929E+03
    0.17856E+38    0.74524E+03
    0.17856E+38    0.74524E+03
    0.17856E+38    0.74722E+03
    0.17856E+38    0.74722E+03
    0.17856E+38    0.75119E+03
    0.17856E+38    0.75714E+03
    0.17856E+38    0.75714E+03
    0.17856E+38    0.75913E+03
    0.17856E+38    0.75913E+03
    0.17856E+38    0.76111E+03
    0.17856E+38    0.76111E+03
    0.17856E+38    0.76310E+03
    0.17966E+38    0.76706E+03
    0.17966E+38    0.76310E+03
    0.17966E+38    0.76310E+03
    0.17966E+38    0.75714E+03
    0.17966E+38    0.75714E+03
    0.18076E+38    0.75119E+03
    0.18076E+38    0.74921E+03
    0.18076E+38    0.74921E+03
    0.18076E+38    0.74524E+03
    0.18076E+38    0.74524E+03
    0.18076E+38    0.74524E+03
    0.17966E+38    0.75317E+03
    0.17966E+38    0.75317E+03
    0.17966E+38    0.75317E+03
    0.17966E+38    0.74524E+03
    0.17966E+38    0.74524E+03
    0.17966E+38    0.73929E+03
    0.17966E+38    0.73929E+03
    0.17966E+38    0.73929E+03
    0.17966E+38    0.73730E+03
    0.17966E+38    0.73730E+03
    0.17966E+38    0.73532E+03
    0.17966E+38    0.73135E+03
    0.17966E+38    0.73135E+03
    0.17966E+38    0.73135E+03
    0.17966E+38    0.73135E+03
    0.17966E+38    0.72937E+03
    0.18076E+38    0.72937E+03
    0.18076E+38    0.73135E+03
    0.18076E+38    0.73135E+03
    0.18076E+38    0.73730E+03
    0.18076E+38    0.73730E+03
    0.18076E+38    0.74325E+03
    0.18076E+38    0.74524E+03
    0.18076E+38    0.74524E+03
    0.18076E+38    0.74722E+03
    0.18076E+38    0.74722E+03
    0.18076E+38    0.75119E+03
    0.18076E+38    0.75516E+03
    0.18076E+38    0.75516E+03
    0.18076E+38    0.75516E+03
    0.18076E+38    0.75516E+03
    0.18076E+38    0.75913E+03
    0.18076E+38    0.75913E+03
    0.18076E+38    0.75913E+03
    0.18076E+38    0.76111E+03
    0.18076E+38    0.76111E+03
    0.18076E+38    0.76310E+03
    0.18076E+38    0.76706E+03
    0.18076E+38    0.76706E+03
    0.18076E+38    0.76706E+03
    0.18076E+38    0.76706E+03
    0.18076E+38    0.77103E+03
    0.18076E+38    0.77103E+03
    0.18076E+38    0.77103E+03
    0.18076E+38    0.77302E+03
    0.18295E+38    0.77698E+03
    0.18295E+38    0.77103E+03
    0.18295E+38    0.77103E+03
    0.18295E+38    0.76706E+03
    0.18295E+38    0.76706E+03
    0.18295E+38    0.76310E+03
    0.18295E+38    0.76111E+03
    0.18295E+38    0.76111E+03
    0.18295E+38    0.75714E+03
    0.18295E+38    0.75714E+03
    0.18295E+38    0.75714E+03
    0.18295E+38    0.75714E+03
    0.18295E+38    0.75714E+03
    0.18405E+38    0.75317E+03
    0.18405E+38    0.75317E+03
    0.18405E+38    0.74722E+03
    0.18405E+38    0.74325E+03
    0.18405E+38    0.73730E+03
    0.18295E+38    0.73333E+03
    0.18295E+38    0.73333E+03
    0.18624E+38    0.74127E+03
    0.18624E+38    0.74127E+03
    0.18624E+38    0.74127E+03
    0.18624E+38    0.74127E+03
    0.18624E+38    0.74127E+03
    0.18624E+38    0.74921E+03
    0.18624E+38    0.75317E+03
    0.18624E+38    0.75317E+03
    0.18624E+38    0.75714E+03
    0.18624E+38    0.75714E+03
    0.18624E+38    0.75913E+03
    0.18514E+38    0.76310E+03
    0.18624E+38    0.75913E+03
    0.18624E+38    0.76111E+03
    0.18624E+38    0.76111E+03
    0.18624E+38    0.76905E+03
    0.18624E+38    0.76905E+03
    0.18624E+38    0.77500E+03
    0.18624E+38    0.77698E+03
    0.18624E+38    0.77698E+03
    0.18624E+38    0.77897E+03
    0.18624E+38    0.77897E+03
    0.18624E+38    0.78095E+03
    0.18843E+38    0.78294E+03
    0.18843E+38    0.77500E+03
    0.18843E+38    0.77500E+03
    0.18843E+38    0.77302E+03
    0.18843E+38    0.77302E+03
    0.18843E+38    0.76706E+03
    0.18843E+38    0.76111E+03
    0.18843E+38    0.76111E+03
    0.18843E+38    0.76111E+03
    0.18843E+38    0.76111E+03
    0.18843E+38    0.75516E+03
    0.18843E+38    0.75119E+03
    0.18843E+38    0.75119E+03
    0.18843E+38    0.75119E+03
    0.18843E+38    0.75119E+03
    0.18843E+38    0.75119E+03
    0.18843E+38    0.74921E+03
    0.18953E+38    0.76508E+03
    0.18953E+38    0.76706E+03
    0.18953E+38    0.76706E+03
    0.18953E+38    0.77103E+03
    0.18953E+38    0.77103E+03
    0.18953E+38    0.77103E+03
    0.18953E+38    0.77302E+03
    0.18953E+38    0.77302E+03
    0.18953E+38    0.77500E+03
    0.18953E+38    0.77500E+03
    0.18953E+38    0.77500E+03
    0.18953E+38    0.77698E+03
    0.19063E+38    0.77698E+03
    0.19063E+38    0.77698E+03
    0.19063E+38    0.77698E+03
    0.19063E+38    0.77103E+03
    0.19063E+38    0.77103E+03
    0.19063E+38    0.77103E+03
    0.19063E+38    0.76706E+03
    0.19063E+38    0.76706E+03
    0.19063E+38    0.76508E+03
    0.19172E+38    0.76508E+03
    0.19172E+38    0.76905E+03
    0.19172E+38    0.77103E+03
    0.19172E+38    0.77103E+03
    0.19172E+38    0.76905E+03
    0.19172E+38    0.76508E+03
    0.18624E+38    0.80675E+03
    0.18624E+38    0.81071E+03
    0.18624E+38    0.81071E+03
    0.18843E+38    0.81468E+03
    0.18843E+38    0.80675E+03
    0.18843E+38    0.80675E+03
    0.18843E+38    0.80278E+03
    0.18843E+38    0.80278E+03
    0.18843E+38    0.80079E+03
    0.18843E+38    0.80079E+03
    0.18843E+38    0.81071E+03
    0.18734E+38    0.81270E+03
    0.18734E+38    0.81071E+03
    0.18734E+38    0.81071E+03
    0.18734E+38    0.80675E+03
    0.18734E+38    0.80675E+03
    0.18734E+38    0.80278E+03
    0.18734E+38    0.80079E+03
    0.18734E+38    0.80079E+03
    0.18953E+38    0.79683E+03
    0.18953E+38    0.80079E+03
    0.18953E+38    0.80079E+03
    0.18953E+38    0.80675E+03
    0.18953E+38    0.80675E+03
    0.18953E+38    0.80675E+03
    0.18953E+38    0.81071E+03
    0.18953E+38    0.81071E+03
    0.18953E+38    0.81071E+03
    0.18953E+38    0.81071E+03
    0.18953E+38    0.81468E+03
    0.19172E+38    0.82063E+03
    0.19172E+38    0.81667E+03
    0.19172E+38    0.81667E+03
    0.19172E+38    0.81667E+03
    0.19172E+38    0.81667E+03
    0.19172E+38    0.81270E+03
    0.19172E+38    0.80873E+03
    0.19172E+38    0.80873E+03
    0.19172E+38    0.80873E+03
    0.19172E+38    0.80873E+03
    0.19172E+38    0.80675E+03
    0.19172E+38    0.80476E+03
    0.19172E+38    0.80476E+03
    0.19172E+38    0.80278E+03
    0.19172E+38    0.80278E+03
    0.19172E+38    0.79881E+03
    0.19172E+38    0.79484E+03
    0.19172E+38    0.79286E+03
    0.19172E+38    0.79286E+03
    0.19172E+38    0.79087E+03
    0.19172E+38    0.79087E+03
    0.19282E+38    0.79087E+03
    0.19282E+38    0.79286E+03
    0.19282E+38    0.79286E+03
    0.19282E+38    0.79683E+03
    0.19282E+38    0.79683E+03
    0.19282E+38    0.79881E+03
    0.19282E+38    0.80079E+03
    0.19282E+38    0.80079E+03
    0.19282E+38    0.80476E+03
    0.19282E+38    0.80476E+03
    0.19282E+38    0.80873E+03
    0.19282E+38    0.81071E+03
    0.19282E+38    0.81071E+03
    0.19282E+38    0.81270E+03
    0.19282E+38    0.81270E+03
    0.19282E+38    0.81270E+03
    0.19172E+38    0.81667E+03
    0.19172E+38    0.81667E+03
    0.19282E+38    0.82063E+03
    0.19282E+38    0.81468E+03
    0.19282E+38    0.81468E+03
    0.19282E+38    0.81468E+03
    0.19282E+38    0.81468E+03
    0.19282E+38    0.81270E+03
    0.19282E+38    0.81071E+03
    0.19282E+38    0.81071E+03
    0.19282E+38    0.81071E+03
    0.19282E+38    0.81071E+03
    0.19392E+38    0.79484E+03
    0.19500E+38    0.79484E+03
    0.19500E+38    0.79484E+03
    0.19500E+38    0.79484E+03
    0.19500E+38    0.80079E+03
    0.19500E+38    0.80079E+03
    0.19500E+38    0.80278E+03
    0.19500E+38    0.80278E+03
    0.19500E+38    0.79286E+03
    0.19500E+38    0.79286E+03
    0.19500E+38    0.79286E+03
    0.19500E+38    0.80278E+03
    0.19500E+38    0.80873E+03
    0.19500E+38    0.80873E+03
    0.19500E+38    0.80873E+03
    0.19500E+38    0.80873E+03
    0.19500E+38    0.81468E+03
    0.19500E+38    0.81667E+03
    0.19500E+38    0.81667E+03
    0.19500E+38    0.81865E+03
    0.19500E+38    0.81865E+03
    0.19500E+38    0.82262E+03
    0.19610E+38    0.81865E+03
    0.19610E+38    0.81468E+03
    0.19610E+38    0.81468E+03
    0.19610E+38    0.81270E+03
    0.19610E+38    0.81270E+03
    0.19610E+38    0.80873E+03
    0.19610E+38    0.80675E+03
    0.19610E+38    0.80675E+03
    0.19610E+38    0.80476E+03
    0.19610E+38    0.80476E+03
    0.19610E+38    0.80079E+03
    0.19610E+38    0.79881E+03
    0.19610E+38    0.79881E+03
    0.19610E+38    0.79683E+03
    0.19610E+38    0.79683E+03
    0.19610E+38    0.79484E+03
    0.19830E+38    0.79881E+03
    0.19830E+38    0.80278E+03
    0.19830E+38    0.80278E+03
    0.19830E+38    0.80476E+03
    0.19830E+38    0.80476E+03
    0.19830E+38    0.80476E+03
    0.19830E+38    0.80873E+03
    0.19830E+38    0.80873E+03
    0.19830E+38    0.81468E+03
    0.19830E+38    0.81468E+03
    0.19830E+38    0.81667E+03
    0.19830E+38    0.81667E+03
    0.19830E+38    0.81667E+03
    0.19830E+38    0.82063E+03
    0.20050E+38    0.81865E+03
    0.20050E+38    0.81667E+03
    0.20050E+38    0.81667E+03
    0.20050E+38    0.81468E+03
    0.20050E+38    0.81468E+03
    0.20050E+38    0.81270E+03
    0.20050E+38    0.81270E+03
    0.20050E+38    0.81270E+03
    0.20050E+38    0.81071E+03
    0.20050E+38    0.81071E+03
    0.20050E+38    0.80873E+03
    0.20050E+38    0.80873E+03
    0.20050E+38    0.80873E+03
    0.20050E+38    0.80476E+03
    0.20050E+38    0.80476E+03
    0.20050E+38    0.80476E+03
    0.20050E+38    0.80278E+03
    0.20050E+38    0.80278E+03
    0.20050E+38    0.80278E+03
    0.20050E+38    0.80278E+03
    0.20050E+38    0.80079E+03
    0.17637E+38    0.64405E+03
    0.17637E+38    0.64802E+03
    0.17637E+38    0.65198E+03
    0.17637E+38    0.65595E+03
    0.17637E+38    0.65595E+03
    0.17637E+38    0.65794E+03
    0.17637E+38    0.65794E+03
    0.17527E+38    0.65198E+03
    0.17527E+38    0.65000E+03
    0.17527E+38    0.64603E+03
    0.17747E+38    0.65992E+03
    0.17747E+38    0.65992E+03
    0.17747E+38    0.65992E+03
    0.17747E+38    0.65794E+03
    0.17747E+38    0.65794E+03
    0.17747E+38    0.65595E+03
    0.17747E+38    0.65198E+03
    0.17747E+38    0.65198E+03
    0.17747E+38    0.65198E+03
    0.17747E+38    0.65198E+03
    0.17856E+38    0.65397E+03
    0.17856E+38    0.65794E+03
    0.17856E+38    0.65794E+03
    0.17856E+38    0.65794E+03
    0.17856E+38    0.65794E+03
    0.17856E+38    0.66190E+03
    0.17856E+38    0.66389E+03
    0.17856E+38    0.66389E+03
    0.17966E+38    0.65992E+03
    0.17966E+38    0.66190E+03
    0.18076E+38    0.65794E+03
    0.18076E+38    0.66190E+03
    0.18076E+38    0.66389E+03
    0.18076E+38    0.66389E+03
    0.18185E+38    0.66587E+03
    0.18185E+38    0.66587E+03
    0.18185E+38    0.66984E+03
    0.18185E+38    0.66786E+03
    0.18185E+38    0.66587E+03
    0.18185E+38    0.66587E+03
    0.18185E+38    0.66190E+03
    0.18185E+38    0.66190E+03
    0.18295E+38    0.66587E+03
    0.18295E+38    0.66587E+03
    0.18295E+38    0.66587E+03
    0.18295E+38    0.67183E+03
    0.18295E+38    0.67183E+03
    0.18295E+38    0.67183E+03
    0.18295E+38    0.67183E+03
    0.18295E+38    0.66984E+03
    0.18295E+38    0.66786E+03
    0.18295E+38    0.68571E+03
    0.18295E+38    0.69365E+03
    0.18295E+38    0.68770E+03
    0.18295E+38    0.69365E+03
    0.18295E+38    0.69365E+03
    0.18295E+38    0.70357E+03
    0.18295E+38    0.70357E+03
    0.18185E+38    0.70357E+03
    0.18185E+38    0.70357E+03
    0.18295E+38    0.70159E+03
    0.18295E+38    0.69762E+03
    0.18295E+38    0.69762E+03
    0.18295E+38    0.69762E+03
    0.18295E+38    0.69762E+03
    0.18295E+38    0.69762E+03
    0.18295E+38    0.69563E+03
    0.18076E+38    0.69365E+03
    0.18076E+38    0.69563E+03
    0.18076E+38    0.69762E+03
    0.18185E+38    0.70159E+03
    0.18185E+38    0.69762E+03
    0.18185E+38    0.69762E+03
    0.18185E+38    0.69762E+03
    0.18185E+38    0.69563E+03
    0.18185E+38    0.69563E+03
    0.18185E+38    0.69365E+03
    0.18405E+38    0.69762E+03
    0.18405E+38    0.70357E+03
    0.18405E+38    0.70556E+03
    0.18405E+38    0.70159E+03
    0.18405E+38    0.70159E+03
    0.18405E+38    0.70159E+03
    0.18405E+38    0.69960E+03
    0.18405E+38    0.69960E+03
    0.19172E+38    0.72738E+03
    0.19172E+38    0.73135E+03
    0.19172E+38    0.73135E+03
    0.19172E+38    0.73135E+03
    0.19172E+38    0.73532E+03
    0.18953E+38    0.73730E+03
    0.18953E+38    0.73730E+03
    0.19063E+38    0.73730E+03
    0.19063E+38    0.74127E+03
    0.19172E+38    0.74127E+03
    0.19172E+38    0.74524E+03
    0.19172E+38    0.74722E+03
    0.18953E+38    0.72937E+03
    0.19500E+38    0.74524E+03
    0.19500E+38    0.74524E+03
    0.19500E+38    0.74524E+03
    0.19500E+38    0.75317E+03
    0.19500E+38    0.75119E+03
    0.19500E+38    0.74722E+03
    0.19610E+38    0.75317E+03
    0.19610E+38    0.75516E+03
    0.19610E+38    0.75516E+03
    0.19610E+38    0.75516E+03
    0.19610E+38    0.75516E+03
    0.19610E+38    0.76111E+03
    0.19610E+38    0.75714E+03
    0.19720E+38    0.75516E+03
    0.19720E+38    0.78095E+03
    0.19720E+38    0.77897E+03
    0.19720E+38    0.77698E+03
    0.19720E+38    0.77500E+03
    0.19720E+38    0.77103E+03
    0.19720E+38    0.76905E+03
    0.19830E+38    0.76508E+03
    0.19830E+38    0.76905E+03
    0.19830E+38    0.76905E+03
    0.19830E+38    0.76905E+03
    0.19720E+38    0.77302E+03
    0.19720E+38    0.77302E+03
    0.19830E+38    0.77302E+03
    0.19830E+38    0.77500E+03
    0.19830E+38    0.77897E+03
    0.19830E+38    0.77897E+03
    0.19500E+38    0.77698E+03
    0.19500E+38    0.77103E+03
    0.19940E+38    0.77698E+03
    0.19940E+38    0.77302E+03
    0.19940E+38    0.77103E+03
    0.19940E+38    0.77103E+03
    0.19940E+38    0.76905E+03
    0.19940E+38    0.76905E+03
    0.19940E+38    0.76508E+03
    0.20050E+38    0.77103E+03
    0.20050E+38    0.77302E+03
    0.20050E+38    0.77302E+03
    0.20050E+38    0.77698E+03
    0.20050E+38    0.77698E+03
    0.20050E+38    0.77698E+03
    0.20050E+38    0.77500E+03
    0.20160E+38    0.77302E+03
    0.20160E+38    0.77500E+03
    0.20160E+38    0.77500E+03
    0.20160E+38    0.78095E+03
    0.20160E+38    0.78095E+03
    0.20160E+38    0.78294E+03
    0.20160E+38    0.78294E+03
    0.20160E+38    0.78294E+03
    0.20268E+38    0.78492E+03
    0.20268E+38    0.78492E+03
    0.20268E+38    0.78492E+03
    0.20268E+38    0.78294E+03
    0.20268E+38    0.78294E+03
    0.20268E+38    0.78294E+03
    0.20268E+38    0.77897E+03
    0.20268E+38    0.77897E+03
    0.20268E+38    0.76905E+03
    0.20268E+38    0.77500E+03
    0.20268E+38    0.77897E+03
    0.20268E+38    0.77897E+03
    0.20268E+38    0.78294E+03
    0.20268E+38    0.78294E+03
    0.20378E+38    0.78294E+03
    0.20378E+38    0.77897E+03
    0.20378E+38    0.77897E+03
    0.20378E+38    0.77698E+03
    0.20378E+38    0.77698E+03
    0.20378E+38    0.77500E+03
    0.20378E+38    0.77302E+03
    0.20378E+38    0.77302E+03
    0.20818E+38    0.79683E+03
    0.20818E+38    0.80079E+03
    0.20818E+38    0.80079E+03
    0.20818E+38    0.80476E+03
    0.20818E+38    0.80476E+03
    0.20818E+38    0.80873E+03
    0.20818E+38    0.81270E+03
    0.20818E+38    0.81270E+03
    0.20818E+38    0.81667E+03
    0.20818E+38    0.81667E+03
    0.20818E+38    0.82063E+03
    0.20818E+38    0.82262E+03
    0.20818E+38    0.82262E+03
    0.20818E+38    0.82659E+03
    0.20818E+38    0.82659E+03
    0.20818E+38    0.82857E+03
    0.20818E+38    0.83254E+03
    0.20818E+38    0.83254E+03
    0.20818E+38    0.83651E+03
    0.20818E+38    0.83651E+03
    0.20818E+38    0.84048E+03
    0.20818E+38    0.84444E+03
    0.20818E+38    0.84444E+03
    0.20708E+38    0.84444E+03
    0.20708E+38    0.84444E+03
    0.20708E+38    0.85040E+03
    0.20708E+38    0.84048E+03
    0.20598E+38    0.83056E+03
    0.20598E+38    0.81865E+03
    0.20598E+38    0.81667E+03
    0.20598E+38    0.81667E+03
    0.20598E+38    0.81468E+03
    0.20598E+38    0.81468E+03
    0.20598E+38    0.81270E+03
    0.20598E+38    0.81071E+03
    0.20598E+38    0.81071E+03
    0.20598E+38    0.80873E+03
    0.20598E+38    0.80873E+03
    0.20598E+38    0.80675E+03
    0.20598E+38    0.80675E+03
    0.20598E+38    0.80675E+03
    0.20598E+38    0.80675E+03
    0.20598E+38    0.80675E+03
    0.20598E+38    0.80476E+03
    0.20488E+38    0.80476E+03
    0.20488E+38    0.80476E+03
    0.20488E+38    0.80476E+03
    0.20488E+38    0.80476E+03
    0.20488E+38    0.80476E+03
    0.20488E+38    0.81071E+03
    0.20488E+38    0.81270E+03
    0.20488E+38    0.81270E+03
    0.20488E+38    0.81667E+03
    0.20488E+38    0.81667E+03
    0.20378E+38    0.81270E+03
    0.20378E+38    0.81270E+03
    0.20378E+38    0.81270E+03
    0.20378E+38    0.81071E+03
    0.20378E+38    0.81071E+03
    0.20378E+38    0.80873E+03
    0.20378E+38    0.80675E+03
    0.20378E+38    0.80675E+03
    0.20378E+38    0.80476E+03
    0.20378E+38    0.80476E+03
    0.21036E+38    0.80079E+03
    0.21036E+38    0.80278E+03
    0.21036E+38    0.80476E+03
    0.21036E+38    0.80476E+03
    0.21036E+38    0.80873E+03
    0.21036E+38    0.80873E+03
    0.20926E+38    0.85040E+03
    0.20926E+38    0.84048E+03
    0.20926E+38    0.84048E+03
    0.20926E+38    0.83651E+03
    0.20926E+38    0.83651E+03
    0.20926E+38    0.83254E+03
    0.20926E+38    0.83254E+03
    0.20926E+38    0.82857E+03
    0.20926E+38    0.82460E+03
    0.20926E+38    0.82460E+03
    0.20926E+38    0.82063E+03
    0.20926E+38    0.82063E+03
    0.20926E+38    0.81865E+03
    0.21036E+38    0.81865E+03
    0.21036E+38    0.82460E+03
    0.21036E+38    0.82460E+03
    0.21036E+38    0.82659E+03
    0.21036E+38    0.82659E+03
    0.21146E+38    0.83056E+03
    0.21146E+38    0.83651E+03
    0.21146E+38    0.83651E+03
    0.21146E+38    0.83651E+03
    0.21146E+38    0.83651E+03
    0.21146E+38    0.83849E+03
    0.21146E+38    0.84643E+03
    0.21146E+38    0.84643E+03
    0.21146E+38    0.84643E+03
    0.21146E+38    0.84643E+03
    0.21146E+38    0.84246E+03
    0.21146E+38    0.83452E+03
    0.21146E+38    0.83452E+03
    0.21146E+38    0.83254E+03
    0.21146E+38    0.83254E+03
    0.21036E+38    0.83254E+03
    0.20926E+38    0.83254E+03
    0.21036E+38    0.84643E+03
    0.21146E+38    0.84444E+03
    0.21146E+38    0.84048E+03
    0.21146E+38    0.84048E+03
    0.21146E+38    0.83849E+03
    0.21146E+38    0.83849E+03
    0.21146E+38    0.83254E+03
    0.21146E+38    0.83254E+03
    0.21146E+38    0.83254E+03
    0.21146E+38    0.82857E+03
    0.21146E+38    0.82857E+03
    0.21146E+38    0.82460E+03
    0.21146E+38    0.82262E+03
    0.21146E+38    0.82262E+03
    0.21146E+38    0.82063E+03
    0.21146E+38    0.82063E+03
    0.21146E+38    0.81667E+03
    0.21256E+38    0.81667E+03
    0.21256E+38    0.81667E+03
    0.21256E+38    0.81667E+03
    0.21256E+38    0.82063E+03
    0.21256E+38    0.82063E+03
    0.21256E+38    0.82262E+03
    0.21256E+38    0.82659E+03
    0.21256E+38    0.82659E+03
    0.21256E+38    0.82857E+03
    0.21256E+38    0.82857E+03
    0.21256E+38    0.83056E+03
    0.21366E+38    0.83452E+03
    0.21366E+38    0.83452E+03
    0.21366E+38    0.83452E+03
    0.21366E+38    0.83452E+03
    0.21366E+38    0.83452E+03
    0.21366E+38    0.83849E+03
    0.21366E+38    0.84048E+03
    0.21366E+38    0.84048E+03
    0.21366E+38    0.84246E+03
    0.21366E+38    0.84246E+03
    0.21366E+38    0.84444E+03
    0.21366E+38    0.84444E+03
    0.21366E+38    0.84444E+03
    0.21366E+38    0.84841E+03
    0.21366E+38    0.85040E+03
    0.21366E+38    0.85040E+03
    0.21366E+38    0.85238E+03
    0.21366E+38    0.85238E+03
    0.21366E+38    0.85437E+03
    0.21256E+38    0.85437E+03
    0.21256E+38    0.85437E+03
    0.21256E+38    0.85437E+03
    0.21256E+38    0.85437E+03
    0.21256E+38    0.85635E+03
    0.21256E+38    0.81468E+03
    0.21584E+38    0.81468E+03
    0.21584E+38    0.81468E+03
    0.21584E+38    0.81468E+03
    0.21694E+38    0.81468E+03
    0.21804E+38    0.81468E+03
    0.21804E+38    0.81865E+03
    0.21804E+38    0.82063E+03
    0.21804E+38    0.82063E+03
    0.21584E+38    0.82659E+03
    0.21584E+38    0.82262E+03
    0.21584E+38    0.81667E+03
    0.21366E+38    0.81865E+03
    0.21366E+38    0.82659E+03
    0.21366E+38    0.82659E+03
    0.21366E+38    0.82659E+03
    0.21366E+38    0.82659E+03
    0.21366E+38    0.82857E+03
    0.21366E+38    0.83452E+03
    0.21366E+38    0.83452E+03
    0.21366E+38    0.84048E+03
    0.21366E+38    0.84048E+03
    0.21366E+38    0.84246E+03
    0.21366E+38    0.84246E+03
    0.21366E+38    0.84444E+03
    0.21256E+38    0.85040E+03
    0.21256E+38    0.85040E+03
    0.21256E+38    0.85040E+03
    0.21256E+38    0.85040E+03
    0.21256E+38    0.85238E+03
    0.21476E+38    0.84246E+03
    0.21476E+38    0.84643E+03
    0.21476E+38    0.84643E+03
    0.21476E+38    0.84643E+03
    0.21476E+38    0.84643E+03
    0.21476E+38    0.85635E+03
    0.21476E+38    0.85635E+03
    0.21476E+38    0.85635E+03
    0.21476E+38    0.85238E+03
    0.21476E+38    0.85040E+03
    0.21476E+38    0.85040E+03
    0.21476E+38    0.84643E+03
    0.21476E+38    0.84643E+03
    0.21476E+38    0.84444E+03
    0.21584E+38    0.84444E+03
    0.21584E+38    0.85040E+03
    0.21584E+38    0.85040E+03
    0.21584E+38    0.85238E+03
    0.21584E+38    0.85238E+03
    0.21584E+38    0.85437E+03
    0.21584E+38    0.85437E+03
    0.21584E+38    0.85437E+03
    0.21584E+38    0.85040E+03
    0.21584E+38    0.84841E+03
    0.21584E+38    0.84841E+03
    0.21584E+38    0.84643E+03
    0.21584E+38    0.84643E+03
    0.21804E+38    0.84643E+03
    0.21804E+38    0.84643E+03
    0.21804E+38    0.84643E+03
    0.21804E+38    0.84841E+03
    0.21804E+38    0.84841E+03
    0.21804E+38    0.85040E+03
    0.21804E+38    0.85238E+03
    0.21804E+38    0.85238E+03
    0.21914E+38    0.85635E+03
    0.21914E+38    0.85635E+03
    0.21914E+38    0.86230E+03
    0.21914E+38    0.86230E+03
    0.21914E+38    0.86230E+03
    0.21914E+38    0.86230E+03
    0.21914E+38    0.86230E+03
    0.22024E+38    0.86627E+03
    0.22024E+38    0.86230E+03
    0.22024E+38    0.86825E+03
    0.22024E+38    0.86032E+03
    0.22024E+38    0.85635E+03
    0.26080E+38    0.82262E+03
    0.26080E+38    0.82857E+03
    0.26080E+38    0.83254E+03
    0.26190E+38    0.83254E+03
    0.26190E+38    0.82460E+03
    0.26298E+38    0.82857E+03
    0.26518E+38    0.83849E+03
    0.26518E+38    0.83651E+03
    0.26518E+38    0.83056E+03
    0.26518E+38    0.83056E+03
    0.26518E+38    0.82857E+03
    0.26518E+38    0.82857E+03
    0.26518E+38    0.82460E+03
    0.26408E+38    0.82262E+03
    0.26408E+38    0.82262E+03
    0.26408E+38    0.82262E+03
    0.26408E+38    0.82460E+03
    0.26408E+38    0.82460E+03
    0.26408E+38    0.82857E+03
    0.26408E+38    0.82857E+03
    0.26408E+38    0.82857E+03
    0.26408E+38    0.83254E+03
    0.26408E+38    0.83254E+03
    0.26408E+38    0.83452E+03
    0.26408E+38    0.83651E+03
    0.26408E+38    0.83651E+03
    0.26848E+38    0.83651E+03
    0.26848E+38    0.83254E+03
    0.26848E+38    0.83254E+03
    0.26848E+38    0.83056E+03
    0.26848E+38    0.83056E+03
    0.26848E+38    0.83056E+03
    0.26848E+38    0.82659E+03
    0.26848E+38    0.82659E+03
    0.26848E+38    0.82659E+03
    0.26848E+38    0.82659E+03
    0.26848E+38    0.82063E+03
    0.27066E+38    0.82063E+03
    0.27066E+38    0.82262E+03
    0.27066E+38    0.82262E+03
    0.27066E+38    0.82659E+03
    0.27066E+38    0.82659E+03
    0.27066E+38    0.82659E+03
    0.27066E+38    0.82857E+03
    0.27066E+38    0.82857E+03
    0.27066E+38    0.83056E+03
    0.27066E+38    0.83056E+03
    0.27066E+38    0.83254E+03
    0.27066E+38    0.83452E+03
    0.27066E+38    0.83452E+03
    0.27066E+38    0.83452E+03
    0.27066E+38    0.83452E+03
    0.27066E+38    0.83651E+03
    0.26958E+38    0.83651E+03
    0.26958E+38    0.83651E+03
    0.26958E+38    0.83254E+03
    0.26958E+38    0.83254E+03
    0.26958E+38    0.83056E+03
    0.26958E+38    0.83056E+03
    0.26958E+38    0.82659E+03
    0.26958E+38    0.82262E+03
    0.26958E+38    0.82262E+03
    0.26958E+38    0.82262E+03
    0.27286E+38    0.82262E+03
    0.27286E+38    0.82659E+03
    0.27286E+38    0.82659E+03
    0.27286E+38    0.82659E+03
    0.27286E+38    0.82659E+03
    0.27286E+38    0.83056E+03
    0.27286E+38    0.83056E+03
    0.27286E+38    0.83056E+03
    0.27286E+38    0.83056E+03
    0.27286E+38    0.83056E+03
    0.27286E+38    0.83056E+03
    0.27286E+38    0.83254E+03
    0.27286E+38    0.83254E+03
    0.27396E+38    0.82460E+03
    0.27506E+38    0.82460E+03
    0.27616E+38    0.82460E+03
    0.26738E+38    0.83651E+03
    0.26958E+38    0.84643E+03
    0.27506E+38    0.84643E+03
    0.27176E+38    0.84444E+03
    0.27176E+38    0.84643E+03
    0.27176E+38    0.84643E+03
    0.27176E+38    0.84643E+03
    0.27506E+38    0.84643E+03
    0.27724E+38    0.84643E+03
    0.27944E+38    0.84643E+03
    0.28054E+38    0.84643E+03
    0.28054E+38    0.84643E+03
    0.28054E+38    0.84444E+03
    0.28274E+38    0.85040E+03
    0.28274E+38    0.85040E+03
    0.28274E+38    0.85040E+03
    0.27724E+38    0.84841E+03
    0.27724E+38    0.84841E+03
    0.27396E+38    0.84841E+03
    0.27176E+38    0.84841E+03
    0.27176E+38    0.84841E+03
    0.27616E+38    0.84841E+03
    0.27834E+38    0.84841E+03
    0.27834E+38    0.84841E+03
    0.27944E+38    0.84841E+03
    0.27944E+38    0.84841E+03
    0.28054E+38    0.84841E+03
    0.28274E+38    0.85040E+03
    0.27944E+38    0.85040E+03
    0.27944E+38    0.85040E+03
    0.27724E+38    0.85040E+03
    0.27724E+38    0.85040E+03
    0.27616E+38    0.85040E+03
    0.27396E+38    0.85040E+03
    0.27396E+38    0.85040E+03
    0.27286E+38    0.85040E+03
    0.27286E+38    0.85040E+03
    0.27286E+38    0.85238E+03
    0.27396E+38    0.85238E+03
    0.27396E+38    0.85238E+03
    0.27616E+38    0.85238E+03
    0.27616E+38    0.85238E+03
    0.27834E+38    0.85238E+03
    0.27834E+38    0.85238E+03
    0.27834E+38    0.85238E+03
    0.27944E+38    0.85238E+03
    0.27944E+38    0.85238E+03
    0.28164E+38    0.85238E+03
    0.28164E+38    0.85238E+03
    0.28164E+38    0.85238E+03
    0.28274E+38    0.85238E+03
    0.28274E+38    0.85238E+03
    0.28383E+38    0.85238E+03
    0.28383E+38    0.85238E+03
    0.28383E+38    0.85238E+03
    0.28601E+38    0.85437E+03
    0.28601E+38    0.85437E+03
    0.28601E+38    0.85437E+03
    0.28383E+38    0.85437E+03
    0.28383E+38    0.85437E+03
    0.28164E+38    0.85437E+03
    0.28054E+38    0.85437E+03
    0.28054E+38    0.85437E+03
    0.27944E+38    0.85437E+03
    0.27944E+38    0.85437E+03
    0.27834E+38    0.85437E+03
    0.27724E+38    0.85437E+03
    0.27724E+38    0.85437E+03
    0.27724E+38    0.85437E+03
    0.27724E+38    0.85437E+03
    0.27724E+38    0.85437E+03
    0.27506E+38    0.85437E+03
    0.27506E+38    0.85437E+03
    0.27286E+38    0.85437E+03
    0.27286E+38    0.85437E+03
    0.28054E+38    0.85833E+03
    0.28164E+38    0.85833E+03
    0.28054E+38    0.86032E+03
    0.27834E+38    0.86032E+03
    0.27616E+38    0.86230E+03
    0.27834E+38    0.86230E+03
    0.28054E+38    0.86230E+03
    0.28054E+38    0.86429E+03
    0.27834E+38    0.86429E+03
    0.27616E+38    0.86429E+03
    0.27616E+38    0.86429E+03
    0.27506E+38    0.86429E+03
    0.27506E+38    0.86429E+03
    0.27506E+38    0.86429E+03
    0.27286E+38    0.86825E+03
    0.27506E+38    0.86825E+03
    0.27724E+38    0.86825E+03
    0.27724E+38    0.86825E+03
    0.27834E+38    0.86825E+03
    0.27834E+38    0.86825E+03
    0.27944E+38    0.86825E+03
    0.27944E+38    0.86825E+03
    0.27944E+38    0.86825E+03
    0.28054E+38    0.86825E+03
    0.28054E+38    0.86825E+03
    0.28164E+38    0.86825E+03
    0.28274E+38    0.86825E+03
    0.28274E+38    0.87024E+03
    0.28274E+38    0.87222E+03
    0.27834E+38    0.87222E+03
    0.27834E+38    0.87222E+03
    0.27616E+38    0.87222E+03
    0.27616E+38    0.87222E+03
    0.27834E+38    0.87619E+03
    0.27834E+38    0.87619E+03
    0.27834E+38    0.87619E+03
    0.28054E+38    0.87619E+03
    0.28054E+38    0.87619E+03
    0.28274E+38    0.87619E+03
    0.28274E+38    0.88016E+03
    0.28274E+38    0.88016E+03
    0.28274E+38    0.88016E+03
    0.28054E+38    0.88016E+03
    0.28054E+38    0.88016E+03
    0.27834E+38    0.88016E+03
    0.27616E+38    0.88214E+03
    0.27616E+38    0.88214E+03
    0.27506E+38    0.88214E+03
    0.27506E+38    0.88214E+03
    0.27506E+38    0.88214E+03
    0.27176E+38    0.88214E+03
    0.27286E+38    0.88214E+03
    0.27834E+38    0.88413E+03
    0.27944E+38    0.88413E+03
    0.27944E+38    0.88413E+03
    0.27944E+38    0.88413E+03
    0.28054E+38    0.88413E+03
    0.28054E+38    0.88413E+03
    0.28164E+38    0.88413E+03
    0.28274E+38    0.88413E+03
    0.28274E+38    0.88413E+03
    0.28274E+38    0.88413E+03
    0.28274E+38    0.88413E+03
    0.28274E+38    0.88611E+03
    0.28274E+38    0.88611E+03
    0.28274E+38    0.88611E+03
    0.28274E+38    0.88611E+03
    0.28054E+38    0.88611E+03
    0.28054E+38    0.88611E+03
    0.27944E+38    0.88611E+03
    0.27834E+38    0.88611E+03
    0.27834E+38    0.88611E+03
    0.27834E+38    0.88810E+03
    0.27944E+38    0.88810E+03
    0.27944E+38    0.88810E+03
    0.28054E+38    0.88810E+03
    0.28054E+38    0.88810E+03
    0.28274E+38    0.88810E+03
    0.28383E+38    0.88810E+03
    0.28383E+38    0.88810E+03
    0.28383E+38    0.88810E+03
    0.28383E+38    0.88810E+03
    0.28492E+38    0.89008E+03
    0.28492E+38    0.89008E+03
    0.28164E+38    0.89008E+03
    0.28164E+38    0.89008E+03
    0.28054E+38    0.89008E+03
    0.28054E+38    0.89008E+03
    0.27724E+38    0.89008E+03
    0.27506E+38    0.89206E+03
    0.27506E+38    0.89206E+03
    0.27724E+38    0.89206E+03
    0.27834E+38    0.89206E+03
    0.27834E+38    0.89206E+03
    0.28054E+38    0.89206E+03
    0.28054E+38    0.89206E+03
    0.28054E+38    0.89206E+03
    0.28274E+38    0.89206E+03
    0.28492E+38    0.89206E+03
    0.28492E+38    0.89603E+03
