    0.15822E+37    0.50905E+03
    0.16392E+37    0.51301E+03
    0.16963E+37    0.51697E+03
    0.16963E+37    0.52094E+03
    0.17534E+37    0.52490E+03
    0.17534E+37    0.52886E+03
    0.17534E+37    0.53283E+03
    0.17534E+37    0.53283E+03
    0.17534E+37    0.53482E+03
    0.17534E+37    0.53878E+03
    0.16963E+37    0.53284E+03
    0.16963E+37    0.52887E+03
    0.16963E+37    0.53086E+03
    0.18105E+37    0.53679E+03
    0.17534E+37    0.54077E+03
    0.17534E+37    0.54672E+03
    0.17534E+37    0.54672E+03
    0.17534E+37    0.54672E+03
    0.17534E+37    0.54672E+03
    0.17534E+37    0.55069E+03
    0.16392E+37    0.54674E+03
    0.16963E+37    0.54673E+03
    0.16963E+37    0.54475E+03
    0.16963E+37    0.55268E+03
    0.16963E+37    0.54871E+03
    0.18105E+37    0.55068E+03
    0.18105E+37    0.54671E+03
    0.18105E+37    0.55663E+03
    0.18105E+37    0.55862E+03
    0.15822E+37    0.55865E+03
    0.15822E+37    0.55468E+03
    0.16963E+37    0.55665E+03
    0.18676E+37    0.56853E+03
    0.18676E+37    0.57051E+03
    0.18676E+37    0.57250E+03
    0.18676E+37    0.57250E+03
    0.18676E+37    0.57845E+03
    0.18676E+37    0.58043E+03
    0.18676E+37    0.58440E+03
    0.18676E+37    0.58440E+03
    0.18676E+37    0.58440E+03
    0.18676E+37    0.58639E+03
    0.18676E+37    0.59234E+03
    0.17534E+37    0.58640E+03
    0.17534E+37    0.58045E+03
    0.17534E+37    0.57847E+03
    0.16963E+37    0.58244E+03
    0.18676E+37    0.59631E+03
    0.18676E+37    0.60028E+03
    0.18676E+37    0.61020E+03
    0.18676E+37    0.61416E+03
    0.18676E+37    0.61615E+03
    0.19247E+37    0.61614E+03
    0.19247E+37    0.61217E+03
    0.19247E+37    0.62011E+03
    0.19247E+37    0.62804E+03
    0.19247E+37    0.62408E+03
    0.19817E+37    0.62605E+03
    0.19817E+37    0.63002E+03
    0.19247E+37    0.63003E+03
    0.19247E+37    0.63598E+03
    0.19247E+37    0.63995E+03
    0.19247E+37    0.64789E+03
    0.19247E+37    0.64590E+03
    0.19817E+37    0.64391E+03
    0.19817E+37    0.65185E+03
    0.19817E+37    0.64788E+03
    0.20389E+37    0.64985E+03
    0.20389E+37    0.65184E+03
    0.20389E+37    0.65382E+03
    0.20389E+37    0.65581E+03
    0.19247E+37    0.65582E+03
    0.19817E+37    0.66177E+03
    0.19817E+37    0.66772E+03
    0.19817E+37    0.67367E+03
    0.19817E+37    0.67566E+03
    0.19817E+37    0.67764E+03
    0.20389E+37    0.67961E+03
    0.26667E+37    0.42952E+03
    0.28382E+37    0.42949E+03
    0.28382E+37    0.43545E+03
    0.27239E+37    0.43546E+03
    0.27239E+37    0.43546E+03
    0.27239E+37    0.44142E+03
    0.27810E+37    0.44538E+03
    0.27810E+37    0.44736E+03
    0.27810E+37    0.44736E+03
    0.27810E+37    0.45133E+03
    0.27810E+37    0.45133E+03
    0.27810E+37    0.45530E+03
    0.27239E+37    0.45530E+03
    0.27239E+37    0.45530E+03
    0.27239E+37    0.46324E+03
    0.27810E+37    0.46522E+03
    0.28382E+37    0.46521E+03
    0.28382E+37    0.45926E+03
    0.28382E+37    0.45727E+03
    0.28382E+37    0.45529E+03
    0.28382E+37    0.45529E+03
    0.28382E+37    0.45330E+03
    0.28382E+37    0.45330E+03
    0.28382E+37    0.45132E+03
    0.28382E+37    0.45132E+03
    0.28382E+37    0.45132E+03
    0.28382E+37    0.44933E+03
    0.28382E+37    0.44933E+03
    0.28382E+37    0.44735E+03
    0.28382E+37    0.44338E+03
    0.28382E+37    0.44338E+03
    0.28382E+37    0.44338E+03
    0.28382E+37    0.44338E+03
    0.28382E+37    0.44338E+03
    0.28382E+37    0.43941E+03
    0.28382E+37    0.43941E+03
    0.28382E+37    0.43941E+03
    0.28382E+37    0.43941E+03
    0.28382E+37    0.43743E+03
    0.28382E+37    0.43545E+03
    0.28382E+37    0.43545E+03
    0.28382E+37    0.43545E+03
    0.28382E+37    0.43545E+03
    0.28382E+37    0.43148E+03
    0.30095E+37    0.46121E+03
    0.28382E+37    0.46719E+03
    0.29523E+37    0.47313E+03
    0.29523E+37    0.47511E+03
    0.29523E+37    0.47710E+03
    0.28952E+37    0.48107E+03
    0.27239E+37    0.48507E+03
    0.28382E+37    0.48306E+03
    0.28952E+37    0.48702E+03
    0.28952E+37    0.49099E+03
    0.28952E+37    0.49496E+03
    0.29523E+37    0.49495E+03
    0.30095E+37    0.49494E+03
    0.30664E+37    0.49295E+03
    0.30095E+37    0.49891E+03
    0.28382E+37    0.49894E+03
    0.27810E+37    0.49895E+03
    0.27810E+37    0.50291E+03
    0.28382E+37    0.50092E+03
    0.28382E+37    0.50687E+03
    0.28382E+37    0.51084E+03
    0.27239E+37    0.51483E+03
    0.27239E+37    0.51086E+03
    0.29523E+37    0.50884E+03
    0.29523E+37    0.51281E+03
    0.28952E+37    0.51282E+03
    0.28952E+37    0.51679E+03
    0.28382E+37    0.52275E+03
    0.29523E+37    0.52273E+03
    0.28952E+37    0.52671E+03
    0.29523E+37    0.52075E+03
    0.29523E+37    0.51876E+03
    0.30095E+37    0.51875E+03
    0.30095E+37    0.52074E+03
    0.30095E+37    0.52272E+03
    0.27810E+37    0.53664E+03
    0.27810E+37    0.54260E+03
    0.27810E+37    0.54061E+03
    0.28382E+37    0.54060E+03
    0.28382E+37    0.53664E+03
    0.27239E+37    0.54062E+03
    0.27239E+37    0.55054E+03
    0.27810E+37    0.55649E+03
    0.28382E+37    0.55251E+03
    0.30095E+37    0.55248E+03
    0.30664E+37    0.55843E+03
    0.30664E+37    0.56041E+03
    0.29523E+37    0.55844E+03
    0.29523E+37    0.55448E+03
    0.30664E+37    0.55446E+03
    0.29523E+37    0.55448E+03
    0.30095E+37    0.55447E+03
    0.30095E+37    0.55844E+03
    0.30095E+37    0.55645E+03
    0.30664E+37    0.56041E+03
    0.30095E+37    0.59812E+03
    0.30095E+37    0.60209E+03
    0.30664E+37    0.59811E+03
    0.30664E+37    0.59414E+03
    0.29523E+37    0.59416E+03
    0.29523E+37    0.59813E+03
    0.42083E+37    0.65746E+03
    0.42083E+37    0.66341E+03
    0.42083E+37    0.66143E+03
    0.42083E+37    0.66738E+03
    0.42083E+37    0.66738E+03
    0.42083E+37    0.66738E+03
    0.42083E+37    0.66143E+03
    0.42083E+37    0.66738E+03
    0.42083E+37    0.66540E+03
    0.42083E+37    0.66738E+03
    0.42083E+37    0.66936E+03
    0.42083E+37    0.67135E+03
    0.42083E+37    0.67135E+03
    0.42083E+37    0.67333E+03
    0.42083E+37    0.67333E+03
    0.42083E+37    0.67333E+03
    0.42083E+37    0.67730E+03
    0.42083E+37    0.67730E+03
    0.42083E+37    0.67730E+03
    0.42083E+37    0.67730E+03
    0.42083E+37    0.67929E+03
    0.42083E+37    0.67929E+03
    0.42083E+37    0.67929E+03
    0.42083E+37    0.68127E+03
    0.42083E+37    0.68127E+03
    0.42083E+37    0.68524E+03
    0.42652E+37    0.66142E+03
    0.42652E+37    0.66142E+03
    0.42652E+37    0.66142E+03
    0.42652E+37    0.66737E+03
    0.42652E+37    0.66539E+03
    0.42652E+37    0.66539E+03
    0.42652E+37    0.66539E+03
    0.42652E+37    0.67134E+03
    0.42652E+37    0.67134E+03
    0.42652E+37    0.67134E+03
    0.42652E+37    0.67531E+03
    0.42652E+37    0.67928E+03
    0.42652E+37    0.67928E+03
    0.42652E+37    0.67928E+03
    0.42652E+37    0.68126E+03
    0.42652E+37    0.68126E+03
    0.42652E+37    0.68523E+03
    0.42652E+37    0.68523E+03
    0.42652E+37    0.68523E+03
    0.42652E+37    0.68721E+03
    0.42652E+37    0.68721E+03
    0.42652E+37    0.68920E+03
    0.42652E+37    0.69118E+03
    0.42652E+37    0.69118E+03
    0.42652E+37    0.69515E+03
    0.42652E+37    0.69515E+03
    0.42652E+37    0.69515E+03
    0.42652E+37    0.69713E+03
    0.42652E+37    0.70110E+03
    0.43224E+37    0.69514E+03
    0.43224E+37    0.69514E+03
    0.43224E+37    0.69514E+03
    0.43224E+37    0.69514E+03
    0.43224E+37    0.69514E+03
    0.43224E+37    0.69316E+03
    0.43224E+37    0.69117E+03
    0.43224E+37    0.68720E+03
    0.43224E+37    0.68720E+03
    0.43224E+37    0.68720E+03
    0.43224E+37    0.68720E+03
    0.43224E+37    0.68720E+03
    0.43224E+37    0.68522E+03
    0.43224E+37    0.68324E+03
    0.43224E+37    0.68324E+03
    0.43224E+37    0.68125E+03
    0.43224E+37    0.68125E+03
    0.43224E+37    0.68125E+03
    0.43224E+37    0.68125E+03
    0.43224E+37    0.68125E+03
    0.43224E+37    0.67927E+03
    0.43224E+37    0.67927E+03
    0.43224E+37    0.67927E+03
    0.43224E+37    0.67728E+03
    0.43224E+37    0.67728E+03
    0.43224E+37    0.67530E+03
    0.43224E+37    0.67530E+03
    0.43224E+37    0.67530E+03
    0.43224E+37    0.67332E+03
    0.43224E+37    0.67332E+03
    0.43224E+37    0.67332E+03
    0.43224E+37    0.67332E+03
    0.43224E+37    0.67133E+03
    0.43224E+37    0.66935E+03
    0.43224E+37    0.66935E+03
    0.43224E+37    0.66736E+03
    0.43224E+37    0.66736E+03
    0.43224E+37    0.66736E+03
    0.43224E+37    0.66538E+03
    0.43224E+37    0.66538E+03
    0.43224E+37    0.66538E+03
    0.43224E+37    0.66538E+03
    0.43224E+37    0.66538E+03
    0.43224E+37    0.66340E+03
    0.43795E+37    0.68521E+03
    0.54071E+37    0.76244E+03
    0.54071E+37    0.76442E+03
    0.53499E+37    0.76641E+03
    0.54642E+37    0.77433E+03
    0.54642E+37    0.77433E+03
    0.54642E+37    0.77433E+03
    0.53499E+37    0.77237E+03
    0.55212E+37    0.77234E+03
    0.55783E+37    0.76638E+03
    0.55783E+37    0.76638E+03
    0.54642E+37    0.76838E+03
    0.55783E+37    0.76836E+03
    0.54642E+37    0.76441E+03
    0.54642E+37    0.77433E+03
    0.54642E+37    0.77433E+03
    0.54642E+37    0.77433E+03
    0.54642E+37    0.77433E+03
    0.54642E+37    0.77433E+03
    0.54642E+37    0.77830E+03
    0.54642E+37    0.78425E+03
    0.54642E+37    0.78425E+03
    0.54642E+37    0.78624E+03
    0.54642E+37    0.78624E+03
    0.54642E+37    0.78624E+03
    0.54642E+37    0.79219E+03
    0.54642E+37    0.79219E+03
    0.54642E+37    0.79219E+03
    0.54642E+37    0.79219E+03
    0.54642E+37    0.79417E+03
    0.54642E+37    0.79417E+03
    0.54642E+37    0.79814E+03
    0.54071E+37    0.79220E+03
    0.54071E+37    0.79220E+03
    0.54071E+37    0.79220E+03
    0.54071E+37    0.78625E+03
    0.54071E+37    0.78625E+03
    0.54071E+37    0.78426E+03
    0.54071E+37    0.78228E+03
    0.54071E+37    0.78228E+03
    0.54071E+37    0.78029E+03
    0.54071E+37    0.78029E+03
    0.54071E+37    0.77633E+03
    0.53499E+37    0.78030E+03
    0.53499E+37    0.77435E+03
    0.53499E+37    0.77435E+03
    0.53499E+37    0.76840E+03
    0.53499E+37    0.76840E+03
    0.53499E+37    0.77633E+03
    0.53499E+37    0.77435E+03
    0.55212E+37    0.76837E+03
    0.55212E+37    0.76837E+03
    0.55212E+37    0.76837E+03
    0.55212E+37    0.77432E+03
    0.55212E+37    0.77432E+03
    0.55212E+37    0.77631E+03
    0.55212E+37    0.78226E+03
    0.55212E+37    0.78226E+03
    0.55212E+37    0.78623E+03
    0.55212E+37    0.78623E+03
    0.55212E+37    0.79218E+03
    0.55212E+37    0.79218E+03
    0.55212E+37    0.79218E+03
    0.55212E+37    0.79218E+03
    0.55212E+37    0.79218E+03
    0.55212E+37    0.79417E+03
    0.55212E+37    0.79615E+03
    0.55212E+37    0.80012E+03
    0.56355E+37    0.79415E+03
    0.56355E+37    0.79415E+03
    0.56355E+37    0.79415E+03
    0.56355E+37    0.80010E+03
    0.56355E+37    0.80407E+03
    0.56355E+37    0.80407E+03
    0.56355E+37    0.80407E+03
    0.56355E+37    0.80407E+03
    0.56355E+37    0.80605E+03
    0.56355E+37    0.81201E+03
    0.56355E+37    0.81201E+03
    0.56355E+37    0.81201E+03
    0.56355E+37    0.81201E+03
    0.56355E+37    0.81597E+03
    0.56924E+37    0.81001E+03
    0.56924E+37    0.80803E+03
    0.56924E+37    0.80803E+03
    0.56924E+37    0.80604E+03
    0.56924E+37    0.80604E+03
    0.56924E+37    0.80604E+03
    0.56924E+37    0.80604E+03
    0.56924E+37    0.80604E+03
    0.56924E+37    0.80208E+03
    0.56924E+37    0.80208E+03
    0.56924E+37    0.80208E+03
    0.56924E+37    0.80208E+03
    0.56924E+37    0.79811E+03
    0.56924E+37    0.79811E+03
    0.56924E+37    0.79811E+03
    0.56924E+37    0.79612E+03
    0.55783E+37    0.76836E+03
    0.55783E+37    0.76836E+03
    0.55783E+37    0.76836E+03
    0.55783E+37    0.77035E+03
    0.55783E+37    0.77035E+03
    0.55783E+37    0.77630E+03
    0.55783E+37    0.77828E+03
    0.55783E+37    0.77828E+03
    0.55783E+37    0.77828E+03
    0.55783E+37    0.77828E+03
    0.55783E+37    0.78027E+03
    0.62062E+37    0.69684E+03
    0.62062E+37    0.70081E+03
    0.62062E+37    0.70676E+03
    0.62062E+37    0.71073E+03
    0.62062E+37    0.71073E+03
    0.62062E+37    0.71271E+03
    0.62062E+37    0.71271E+03
    0.62062E+37    0.71668E+03
    0.62062E+37    0.71866E+03
    0.62062E+37    0.71866E+03
    0.62062E+37    0.72065E+03
    0.62062E+37    0.72065E+03
    0.62062E+37    0.72660E+03
    0.62062E+37    0.73057E+03
    0.62062E+37    0.73057E+03
    0.62062E+37    0.73255E+03
    0.62062E+37    0.73255E+03
    0.62062E+37    0.73454E+03
    0.62062E+37    0.73454E+03
    0.62062E+37    0.73454E+03
    0.62062E+37    0.73652E+03
    0.62062E+37    0.73652E+03
    0.62062E+37    0.73652E+03
    0.61493E+37    0.74447E+03
    0.61493E+37    0.74050E+03
    0.61493E+37    0.73851E+03
    0.61493E+37    0.73851E+03
    0.61493E+37    0.73653E+03
    0.61493E+37    0.73653E+03
    0.61493E+37    0.73455E+03
    0.61493E+37    0.73256E+03
    0.61493E+37    0.73256E+03
    0.61493E+37    0.73256E+03
    0.61493E+37    0.73256E+03
    0.61493E+37    0.73058E+03
    0.61493E+37    0.72066E+03
    0.61493E+37    0.71471E+03
    0.61493E+37    0.71272E+03
    0.61493E+37    0.71272E+03
    0.61493E+37    0.71074E+03
    0.61493E+37    0.71074E+03
    0.61493E+37    0.71074E+03
    0.61493E+37    0.70875E+03
    0.61493E+37    0.70875E+03
    0.61493E+37    0.70677E+03
    0.61493E+37    0.70677E+03
    0.61493E+37    0.70677E+03
    0.61493E+37    0.70280E+03
    0.61493E+37    0.70280E+03
    0.61493E+37    0.70280E+03
    0.61493E+37    0.70280E+03
    0.61493E+37    0.70280E+03
    0.61493E+37    0.70082E+03
    0.61493E+37    0.69883E+03
    0.62634E+37    0.70080E+03
    0.62634E+37    0.70675E+03
    0.62634E+37    0.70675E+03
    0.62634E+37    0.71072E+03
    0.62634E+37    0.71072E+03
    0.62634E+37    0.71866E+03
    0.62634E+37    0.72461E+03
    0.62634E+37    0.72461E+03
    0.62634E+37    0.73056E+03
    0.62634E+37    0.73056E+03
    0.62634E+37    0.73453E+03
    0.62634E+37    0.73453E+03
    0.62634E+37    0.74048E+03
    0.62634E+37    0.74247E+03
    0.62634E+37    0.74247E+03
    0.62634E+37    0.72659E+03
    0.62634E+37    0.72262E+03
    0.62634E+37    0.72262E+03
    0.62634E+37    0.71866E+03
    0.62634E+37    0.71866E+03
    0.62634E+37    0.71667E+03
    0.62634E+37    0.71469E+03
    0.62634E+37    0.71469E+03
    0.62634E+37    0.71270E+03
    0.62634E+37    0.71270E+03
    0.62634E+37    0.71072E+03
    0.63205E+37    0.70873E+03
    0.63205E+37    0.70873E+03
    0.63205E+37    0.70873E+03
    0.63205E+37    0.70873E+03
    0.63205E+37    0.70873E+03
    0.63205E+37    0.70873E+03
    0.63205E+37    0.71269E+03
    0.63205E+37    0.71269E+03
    0.63205E+37    0.71269E+03
    0.63205E+37    0.71269E+03
    0.63205E+37    0.71468E+03
    0.63205E+37    0.71666E+03
    0.63205E+37    0.71666E+03
    0.63205E+37    0.71865E+03
    0.63205E+37    0.71865E+03
    0.63205E+37    0.71865E+03
    0.63205E+37    0.72658E+03
    0.63205E+37    0.72460E+03
    0.63205E+37    0.72460E+03
    0.63205E+37    0.72460E+03
    0.63205E+37    0.72262E+03
    0.63205E+37    0.72262E+03
    0.63205E+37    0.72262E+03
    0.63205E+37    0.72658E+03
    0.63205E+37    0.72658E+03
    0.63205E+37    0.72658E+03
    0.63205E+37    0.72658E+03
    0.63205E+37    0.73055E+03
    0.63205E+37    0.73055E+03
    0.63205E+37    0.73055E+03
    0.63205E+37    0.73254E+03
    0.63205E+37    0.73254E+03
    0.63205E+37    0.73452E+03
    0.63205E+37    0.73452E+03
    0.63205E+37    0.73452E+03
    0.63205E+37    0.73452E+03
    0.63205E+37    0.73452E+03
    0.63205E+37    0.73849E+03
    0.63205E+37    0.73849E+03
    0.63205E+37    0.73849E+03
    0.63205E+37    0.73849E+03
    0.63205E+37    0.73849E+03
    0.63205E+37    0.74643E+03
    0.63205E+37    0.74643E+03
    0.63205E+37    0.74643E+03
    0.63775E+37    0.74245E+03
    0.63775E+37    0.74046E+03
    0.63775E+37    0.74046E+03
    0.63775E+37    0.73848E+03
    0.63775E+37    0.73848E+03
    0.63775E+37    0.73848E+03
    0.63775E+37    0.73650E+03
    0.63775E+37    0.73650E+03
    0.63775E+37    0.73451E+03
    0.63775E+37    0.73451E+03
    0.63775E+37    0.73451E+03
    0.63775E+37    0.73253E+03
    0.63775E+37    0.73253E+03
    0.63775E+37    0.73253E+03
    0.63775E+37    0.73253E+03
    0.63775E+37    0.73054E+03
    0.63775E+37    0.73054E+03
    0.63775E+37    0.73054E+03
    0.63775E+37    0.72856E+03
    0.63775E+37    0.72856E+03
    0.63775E+37    0.72658E+03
    0.63775E+37    0.72658E+03
    0.63775E+37    0.72658E+03
    0.63775E+37    0.72459E+03
    0.63775E+37    0.72459E+03
    0.63775E+37    0.72459E+03
    0.63775E+37    0.72261E+03
    0.63775E+37    0.72261E+03
    0.63775E+37    0.72261E+03
    0.63775E+37    0.72261E+03
    0.63775E+37    0.71665E+03
    0.63775E+37    0.71665E+03
    0.63775E+37    0.71665E+03
    0.63775E+37    0.71665E+03
    0.63775E+37    0.71665E+03
    0.63775E+37    0.71665E+03
    0.63775E+37    0.71269E+03
    0.64346E+37    0.71863E+03
    0.64346E+37    0.71863E+03
    0.64346E+37    0.71863E+03
    0.64346E+37    0.71863E+03
    0.64346E+37    0.71863E+03
    0.64346E+37    0.72260E+03
    0.64346E+37    0.72260E+03
    0.64346E+37    0.72260E+03
    0.64346E+37    0.72657E+03
    0.64346E+37    0.72657E+03
    0.64346E+37    0.73053E+03
    0.64346E+37    0.73053E+03
    0.64346E+37    0.73053E+03
    0.64346E+37    0.73053E+03
    0.64346E+37    0.73053E+03
    0.64346E+37    0.73252E+03
    0.64346E+37    0.73450E+03
    0.64346E+37    0.73450E+03
    0.64346E+37    0.73649E+03
    0.64346E+37    0.73649E+03
    0.64346E+37    0.73649E+03
    0.64346E+37    0.73649E+03
    0.64346E+37    0.73649E+03
    0.64346E+37    0.74046E+03
    0.64346E+37    0.74046E+03
    0.64346E+37    0.74046E+03
    0.64346E+37    0.74046E+03
    0.64346E+37    0.74046E+03
    0.64346E+37    0.74244E+03
    0.64346E+37    0.74244E+03
    0.64346E+37    0.74244E+03
    0.64346E+37    0.74442E+03
    0.64346E+37    0.74442E+03
    0.64346E+37    0.74839E+03
    0.64346E+37    0.74839E+03
    0.64346E+37    0.74839E+03
    0.64346E+37    0.74839E+03
    0.64346E+37    0.74839E+03
    0.64346E+37    0.75038E+03
    0.64346E+37    0.75038E+03
    0.64346E+37    0.75038E+03
    0.64346E+37    0.75038E+03
    0.64346E+37    0.75038E+03
    0.64346E+37    0.75434E+03
    0.64918E+37    0.75434E+03
    0.64918E+37    0.75037E+03
    0.64918E+37    0.75037E+03
    0.64918E+37    0.75037E+03
    0.64918E+37    0.75037E+03
    0.64918E+37    0.74640E+03
    0.64918E+37    0.74640E+03
    0.64918E+37    0.74640E+03
    0.64918E+37    0.74640E+03
    0.64918E+37    0.74640E+03
    0.64918E+37    0.74243E+03
    0.64918E+37    0.74243E+03
    0.64918E+37    0.74243E+03
    0.64918E+37    0.74243E+03
    0.64918E+37    0.74243E+03
    0.64918E+37    0.74045E+03
    0.64918E+37    0.74045E+03
    0.64918E+37    0.74045E+03
    0.64918E+37    0.73648E+03
    0.64918E+37    0.73648E+03
    0.64918E+37    0.73648E+03
    0.64918E+37    0.73449E+03
    0.64918E+37    0.73449E+03
    0.64918E+37    0.73251E+03
    0.64918E+37    0.73251E+03
    0.64918E+37    0.73251E+03
    0.64918E+37    0.73251E+03
    0.64918E+37    0.73251E+03
    0.64918E+37    0.73053E+03
    0.64918E+37    0.73053E+03
    0.64918E+37    0.73053E+03
    0.64918E+37    0.72854E+03
    0.64918E+37    0.72854E+03
    0.64918E+37    0.72656E+03
    0.64918E+37    0.72656E+03
    0.64918E+37    0.72656E+03
    0.64918E+37    0.72656E+03
    0.64918E+37    0.72656E+03
    0.64918E+37    0.72457E+03
    0.65489E+37    0.73250E+03
    0.65489E+37    0.73250E+03
    0.65489E+37    0.73250E+03
    0.65489E+37    0.73647E+03
    0.65489E+37    0.73647E+03
    0.65489E+37    0.73845E+03
    0.65489E+37    0.74044E+03
    0.65489E+37    0.74044E+03
    0.65489E+37    0.74441E+03
    0.65489E+37    0.74441E+03
    0.65489E+37    0.74639E+03
    0.65489E+37    0.74837E+03
    0.65489E+37    0.74837E+03
    0.65489E+37    0.74837E+03
    0.65489E+37    0.74837E+03
    0.65489E+37    0.75234E+03
    0.65489E+37    0.75631E+03
    0.65489E+37    0.75631E+03
    0.66059E+37    0.75432E+03
    0.66059E+37    0.75432E+03
    0.66059E+37    0.75432E+03
    0.66059E+37    0.75432E+03
    0.66059E+37    0.75432E+03
    0.66059E+37    0.74837E+03
    0.66059E+37    0.74837E+03
    0.66059E+37    0.74837E+03
    0.66059E+37    0.74241E+03
    0.66059E+37    0.74241E+03
    0.66059E+37    0.74241E+03
    0.66059E+37    0.74043E+03
    0.66059E+37    0.74043E+03
    0.66059E+37    0.73845E+03
    0.66059E+37    0.73845E+03
    0.66059E+37    0.73646E+03
    0.66059E+37    0.73448E+03
    0.66059E+37    0.73448E+03
    0.66059E+37    0.73448E+03
    0.66059E+37    0.73448E+03
    0.66059E+37    0.73249E+03
    0.67771E+37    0.73842E+03
    0.66630E+37    0.73844E+03
    0.66059E+37    0.74043E+03
    0.66059E+37    0.74043E+03
    0.66630E+37    0.74042E+03
    0.66630E+37    0.74240E+03
    0.66630E+37    0.74240E+03
    0.66630E+37    0.74637E+03
    0.66630E+37    0.74637E+03
    0.66630E+37    0.75034E+03
    0.66630E+37    0.75034E+03
    0.66630E+37    0.75034E+03
    0.66630E+37    0.75233E+03
    0.66630E+37    0.75233E+03
    0.66630E+37    0.75431E+03
    0.66630E+37    0.75431E+03
    0.66630E+37    0.75431E+03
    0.66630E+37    0.75629E+03
    0.67202E+37    0.75430E+03
    0.67202E+37    0.75232E+03
    0.67202E+37    0.75827E+03
    0.67771E+37    0.75628E+03
    0.64346E+37    0.76030E+03
    0.64346E+37    0.76823E+03
    0.64346E+37    0.76228E+03
    0.64346E+37    0.76228E+03
    0.64346E+37    0.76426E+03
    0.63205E+37    0.76230E+03
    0.64918E+37    0.76029E+03
    0.64918E+37    0.76029E+03
    0.64918E+37    0.76029E+03
    0.64918E+37    0.76029E+03
    0.64918E+37    0.76029E+03
    0.64918E+37    0.76822E+03
    0.64918E+37    0.76822E+03
    0.64918E+37    0.76822E+03
    0.64918E+37    0.77021E+03
    0.64918E+37    0.76624E+03
    0.64918E+37    0.76426E+03
    0.64918E+37    0.76426E+03
    0.64918E+37    0.76227E+03
    0.64918E+37    0.76029E+03
    0.65489E+37    0.76028E+03
    0.65489E+37    0.76623E+03
    0.65489E+37    0.76623E+03
    0.65489E+37    0.76623E+03
    0.65489E+37    0.76623E+03
    0.64918E+37    0.77418E+03
    0.64918E+37    0.77418E+03
    0.64918E+37    0.77418E+03
    0.66059E+37    0.76622E+03
    0.65489E+37    0.77417E+03
    0.65489E+37    0.77417E+03
    0.65489E+37    0.77417E+03
    0.65489E+37    0.77417E+03
    0.65489E+37    0.78210E+03
    0.66059E+37    0.76027E+03
    0.66059E+37    0.76622E+03
    0.66059E+37    0.76622E+03
    0.66059E+37    0.76821E+03
    0.66059E+37    0.76821E+03
    0.66059E+37    0.77614E+03
    0.66059E+37    0.77813E+03
    0.66059E+37    0.77813E+03
    0.66059E+37    0.78210E+03
    0.66059E+37    0.78210E+03
    0.66059E+37    0.78606E+03
    0.66059E+37    0.77019E+03
    0.66059E+37    0.76622E+03
    0.66059E+37    0.76622E+03
    0.66059E+37    0.76622E+03
    0.66059E+37    0.76622E+03
    0.66059E+37    0.76225E+03
    0.66059E+37    0.76225E+03
    0.66059E+37    0.76225E+03
    0.66630E+37    0.76026E+03
    0.66630E+37    0.76621E+03
    0.66630E+37    0.76621E+03
    0.66630E+37    0.76820E+03
    0.66630E+37    0.76820E+03
    0.66630E+37    0.77018E+03
    0.66630E+37    0.77415E+03
    0.66630E+37    0.77415E+03
    0.66630E+37    0.77614E+03
    0.66630E+37    0.77614E+03
    0.66630E+37    0.77812E+03
    0.66630E+37    0.77812E+03
    0.66630E+37    0.77812E+03
    0.66630E+37    0.76621E+03
    0.67202E+37    0.76025E+03
    0.67202E+37    0.76422E+03
    0.67202E+37    0.76422E+03
    0.67202E+37    0.76621E+03
    0.67202E+37    0.76621E+03
    0.67202E+37    0.76819E+03
    0.67202E+37    0.77017E+03
    0.67202E+37    0.77017E+03
    0.67202E+37    0.77216E+03
    0.67202E+37    0.77216E+03
    0.67202E+37    0.77613E+03
    0.67202E+37    0.78009E+03
    0.67202E+37    0.78009E+03
    0.67771E+37    0.78207E+03
    0.67771E+37    0.78207E+03
    0.67202E+37    0.78406E+03
    0.67202E+37    0.78406E+03
    0.67202E+37    0.78406E+03
    0.68343E+37    0.78603E+03
    0.68343E+37    0.79198E+03
    0.68343E+37    0.79198E+03
    0.68343E+37    0.79198E+03
    0.68343E+37    0.79198E+03
    0.68343E+37    0.79397E+03
    0.69484E+37    0.79395E+03
    0.70056E+37    0.79394E+03
    0.70056E+37    0.79394E+03
    0.70056E+37    0.79394E+03
    0.70056E+37    0.79394E+03
    0.70627E+37    0.79393E+03
    0.70627E+37    0.79393E+03
    0.70627E+37    0.79393E+03
    0.70627E+37    0.79195E+03
    0.68914E+37    0.79197E+03
    0.68914E+37    0.79197E+03
    0.68914E+37    0.79197E+03
    0.68914E+37    0.79197E+03
    0.68914E+37    0.78602E+03
    0.68914E+37    0.78404E+03
    0.68914E+37    0.78404E+03
    0.68914E+37    0.77808E+03
    0.68914E+37    0.77808E+03
    0.68914E+37    0.77213E+03
    0.68914E+37    0.77015E+03
    0.68914E+37    0.77015E+03
    0.68914E+37    0.77015E+03
    0.68914E+37    0.77015E+03
    0.68914E+37    0.76816E+03
    0.68914E+37    0.76420E+03
    0.68914E+37    0.76420E+03
    0.67202E+37    0.76422E+03
    0.67202E+37    0.76422E+03
    0.68914E+37    0.76618E+03
    0.68914E+37    0.77610E+03
    0.68914E+37    0.77610E+03
    0.68914E+37    0.77412E+03
    0.68914E+37    0.76816E+03
    0.68914E+37    0.76816E+03
    0.68914E+37    0.76221E+03
    0.68914E+37    0.76221E+03
    0.68914E+37    0.78801E+03
    0.68914E+37    0.78007E+03
    0.68914E+37    0.78007E+03
    0.68914E+37    0.78007E+03
    0.68914E+37    0.78007E+03
    0.68914E+37    0.79793E+03
    0.70627E+37    0.79592E+03
    0.70627E+37    0.79790E+03
    0.69484E+37    0.78006E+03
    0.70056E+37    0.78005E+03
    0.70056E+37    0.78204E+03
    0.71768E+37    0.78399E+03
    0.71197E+37    0.78400E+03
    0.71197E+37    0.78995E+03
    0.71197E+37    0.78599E+03
    0.69484E+37    0.76419E+03
    0.69484E+37    0.77212E+03
    0.69484E+37    0.76816E+03
    0.70056E+37    0.77013E+03
    0.70627E+37    0.77211E+03
    0.70627E+37    0.77607E+03
    0.71768E+37    0.77010E+03
    0.70627E+37    0.76814E+03
    0.73242E+37    0.70754E+03
    0.73242E+37    0.71151E+03
    0.73242E+37    0.71548E+03
    0.72674E+37    0.71746E+03
    0.73242E+37    0.72143E+03
    0.72674E+37    0.71746E+03
    0.72674E+37    0.71548E+03
    0.72674E+37    0.70754E+03
    0.73811E+37    0.70754E+03
    0.73811E+37    0.70952E+03
    0.73811E+37    0.71349E+03
    0.73811E+37    0.71746E+03
    0.73811E+37    0.71548E+03
    0.73811E+37    0.71151E+03
    0.72106E+37    0.72341E+03
    0.74947E+37    0.71944E+03
    0.74947E+37    0.71349E+03
    0.74379E+37    0.71746E+03
    0.74379E+37    0.71151E+03
    0.74379E+37    0.71349E+03
    0.74379E+37    0.71746E+03
    0.74379E+37    0.70952E+03
    0.74947E+37    0.71944E+03
    0.74947E+37    0.71944E+03
    0.74947E+37    0.71746E+03
    0.74947E+37    0.71349E+03
    0.74947E+37    0.70952E+03
    0.75516E+37    0.70952E+03
    0.75516E+37    0.71349E+03
    0.75516E+37    0.71746E+03
    0.75516E+37    0.71944E+03
    0.75516E+37    0.72341E+03
    0.76652E+37    0.71746E+03
    0.72674E+37    0.72738E+03
    0.72674E+37    0.72937E+03
    0.72674E+37    0.73333E+03
    0.73242E+37    0.72937E+03
    0.73242E+37    0.73135E+03
    0.73242E+37    0.73333E+03
    0.73242E+37    0.73730E+03
    0.73811E+37    0.72937E+03
    0.74947E+37    0.72937E+03
    0.74947E+37    0.73135E+03
    0.74379E+37    0.73135E+03
    0.74379E+37    0.72937E+03
    0.74379E+37    0.73333E+03
    0.74379E+37    0.73730E+03
    0.74379E+37    0.73929E+03
    0.73811E+37    0.74325E+03
    0.74379E+37    0.74127E+03
    0.74379E+37    0.74325E+03
    0.74379E+37    0.74921E+03
    0.74379E+37    0.74524E+03
    0.74947E+37    0.74325E+03
    0.74947E+37    0.75317E+03
    0.74947E+37    0.75119E+03
    0.74947E+37    0.74325E+03
    0.74947E+37    0.74722E+03
    0.76084E+37    0.74325E+03
    0.76084E+37    0.74722E+03
    0.76084E+37    0.75516E+03
    0.76084E+37    0.74921E+03
    0.76084E+37    0.75119E+03
    0.76084E+37    0.75714E+03
    0.76084E+37    0.76111E+03
    0.76652E+37    0.75714E+03
    0.76652E+37    0.75913E+03
    0.76652E+37    0.76111E+03
    0.76652E+37    0.76310E+03
    0.76652E+37    0.76706E+03
    0.77789E+37    0.75913E+03
    0.77789E+37    0.76111E+03
    0.77789E+37    0.76508E+03
    0.77789E+37    0.76905E+03
    0.77789E+37    0.77302E+03
    0.77789E+37    0.77500E+03
    0.77789E+37    0.78294E+03
    0.77789E+37    0.79286E+03
    0.77789E+37    0.78690E+03
    0.77789E+37    0.78690E+03
    0.77789E+37    0.79286E+03
    0.78359E+37    0.76905E+03
    0.78359E+37    0.77103E+03
    0.78359E+37    0.77897E+03
    0.78359E+37    0.77698E+03
    0.78359E+37    0.78095E+03
    0.78359E+37    0.78492E+03
    0.78359E+37    0.78492E+03
    0.78359E+37    0.78889E+03
    0.78359E+37    0.79286E+03
    0.78359E+37    0.79881E+03
    0.78927E+37    0.80278E+03
    0.78927E+37    0.79683E+03
    0.78927E+37    0.79881E+03
    0.78927E+37    0.79286E+03
    0.78927E+37    0.79087E+03
    0.78927E+37    0.78889E+03
    0.78927E+37    0.78889E+03
    0.78927E+37    0.78690E+03
    0.78927E+37    0.78690E+03
    0.78927E+37    0.78690E+03
    0.78927E+37    0.78492E+03
    0.78927E+37    0.78095E+03
    0.78927E+37    0.77897E+03
    0.78927E+37    0.77698E+03
    0.79494E+37    0.77698E+03
    0.79494E+37    0.78492E+03
    0.79494E+37    0.78095E+03
    0.79494E+37    0.77897E+03
    0.79494E+37    0.78690E+03
    0.79494E+37    0.79087E+03
    0.79494E+37    0.79484E+03
    0.79494E+37    0.79881E+03
    0.79494E+37    0.80079E+03
    0.80064E+37    0.80278E+03
    0.80064E+37    0.79881E+03
    0.80064E+37    0.79683E+03
    0.80064E+37    0.79683E+03
    0.80064E+37    0.79286E+03
    0.80064E+37    0.79286E+03
    0.80064E+37    0.79087E+03
    0.80064E+37    0.78690E+03
    0.80064E+37    0.78294E+03
    0.80064E+37    0.77897E+03
    0.80064E+37    0.77698E+03
    0.80064E+37    0.77698E+03
    0.80632E+37    0.79881E+03
    0.80632E+37    0.79484E+03
    0.80632E+37    0.78889E+03
    0.80632E+37    0.78690E+03
    0.80632E+37    0.78690E+03
    0.80632E+37    0.78294E+03
    0.80632E+37    0.78294E+03
    0.80632E+37    0.78095E+03
    0.80632E+37    0.77500E+03
    0.80632E+37    0.77500E+03
    0.80632E+37    0.77500E+03
    0.80632E+37    0.76508E+03
    0.80632E+37    0.75714E+03
    0.81200E+37    0.79484E+03
    0.81200E+37    0.78492E+03
    0.81200E+37    0.78095E+03
    0.81200E+37    0.77698E+03
    0.81200E+37    0.77698E+03
    0.81200E+37    0.77103E+03
    0.81200E+37    0.77103E+03
    0.81200E+37    0.76706E+03
    0.81200E+37    0.76310E+03
    0.81200E+37    0.76310E+03
    0.81200E+37    0.75913E+03
    0.81200E+37    0.75913E+03
    0.81200E+37    0.75714E+03
    0.81200E+37    0.75317E+03
    0.82337E+37    0.75317E+03
    0.82337E+37    0.75714E+03
    0.82337E+37    0.76310E+03
    0.82337E+37    0.76706E+03
    0.82337E+37    0.76706E+03
    0.82337E+37    0.77103E+03
    0.82337E+37    0.77103E+03
    0.82337E+37    0.77897E+03
    0.82337E+37    0.77897E+03
    0.82337E+37    0.77897E+03
    0.82337E+37    0.78492E+03
    0.82337E+37    0.78690E+03
    0.82905E+37    0.79087E+03
    0.82905E+37    0.78690E+03
    0.82905E+37    0.78095E+03
    0.82905E+37    0.78095E+03
    0.82905E+37    0.77698E+03
    0.82905E+37    0.77302E+03
    0.82905E+37    0.77302E+03
    0.82905E+37    0.76905E+03
    0.82905E+37    0.76905E+03
    0.82905E+37    0.76310E+03
    0.82905E+37    0.75516E+03
    0.82905E+37    0.75317E+03
    0.83474E+37    0.75317E+03
    0.83474E+37    0.75516E+03
    0.83474E+37    0.77302E+03
    0.83474E+37    0.78095E+03
    0.83474E+37    0.78492E+03
    0.83474E+37    0.78492E+03
    0.83474E+37    0.78690E+03
    0.83474E+37    0.78690E+03
    0.84042E+37    0.77698E+03
    0.84042E+37    0.78294E+03
    0.84042E+37    0.78294E+03
    0.84042E+37    0.78294E+03
    0.84042E+37    0.78294E+03
    0.84042E+37    0.77897E+03
    0.84042E+37    0.78294E+03
    0.84610E+37    0.78889E+03
    0.84610E+37    0.78492E+03
    0.84610E+37    0.78095E+03
    0.84610E+37    0.78095E+03
    0.84610E+37    0.77897E+03
    0.84610E+37    0.77897E+03
    0.84610E+37    0.77698E+03
    0.85179E+37    0.78095E+03
    0.85747E+37    0.78095E+03
    0.85747E+37    0.78492E+03
    0.85747E+37    0.77897E+03
    0.86884E+37    0.78095E+03
    0.73242E+37    0.63413E+03
    0.73811E+37    0.63016E+03
    0.73811E+37    0.63016E+03
    0.73242E+37    0.62817E+03
    0.73242E+37    0.63016E+03
    0.73242E+37    0.62421E+03
    0.72674E+37    0.62421E+03
    0.71537E+37    0.62421E+03
    0.72106E+37    0.62024E+03
    0.70969E+37    0.62024E+03
    0.70969E+37    0.61627E+03
    0.69831E+37    0.61230E+03
    0.70401E+37    0.61230E+03
    0.70969E+37    0.61230E+03
    0.72674E+37    0.61230E+03
    0.73242E+37    0.61230E+03
    0.74379E+37    0.61230E+03
    0.74379E+37    0.61627E+03
    0.73242E+37    0.61627E+03
    0.73811E+37    0.61627E+03
    0.72106E+37    0.61032E+03
    0.72106E+37    0.60437E+03
    0.72106E+37    0.60238E+03
    0.72106E+37    0.59643E+03
    0.72106E+37    0.59643E+03
    0.72106E+37    0.59444E+03
    0.72106E+37    0.59444E+03
    0.72106E+37    0.59048E+03
    0.72106E+37    0.58849E+03
    0.72106E+37    0.58849E+03
    0.72106E+37    0.58651E+03
    0.72106E+37    0.58651E+03
    0.73242E+37    0.58651E+03
    0.73242E+37    0.59444E+03
    0.73242E+37    0.59444E+03
    0.73242E+37    0.59643E+03
    0.73242E+37    0.59643E+03
    0.73242E+37    0.59246E+03
    0.73242E+37    0.59841E+03
    0.73242E+37    0.60040E+03
    0.73242E+37    0.60040E+03
    0.73242E+37    0.60040E+03
    0.73242E+37    0.60040E+03
    0.73242E+37    0.60635E+03
    0.73242E+37    0.60833E+03
    0.73242E+37    0.60833E+03
    0.73242E+37    0.61032E+03
    0.73242E+37    0.61032E+03
    0.73242E+37    0.61627E+03
    0.74379E+37    0.60635E+03
    0.74379E+37    0.61230E+03
    0.74379E+37    0.61032E+03
    0.74379E+37    0.61032E+03
    0.74379E+37    0.60437E+03
    0.74379E+37    0.60437E+03
    0.74379E+37    0.59841E+03
    0.74379E+37    0.59841E+03
    0.74379E+37    0.59841E+03
    0.74379E+37    0.59643E+03
    0.74379E+37    0.58849E+03
    0.74379E+37    0.58849E+03
    0.75516E+37    0.59841E+03
    0.75516E+37    0.60238E+03
    0.75516E+37    0.60238E+03
    0.75516E+37    0.60238E+03
    0.75516E+37    0.60238E+03
    0.74947E+37    0.60635E+03
    0.74947E+37    0.61032E+03
    0.74947E+37    0.61032E+03
    0.74947E+37    0.61230E+03
    0.74947E+37    0.61230E+03
    0.70969E+37    0.58849E+03
    0.69831E+37    0.58651E+03
    0.69831E+37    0.57460E+03
    0.69831E+37    0.57262E+03
    0.69831E+37    0.57262E+03
    0.69831E+37    0.56865E+03
    0.69831E+37    0.56865E+03
    0.69831E+37    0.56468E+03
    0.69831E+37    0.56270E+03
    0.69831E+37    0.56270E+03
    0.69831E+37    0.55873E+03
    0.69831E+37    0.55873E+03
    0.69831E+37    0.55476E+03
    0.69831E+37    0.55079E+03
    0.69831E+37    0.55079E+03
    0.69831E+37    0.54683E+03
    0.69831E+37    0.54683E+03
    0.68696E+37    0.55079E+03
    0.68696E+37    0.55476E+03
    0.68696E+37    0.55476E+03
    0.68696E+37    0.55675E+03
    0.68696E+37    0.55675E+03
    0.68696E+37    0.56270E+03
    0.68696E+37    0.56865E+03
    0.68696E+37    0.56865E+03
    0.68696E+37    0.56865E+03
    0.68696E+37    0.56865E+03
    0.68696E+37    0.57460E+03
    0.68696E+37    0.56865E+03
    0.68696E+37    0.56667E+03
    0.68696E+37    0.56667E+03
    0.68696E+37    0.56071E+03
    0.68696E+37    0.56071E+03
    0.68696E+37    0.56071E+03
    0.70401E+37    0.57460E+03
    0.70401E+37    0.57262E+03
    0.70401E+37    0.57262E+03
    0.70401E+37    0.57063E+03
    0.70401E+37    0.57063E+03
    0.70401E+37    0.56865E+03
    0.70401E+37    0.56865E+03
    0.70401E+37    0.56865E+03
    0.70401E+37    0.56468E+03
    0.70401E+37    0.56468E+03
    0.70401E+37    0.56468E+03
    0.70401E+37    0.56270E+03
    0.70401E+37    0.56270E+03
    0.70401E+37    0.56071E+03
    0.70401E+37    0.56071E+03
    0.70401E+37    0.56071E+03
    0.70401E+37    0.55873E+03
    0.70401E+37    0.55873E+03
    0.70969E+37    0.56270E+03
    0.70969E+37    0.56270E+03
    0.70969E+37    0.56270E+03
    0.70969E+37    0.56667E+03
    0.70969E+37    0.56667E+03
    0.70969E+37    0.56865E+03
    0.70969E+37    0.57460E+03
    0.70969E+37    0.57460E+03
    0.70969E+37    0.57460E+03
    0.70969E+37    0.57460E+03
    0.72106E+37    0.57857E+03
    0.72106E+37    0.57262E+03
    0.72106E+37    0.57262E+03
    0.72106E+37    0.56865E+03
    0.72106E+37    0.56865E+03
    0.72106E+37    0.56270E+03
    0.72106E+37    0.56071E+03
    0.72106E+37    0.56071E+03
    0.72674E+37    0.58056E+03
    0.72674E+37    0.57063E+03
    0.72674E+37    0.57063E+03
    0.72674E+37    0.57063E+03
    0.72674E+37    0.57063E+03
    0.72674E+37    0.58056E+03
    0.72674E+37    0.57063E+03
    0.72674E+37    0.57063E+03
    0.72674E+37    0.57460E+03
    0.72674E+37    0.56865E+03
    0.72674E+37    0.56468E+03
    0.72674E+37    0.56468E+03
    0.72674E+37    0.56270E+03
    0.72674E+37    0.56270E+03
    0.72674E+37    0.56071E+03
    0.72674E+37    0.56071E+03
    0.72674E+37    0.56071E+03
    0.72674E+37    0.55675E+03
    0.72674E+37    0.55675E+03
    0.72674E+37    0.55476E+03
    0.72674E+37    0.55476E+03
    0.72674E+37    0.55476E+03
    0.72674E+37    0.55079E+03
    0.72674E+37    0.54683E+03
    0.72674E+37    0.54683E+03
    0.72674E+37    0.54683E+03
    0.73811E+37    0.54286E+03
    0.73242E+37    0.54286E+03
    0.73242E+37    0.54683E+03
    0.73242E+37    0.55079E+03
    0.73242E+37    0.56270E+03
    0.73242E+37    0.56468E+03
    0.73242E+37    0.56468E+03
    0.73242E+37    0.56865E+03
    0.73242E+37    0.56865E+03
    0.73242E+37    0.57460E+03
    0.73242E+37    0.57460E+03
    0.73242E+37    0.57460E+03
    0.73242E+37    0.58254E+03
    0.73242E+37    0.58254E+03
    0.73811E+37    0.58056E+03
    0.73811E+37    0.57857E+03
    0.73811E+37    0.57857E+03
    0.73811E+37    0.57262E+03
    0.73811E+37    0.57262E+03
    0.73811E+37    0.56865E+03
    0.73811E+37    0.56667E+03
    0.73811E+37    0.56667E+03
    0.73811E+37    0.56468E+03
    0.73811E+37    0.56468E+03
    0.73811E+37    0.56071E+03
    0.74379E+37    0.57063E+03
    0.74379E+37    0.57262E+03
    0.74379E+37    0.57262E+03
    0.74379E+37    0.57659E+03
    0.74379E+37    0.57659E+03
    0.74379E+37    0.57857E+03
    0.74379E+37    0.58056E+03
    0.74379E+37    0.57460E+03
    0.74947E+37    0.57262E+03
    0.74947E+37    0.57262E+03
    0.74947E+37    0.57262E+03
    0.75516E+37    0.57460E+03
    0.75516E+37    0.57460E+03
    0.75516E+37    0.57857E+03
    0.75516E+37    0.58056E+03
    0.75516E+37    0.58056E+03
    0.75516E+37    0.58254E+03
    0.75516E+37    0.58254E+03
    0.75516E+37    0.58254E+03
    0.74947E+37    0.58452E+03
    0.74947E+37    0.57857E+03
    0.74947E+37    0.57857E+03
    0.74947E+37    0.57857E+03
    0.74947E+37    0.57857E+03
    0.73811E+37    0.51508E+03
    0.70401E+37    0.51905E+03
    0.70401E+37    0.52302E+03
    0.68696E+37    0.51706E+03
    0.73242E+37    0.52897E+03
    0.73242E+37    0.52698E+03
    0.72674E+37    0.53095E+03
    0.71537E+37    0.53095E+03
    0.73242E+37    0.53492E+03
    0.70969E+37    0.53889E+03
    0.68696E+37    0.55476E+03
    0.68696E+37    0.54881E+03
    0.69264E+37    0.54881E+03
    0.69264E+37    0.55476E+03
    0.69264E+37    0.55079E+03
    0.69831E+37    0.54683E+03
    0.70401E+37    0.54683E+03
    0.70969E+37    0.54683E+03
    0.71537E+37    0.54683E+03
    0.72106E+37    0.54881E+03
    0.72674E+37    0.54683E+03
    0.72674E+37    0.54683E+03
    0.73242E+37    0.54286E+03
    0.73242E+37    0.54881E+03
    0.73242E+37    0.54683E+03
    0.81769E+37    0.65595E+03
    0.81769E+37    0.64802E+03
    0.81769E+37    0.65198E+03
    0.82337E+37    0.64603E+03
    0.82337E+37    0.64802E+03
    0.82337E+37    0.64802E+03
    0.82337E+37    0.65198E+03
    0.82337E+37    0.65198E+03
    0.82337E+37    0.65595E+03
    0.82337E+37    0.65794E+03
    0.82337E+37    0.65794E+03
    0.82337E+37    0.66190E+03
    0.82337E+37    0.66190E+03
    0.83474E+37    0.66190E+03
    0.83474E+37    0.66190E+03
    0.83474E+37    0.66190E+03
    0.83474E+37    0.65794E+03
    0.83474E+37    0.65794E+03
    0.83474E+37    0.65397E+03
    0.83474E+37    0.65000E+03
    0.83474E+37    0.65000E+03
    0.83474E+37    0.64802E+03
    0.83474E+37    0.64802E+03
    0.83474E+37    0.64603E+03
    0.83474E+37    0.64405E+03
    0.83474E+37    0.64405E+03
    0.83474E+37    0.64405E+03
    0.83474E+37    0.64206E+03
    0.83474E+37    0.64206E+03
    0.83474E+37    0.64008E+03
    0.84042E+37    0.64008E+03
    0.84042E+37    0.64008E+03
    0.84042E+37    0.64008E+03
    0.84042E+37    0.64405E+03
    0.84042E+37    0.64405E+03
    0.84042E+37    0.65000E+03
    0.84042E+37    0.65198E+03
    0.84042E+37    0.65198E+03
    0.84042E+37    0.65794E+03
    0.84042E+37    0.65794E+03
    0.84042E+37    0.66389E+03
    0.84042E+37    0.66389E+03
    0.84042E+37    0.66389E+03
    0.84042E+37    0.66587E+03
    0.84610E+37    0.67381E+03
    0.84610E+37    0.66984E+03
    0.84610E+37    0.66984E+03
    0.84610E+37    0.66984E+03
    0.84610E+37    0.66984E+03
    0.84610E+37    0.66587E+03
    0.84610E+37    0.66389E+03
    0.84610E+37    0.66389E+03
    0.84610E+37    0.65992E+03
    0.84610E+37    0.65992E+03
    0.84610E+37    0.65794E+03
    0.84610E+37    0.65794E+03
    0.84610E+37    0.65794E+03
    0.84610E+37    0.65595E+03
    0.84610E+37    0.65595E+03
    0.84610E+37    0.65595E+03
    0.84610E+37    0.65198E+03
    0.84610E+37    0.65198E+03
    0.84610E+37    0.65000E+03
    0.84610E+37    0.65000E+03
    0.84610E+37    0.64802E+03
    0.84610E+37    0.64603E+03
    0.84610E+37    0.64603E+03
    0.85179E+37    0.64206E+03
    0.85179E+37    0.64206E+03
    0.85179E+37    0.64008E+03
    0.85179E+37    0.63810E+03
    0.85179E+37    0.63810E+03
    0.85179E+37    0.63413E+03
    0.85179E+37    0.63413E+03
    0.85747E+37    0.63810E+03
    0.85747E+37    0.64206E+03
    0.85747E+37    0.64206E+03
    0.85747E+37    0.64405E+03
    0.85747E+37    0.64405E+03
    0.85747E+37    0.64802E+03
    0.85747E+37    0.65198E+03
    0.85747E+37    0.65198E+03
    0.85747E+37    0.65397E+03
    0.85747E+37    0.65397E+03
    0.85747E+37    0.65595E+03
    0.85747E+37    0.65794E+03
    0.85747E+37    0.65794E+03
    0.85747E+37    0.66190E+03
    0.85747E+37    0.66190E+03
    0.85747E+37    0.66786E+03
    0.85747E+37    0.66984E+03
    0.85747E+37    0.66984E+03
    0.85747E+37    0.66984E+03
    0.85747E+37    0.66984E+03
    0.85747E+37    0.66984E+03
    0.85747E+37    0.67381E+03
    0.85747E+37    0.67976E+03
    0.85747E+37    0.67976E+03
    0.85747E+37    0.68571E+03
    0.85747E+37    0.68571E+03
    0.85747E+37    0.68571E+03
    0.85747E+37    0.68571E+03
    0.85747E+37    0.69167E+03
    0.85747E+37    0.69167E+03
    0.85747E+37    0.69167E+03
    0.84610E+37    0.68571E+03
    0.84610E+37    0.68968E+03
    0.85747E+37    0.67579E+03
    0.85747E+37    0.66984E+03
    0.85747E+37    0.66984E+03
    0.85747E+37    0.66984E+03
    0.85747E+37    0.66984E+03
    0.85747E+37    0.66389E+03
    0.85747E+37    0.65992E+03
    0.85747E+37    0.65992E+03
    0.85747E+37    0.65595E+03
    0.85747E+37    0.65595E+03
    0.86315E+37    0.63611E+03
    0.86315E+37    0.64206E+03
    0.86315E+37    0.64206E+03
    0.86315E+37    0.64405E+03
    0.86315E+37    0.64405E+03
    0.86315E+37    0.65000E+03
    0.86315E+37    0.65198E+03
    0.86315E+37    0.65198E+03
    0.86315E+37    0.65397E+03
    0.86315E+37    0.65397E+03
    0.86884E+37    0.65595E+03
    0.86315E+37    0.65595E+03
    0.86315E+37    0.65595E+03
    0.86315E+37    0.65595E+03
    0.86315E+37    0.65595E+03
    0.86315E+37    0.65595E+03
    0.86315E+37    0.65992E+03
    0.86315E+37    0.66984E+03
    0.86315E+37    0.66984E+03
    0.86315E+37    0.67579E+03
    0.86315E+37    0.67579E+03
    0.86315E+37    0.67579E+03
    0.86315E+37    0.67579E+03
    0.86315E+37    0.66786E+03
    0.86315E+37    0.66786E+03
    0.86315E+37    0.66786E+03
    0.86315E+37    0.67778E+03
    0.86315E+37    0.67778E+03
    0.86315E+37    0.67778E+03
    0.86315E+37    0.69167E+03
    0.86315E+37    0.69365E+03
    0.86315E+37    0.69365E+03
    0.86315E+37    0.63611E+03
    0.86315E+37    0.63810E+03
    0.86315E+37    0.63810E+03
    0.86315E+37    0.64206E+03
    0.86315E+37    0.64206E+03
    0.86315E+37    0.65000E+03
    0.86315E+37    0.65198E+03
    0.86315E+37    0.65198E+03
    0.86315E+37    0.65198E+03
    0.86315E+37    0.65198E+03
    0.86315E+37    0.65595E+03
    0.86315E+37    0.65595E+03
    0.86315E+37    0.65595E+03
    0.86315E+37    0.66190E+03
    0.86315E+37    0.66190E+03
    0.86315E+37    0.66389E+03
    0.86315E+37    0.66786E+03
    0.86315E+37    0.66786E+03
    0.86315E+37    0.66786E+03
    0.86315E+37    0.66786E+03
    0.86315E+37    0.67183E+03
    0.86315E+37    0.67778E+03
    0.86315E+37    0.67778E+03
    0.86315E+37    0.68175E+03
    0.86315E+37    0.68175E+03
    0.86315E+37    0.68373E+03
    0.86315E+37    0.68770E+03
    0.86315E+37    0.68770E+03
    0.86315E+37    0.68968E+03
    0.86315E+37    0.68968E+03
    0.87452E+37    0.69365E+03
    0.86884E+37    0.68968E+03
    0.86884E+37    0.68968E+03
    0.87452E+37    0.68968E+03
    0.87452E+37    0.68968E+03
    0.87452E+37    0.68968E+03
    0.87452E+37    0.68770E+03
    0.87452E+37    0.68770E+03
    0.87452E+37    0.68175E+03
    0.87452E+37    0.67579E+03
    0.87452E+37    0.67381E+03
    0.87452E+37    0.67381E+03
    0.87452E+37    0.66984E+03
    0.87452E+37    0.66984E+03
    0.87452E+37    0.66984E+03
    0.87452E+37    0.66389E+03
    0.87452E+37    0.66389E+03
    0.87452E+37    0.65794E+03
    0.87452E+37    0.65794E+03
    0.87452E+37    0.65397E+03
    0.87452E+37    0.65397E+03
    0.87452E+37    0.65000E+03
    0.87452E+37    0.64802E+03
    0.87452E+37    0.64802E+03
    0.87452E+37    0.64206E+03
    0.87452E+37    0.64206E+03
    0.87452E+37    0.64008E+03
    0.87452E+37    0.63611E+03
    0.88020E+37    0.64405E+03
    0.88020E+37    0.64603E+03
    0.88020E+37    0.64802E+03
    0.88020E+37    0.65000E+03
    0.88020E+37    0.66389E+03
    0.88020E+37    0.66389E+03
    0.88020E+37    0.66389E+03
    0.88020E+37    0.66984E+03
    0.88020E+37    0.66984E+03
    0.88020E+37    0.67778E+03
    0.88020E+37    0.68175E+03
    0.88020E+37    0.68175E+03
    0.88020E+37    0.68175E+03
    0.88020E+37    0.68175E+03
    0.88020E+37    0.68373E+03
    0.88020E+37    0.68571E+03
    0.88020E+37    0.68571E+03
    0.88590E+37    0.69167E+03
    0.88590E+37    0.69167E+03
    0.88590E+37    0.69167E+03
    0.88590E+37    0.69167E+03
    0.88590E+37    0.69167E+03
    0.88590E+37    0.69762E+03
    0.89725E+37    0.67778E+03
    0.89725E+37    0.67778E+03
    0.89725E+37    0.67778E+03
    0.89157E+37    0.68571E+03
    0.89157E+37    0.68175E+03
    0.89157E+37    0.68770E+03
    0.89157E+37    0.69762E+03
    0.89157E+37    0.69762E+03
    0.89157E+37    0.69762E+03
    0.89157E+37    0.69762E+03
    0.89157E+37    0.70159E+03
    0.89725E+37    0.70952E+03
    0.89725E+37    0.70556E+03
    0.89725E+37    0.70556E+03
    0.89725E+37    0.69960E+03
    0.89725E+37    0.69960E+03
    0.89725E+37    0.69563E+03
    0.89725E+37    0.69167E+03
    0.89725E+37    0.69167E+03
    0.89725E+37    0.69167E+03
    0.89725E+37    0.69167E+03
    0.89725E+37    0.68571E+03
    0.89725E+37    0.68175E+03
    0.89725E+37    0.68175E+03
    0.89725E+37    0.67778E+03
    0.89725E+37    0.67778E+03
    0.89725E+37    0.67778E+03
    0.90295E+37    0.68571E+03
    0.90295E+37    0.68571E+03
    0.90295E+37    0.68571E+03
    0.90295E+37    0.69167E+03
    0.90295E+37    0.69167E+03
    0.90295E+37    0.69365E+03
    0.90295E+37    0.69960E+03
    0.90295E+37    0.69960E+03
    0.90295E+37    0.70357E+03
    0.90295E+37    0.70357E+03
    0.90295E+37    0.70754E+03
    0.90295E+37    0.71151E+03
    0.90295E+37    0.71151E+03
    0.90295E+37    0.71151E+03
    0.90295E+37    0.71151E+03
    0.91432E+37    0.71349E+03
    0.91432E+37    0.71151E+03
    0.91432E+37    0.71151E+03
    0.91432E+37    0.70754E+03
    0.91432E+37    0.70754E+03
    0.91432E+37    0.69960E+03
    0.91432E+37    0.69960E+03
    0.91432E+37    0.69960E+03
    0.91432E+37    0.69762E+03
    0.91432E+37    0.69762E+03
    0.92568E+37    0.69960E+03
    0.92568E+37    0.70754E+03
    0.92568E+37    0.70754E+03
    0.92568E+37    0.71151E+03
    0.92568E+37    0.71151E+03
    0.92568E+37    0.70754E+03
    0.92568E+37    0.70357E+03
    0.92568E+37    0.69960E+03
    0.92568E+37    0.69960E+03
    0.92568E+37    0.72937E+03
    0.92568E+37    0.73929E+03
    0.92568E+37    0.73929E+03
    0.92568E+37    0.73929E+03
    0.92568E+37    0.73929E+03
    0.92568E+37    0.73333E+03
    0.92568E+37    0.73929E+03
    0.92568E+37    0.73929E+03
    0.92568E+37    0.74524E+03
    0.92568E+37    0.74524E+03
    0.92568E+37    0.74722E+03
    0.92568E+37    0.74722E+03
    0.92568E+37    0.75119E+03
    0.92568E+37    0.75714E+03
    0.92568E+37    0.75714E+03
    0.92568E+37    0.75913E+03
    0.92568E+37    0.75913E+03
    0.92568E+37    0.76111E+03
    0.92568E+37    0.76111E+03
    0.92568E+37    0.76310E+03
    0.93137E+37    0.76706E+03
    0.93137E+37    0.76310E+03
    0.93137E+37    0.76310E+03
    0.93137E+37    0.75714E+03
    0.93137E+37    0.75714E+03
    0.93705E+37    0.75119E+03
    0.93705E+37    0.74921E+03
    0.93705E+37    0.74921E+03
    0.93705E+37    0.74524E+03
    0.93705E+37    0.74524E+03
    0.93705E+37    0.74524E+03
    0.93137E+37    0.75317E+03
    0.93137E+37    0.75317E+03
    0.93137E+37    0.75317E+03
    0.93137E+37    0.74524E+03
    0.93137E+37    0.74524E+03
    0.93137E+37    0.73929E+03
    0.93137E+37    0.73929E+03
    0.93137E+37    0.73929E+03
    0.93137E+37    0.73730E+03
    0.93137E+37    0.73730E+03
    0.93137E+37    0.73532E+03
    0.93137E+37    0.73135E+03
    0.93137E+37    0.73135E+03
    0.93137E+37    0.73135E+03
    0.93137E+37    0.73135E+03
    0.93137E+37    0.72937E+03
    0.93705E+37    0.72937E+03
    0.93705E+37    0.73135E+03
    0.93705E+37    0.73135E+03
    0.93705E+37    0.73730E+03
    0.93705E+37    0.73730E+03
    0.93705E+37    0.74325E+03
    0.93705E+37    0.74524E+03
    0.93705E+37    0.74524E+03
    0.93705E+37    0.74722E+03
    0.93705E+37    0.74722E+03
    0.93705E+37    0.75119E+03
    0.93705E+37    0.75516E+03
    0.93705E+37    0.75516E+03
    0.93705E+37    0.75516E+03
    0.93705E+37    0.75516E+03
    0.93705E+37    0.75913E+03
    0.93705E+37    0.75913E+03
    0.93705E+37    0.75913E+03
    0.93705E+37    0.76111E+03
    0.93705E+37    0.76111E+03
    0.93705E+37    0.76310E+03
    0.93705E+37    0.76706E+03
    0.93705E+37    0.76706E+03
    0.93705E+37    0.76706E+03
    0.93705E+37    0.76706E+03
    0.93705E+37    0.77103E+03
    0.93705E+37    0.77103E+03
    0.93705E+37    0.77103E+03
    0.93705E+37    0.77302E+03
    0.94842E+37    0.77698E+03
    0.94842E+37    0.77103E+03
    0.94842E+37    0.77103E+03
    0.94842E+37    0.76706E+03
    0.94842E+37    0.76706E+03
    0.94842E+37    0.76310E+03
    0.94842E+37    0.76111E+03
    0.94842E+37    0.76111E+03
    0.94842E+37    0.75714E+03
    0.94842E+37    0.75714E+03
    0.94842E+37    0.75714E+03
    0.94842E+37    0.75714E+03
    0.94842E+37    0.75714E+03
    0.95410E+37    0.75317E+03
    0.95410E+37    0.75317E+03
    0.95410E+37    0.74722E+03
    0.95410E+37    0.74325E+03
    0.95410E+37    0.73730E+03
    0.94842E+37    0.73333E+03
    0.94842E+37    0.73333E+03
    0.96547E+37    0.74127E+03
    0.96547E+37    0.74127E+03
    0.96547E+37    0.74127E+03
    0.96547E+37    0.74127E+03
    0.96547E+37    0.74127E+03
    0.96547E+37    0.74921E+03
    0.96547E+37    0.75317E+03
    0.96547E+37    0.75317E+03
    0.96547E+37    0.75714E+03
    0.96547E+37    0.75714E+03
    0.96547E+37    0.75913E+03
    0.95978E+37    0.76310E+03
    0.96547E+37    0.75913E+03
    0.96547E+37    0.76111E+03
    0.96547E+37    0.76111E+03
    0.96547E+37    0.76905E+03
    0.96547E+37    0.76905E+03
    0.96547E+37    0.77500E+03
    0.96547E+37    0.77698E+03
    0.96547E+37    0.77698E+03
    0.96547E+37    0.77897E+03
    0.96547E+37    0.77897E+03
    0.96547E+37    0.78095E+03
    0.97683E+37    0.78294E+03
    0.97683E+37    0.77500E+03
    0.97683E+37    0.77500E+03
    0.97683E+37    0.77302E+03
    0.97683E+37    0.77302E+03
    0.97683E+37    0.76706E+03
    0.97683E+37    0.76111E+03
    0.97683E+37    0.76111E+03
    0.97683E+37    0.76111E+03
    0.97683E+37    0.76111E+03
    0.97683E+37    0.75516E+03
    0.97683E+37    0.75119E+03
    0.97683E+37    0.75119E+03
    0.97683E+37    0.75119E+03
    0.97683E+37    0.75119E+03
    0.97683E+37    0.75119E+03
    0.97683E+37    0.74921E+03
    0.98253E+37    0.76508E+03
    0.98253E+37    0.76706E+03
    0.98253E+37    0.76706E+03
    0.98253E+37    0.77103E+03
    0.98253E+37    0.77103E+03
    0.98253E+37    0.77103E+03
    0.98253E+37    0.77302E+03
    0.98253E+37    0.77302E+03
    0.98253E+37    0.77500E+03
    0.98253E+37    0.77500E+03
    0.98253E+37    0.77500E+03
    0.98253E+37    0.77698E+03
    0.98820E+37    0.77698E+03
    0.98820E+37    0.77698E+03
    0.98820E+37    0.77698E+03
    0.98820E+37    0.77103E+03
    0.98820E+37    0.77103E+03
    0.98820E+37    0.77103E+03
    0.98820E+37    0.76706E+03
    0.98820E+37    0.76706E+03
    0.98820E+37    0.76508E+03
    0.99388E+37    0.76508E+03
    0.99388E+37    0.76905E+03
    0.99388E+37    0.77103E+03
    0.99388E+37    0.77103E+03
    0.99388E+37    0.76905E+03
    0.99388E+37    0.76508E+03
    0.96547E+37    0.80675E+03
    0.96547E+37    0.81071E+03
    0.96547E+37    0.81071E+03
    0.97683E+37    0.81468E+03
    0.97683E+37    0.80675E+03
    0.97683E+37    0.80675E+03
    0.97683E+37    0.80278E+03
    0.97683E+37    0.80278E+03
    0.97683E+37    0.80079E+03
    0.97683E+37    0.80079E+03
    0.97683E+37    0.81071E+03
    0.97115E+37    0.81270E+03
    0.97115E+37    0.81071E+03
    0.97115E+37    0.81071E+03
    0.97115E+37    0.80675E+03
    0.97115E+37    0.80675E+03
    0.97115E+37    0.80278E+03
    0.97115E+37    0.80079E+03
    0.97115E+37    0.80079E+03
    0.98253E+37    0.79683E+03
    0.98253E+37    0.80079E+03
    0.98253E+37    0.80079E+03
    0.98253E+37    0.80675E+03
    0.98253E+37    0.80675E+03
    0.98253E+37    0.80675E+03
    0.98253E+37    0.81071E+03
    0.98253E+37    0.81071E+03
    0.98253E+37    0.81071E+03
    0.98253E+37    0.81071E+03
    0.98253E+37    0.81468E+03
    0.99388E+37    0.82063E+03
    0.99388E+37    0.81667E+03
    0.99388E+37    0.81667E+03
    0.99388E+37    0.81667E+03
    0.99388E+37    0.81667E+03
    0.99388E+37    0.81270E+03
    0.99388E+37    0.80873E+03
    0.99388E+37    0.80873E+03
    0.99388E+37    0.80873E+03
    0.99388E+37    0.80873E+03
    0.99388E+37    0.80675E+03
    0.99388E+37    0.80476E+03
    0.99388E+37    0.80476E+03
    0.99388E+37    0.80278E+03
    0.99388E+37    0.80278E+03
    0.99388E+37    0.79881E+03
    0.99388E+37    0.79484E+03
    0.99388E+37    0.79286E+03
    0.99388E+37    0.79286E+03
    0.99388E+37    0.79087E+03
    0.99388E+37    0.79087E+03
    0.99958E+37    0.79087E+03
    0.99958E+37    0.79286E+03
    0.99958E+37    0.79286E+03
    0.99958E+37    0.79683E+03
    0.99958E+37    0.79683E+03
    0.99958E+37    0.79881E+03
    0.99958E+37    0.80079E+03
    0.99958E+37    0.80079E+03
    0.99958E+37    0.80476E+03
    0.99958E+37    0.80476E+03
    0.99958E+37    0.80873E+03
    0.99958E+37    0.81071E+03
    0.99958E+37    0.81071E+03
    0.99958E+37    0.81270E+03
    0.99958E+37    0.81270E+03
    0.99958E+37    0.81270E+03
    0.99388E+37    0.81667E+03
    0.99388E+37    0.81667E+03
    0.99958E+37    0.82063E+03
    0.99958E+37    0.81468E+03
    0.99958E+37    0.81468E+03
    0.99958E+37    0.81468E+03
    0.99958E+37    0.81468E+03
    0.99958E+37    0.81270E+03
    0.99958E+37    0.81071E+03
    0.99958E+37    0.81071E+03
    0.99958E+37    0.81071E+03
    0.99958E+37    0.81071E+03
    0.10053E+38    0.79484E+03
    0.10109E+38    0.79484E+03
    0.10109E+38    0.79484E+03
    0.10109E+38    0.79484E+03
    0.10109E+38    0.80079E+03
    0.10109E+38    0.80079E+03
    0.10109E+38    0.80278E+03
    0.10109E+38    0.80278E+03
    0.10109E+38    0.79286E+03
    0.10109E+38    0.79286E+03
    0.10109E+38    0.79286E+03
    0.10109E+38    0.80278E+03
    0.10109E+38    0.80873E+03
    0.10109E+38    0.80873E+03
    0.10109E+38    0.80873E+03
    0.10109E+38    0.80873E+03
    0.10109E+38    0.81468E+03
    0.10109E+38    0.81667E+03
    0.10109E+38    0.81667E+03
    0.10109E+38    0.81865E+03
    0.10109E+38    0.81865E+03
    0.10109E+38    0.82262E+03
    0.10166E+38    0.81865E+03
    0.10166E+38    0.81468E+03
    0.10166E+38    0.81468E+03
    0.10166E+38    0.81270E+03
    0.10166E+38    0.81270E+03
    0.10166E+38    0.80873E+03
    0.10166E+38    0.80675E+03
    0.10166E+38    0.80675E+03
    0.10166E+38    0.80476E+03
    0.10166E+38    0.80476E+03
    0.10166E+38    0.80079E+03
    0.10166E+38    0.79881E+03
    0.10166E+38    0.79881E+03
    0.10166E+38    0.79683E+03
    0.10166E+38    0.79683E+03
    0.10166E+38    0.79484E+03
    0.10280E+38    0.79881E+03
    0.10280E+38    0.80278E+03
    0.10280E+38    0.80278E+03
    0.10280E+38    0.80476E+03
    0.10280E+38    0.80476E+03
    0.10280E+38    0.80476E+03
    0.10280E+38    0.80873E+03
    0.10280E+38    0.80873E+03
    0.10280E+38    0.81468E+03
    0.10280E+38    0.81468E+03
    0.10280E+38    0.81667E+03
    0.10280E+38    0.81667E+03
    0.10280E+38    0.81667E+03
    0.10280E+38    0.82063E+03
    0.10394E+38    0.81865E+03
    0.10394E+38    0.81667E+03
    0.10394E+38    0.81667E+03
    0.10394E+38    0.81468E+03
    0.10394E+38    0.81468E+03
    0.10394E+38    0.81270E+03
    0.10394E+38    0.81270E+03
    0.10394E+38    0.81270E+03
    0.10394E+38    0.81071E+03
    0.10394E+38    0.81071E+03
    0.10394E+38    0.80873E+03
    0.10394E+38    0.80873E+03
    0.10394E+38    0.80873E+03
    0.10394E+38    0.80476E+03
    0.10394E+38    0.80476E+03
    0.10394E+38    0.80476E+03
    0.10394E+38    0.80278E+03
    0.10394E+38    0.80278E+03
    0.10394E+38    0.80278E+03
    0.10394E+38    0.80278E+03
    0.10394E+38    0.80079E+03
    0.91432E+37    0.64405E+03
    0.91432E+37    0.64802E+03
    0.91432E+37    0.65198E+03
    0.91432E+37    0.65595E+03
    0.91432E+37    0.65595E+03
    0.91432E+37    0.65794E+03
    0.91432E+37    0.65794E+03
    0.90862E+37    0.65198E+03
    0.90862E+37    0.65000E+03
    0.90862E+37    0.64603E+03
    0.92000E+37    0.65992E+03
    0.92000E+37    0.65992E+03
    0.92000E+37    0.65992E+03
    0.92000E+37    0.65794E+03
    0.92000E+37    0.65794E+03
    0.92000E+37    0.65595E+03
    0.92000E+37    0.65198E+03
    0.92000E+37    0.65198E+03
    0.92000E+37    0.65198E+03
    0.92000E+37    0.65198E+03
    0.92568E+37    0.65397E+03
    0.92568E+37    0.65794E+03
    0.92568E+37    0.65794E+03
    0.92568E+37    0.65794E+03
    0.92568E+37    0.65794E+03
    0.92568E+37    0.66190E+03
    0.92568E+37    0.66389E+03
    0.92568E+37    0.66389E+03
    0.93137E+37    0.65992E+03
    0.93137E+37    0.66190E+03
    0.93705E+37    0.65794E+03
    0.93705E+37    0.66190E+03
    0.93705E+37    0.66389E+03
    0.93705E+37    0.66389E+03
    0.94273E+37    0.66587E+03
    0.94273E+37    0.66587E+03
    0.94273E+37    0.66984E+03
    0.94273E+37    0.66786E+03
    0.94273E+37    0.66587E+03
    0.94273E+37    0.66587E+03
    0.94273E+37    0.66190E+03
    0.94273E+37    0.66190E+03
    0.94842E+37    0.66587E+03
    0.94842E+37    0.66587E+03
    0.94842E+37    0.66587E+03
    0.94842E+37    0.67183E+03
    0.94842E+37    0.67183E+03
    0.94842E+37    0.67183E+03
    0.94842E+37    0.67183E+03
    0.94842E+37    0.66984E+03
    0.94842E+37    0.66786E+03
    0.94842E+37    0.68571E+03
    0.94842E+37    0.69365E+03
    0.94842E+37    0.68770E+03
    0.94842E+37    0.69365E+03
    0.94842E+37    0.69365E+03
    0.94842E+37    0.70357E+03
    0.94842E+37    0.70357E+03
    0.94273E+37    0.70357E+03
    0.94273E+37    0.70357E+03
    0.94842E+37    0.70159E+03
    0.94842E+37    0.69762E+03
    0.94842E+37    0.69762E+03
    0.94842E+37    0.69762E+03
    0.94842E+37    0.69762E+03
    0.94842E+37    0.69762E+03
    0.94842E+37    0.69563E+03
    0.93705E+37    0.69365E+03
    0.93705E+37    0.69563E+03
    0.93705E+37    0.69762E+03
    0.94273E+37    0.70159E+03
    0.94273E+37    0.69762E+03
    0.94273E+37    0.69762E+03
    0.94273E+37    0.69762E+03
    0.94273E+37    0.69563E+03
    0.94273E+37    0.69563E+03
    0.94273E+37    0.69365E+03
    0.95410E+37    0.69762E+03
    0.95410E+37    0.70357E+03
    0.95410E+37    0.70556E+03
    0.95410E+37    0.70159E+03
    0.95410E+37    0.70159E+03
    0.95410E+37    0.70159E+03
    0.95410E+37    0.69960E+03
    0.95410E+37    0.69960E+03
    0.99388E+37    0.72738E+03
    0.99388E+37    0.73135E+03
    0.99388E+37    0.73135E+03
    0.99388E+37    0.73135E+03
    0.99388E+37    0.73532E+03
    0.98253E+37    0.73730E+03
    0.98253E+37    0.73730E+03
    0.98820E+37    0.73730E+03
    0.98820E+37    0.74127E+03
    0.99388E+37    0.74127E+03
    0.99388E+37    0.74524E+03
    0.99388E+37    0.74722E+03
    0.98253E+37    0.72937E+03
    0.10109E+38    0.74524E+03
    0.10109E+38    0.74524E+03
    0.10109E+38    0.74524E+03
    0.10109E+38    0.75317E+03
    0.10109E+38    0.75119E+03
    0.10109E+38    0.74722E+03
    0.10166E+38    0.75317E+03
    0.10166E+38    0.75516E+03
    0.10166E+38    0.75516E+03
    0.10166E+38    0.75516E+03
    0.10166E+38    0.75516E+03
    0.10166E+38    0.76111E+03
    0.10166E+38    0.75714E+03
    0.10223E+38    0.75516E+03
    0.10223E+38    0.78095E+03
    0.10223E+38    0.77897E+03
    0.10223E+38    0.77698E+03
    0.10223E+38    0.77500E+03
    0.10223E+38    0.77103E+03
    0.10223E+38    0.76905E+03
    0.10280E+38    0.76508E+03
    0.10280E+38    0.76905E+03
    0.10280E+38    0.76905E+03
    0.10280E+38    0.76905E+03
    0.10223E+38    0.77302E+03
    0.10223E+38    0.77302E+03
    0.10280E+38    0.77302E+03
    0.10280E+38    0.77500E+03
    0.10280E+38    0.77897E+03
    0.10280E+38    0.77897E+03
    0.10109E+38    0.77698E+03
    0.10109E+38    0.77103E+03
    0.10337E+38    0.77698E+03
    0.10337E+38    0.77302E+03
    0.10337E+38    0.77103E+03
    0.10337E+38    0.77103E+03
    0.10337E+38    0.76905E+03
    0.10337E+38    0.76905E+03
    0.10337E+38    0.76508E+03
    0.10394E+38    0.77103E+03
    0.10394E+38    0.77302E+03
    0.10394E+38    0.77302E+03
    0.10394E+38    0.77698E+03
    0.10394E+38    0.77698E+03
    0.10394E+38    0.77698E+03
    0.10394E+38    0.77500E+03
    0.10451E+38    0.77302E+03
    0.10451E+38    0.77500E+03
    0.10451E+38    0.77500E+03
    0.10451E+38    0.78095E+03
    0.10451E+38    0.78095E+03
    0.10451E+38    0.78294E+03
    0.10451E+38    0.78294E+03
    0.10451E+38    0.78294E+03
    0.10507E+38    0.78492E+03
    0.10507E+38    0.78492E+03
    0.10507E+38    0.78492E+03
    0.10507E+38    0.78294E+03
    0.10507E+38    0.78294E+03
    0.10507E+38    0.78294E+03
    0.10507E+38    0.77897E+03
    0.10507E+38    0.77897E+03
    0.10507E+38    0.76905E+03
    0.10507E+38    0.77500E+03
    0.10507E+38    0.77897E+03
    0.10507E+38    0.77897E+03
    0.10507E+38    0.78294E+03
    0.10507E+38    0.78294E+03
    0.10564E+38    0.78294E+03
    0.10564E+38    0.77897E+03
    0.10564E+38    0.77897E+03
    0.10564E+38    0.77698E+03
    0.10564E+38    0.77698E+03
    0.10564E+38    0.77500E+03
    0.10564E+38    0.77302E+03
    0.10564E+38    0.77302E+03
    0.10792E+38    0.79683E+03
    0.10792E+38    0.80079E+03
    0.10792E+38    0.80079E+03
    0.10792E+38    0.80476E+03
    0.10792E+38    0.80476E+03
    0.10792E+38    0.80873E+03
    0.10792E+38    0.81270E+03
    0.10792E+38    0.81270E+03
    0.10792E+38    0.81667E+03
    0.10792E+38    0.81667E+03
    0.10792E+38    0.82063E+03
    0.10792E+38    0.82262E+03
    0.10792E+38    0.82262E+03
    0.10792E+38    0.82659E+03
    0.10792E+38    0.82659E+03
    0.10792E+38    0.82857E+03
    0.10792E+38    0.83254E+03
    0.10792E+38    0.83254E+03
    0.10792E+38    0.83651E+03
    0.10792E+38    0.83651E+03
    0.10792E+38    0.84048E+03
    0.10792E+38    0.84444E+03
    0.10792E+38    0.84444E+03
    0.10735E+38    0.84444E+03
    0.10735E+38    0.84444E+03
    0.10735E+38    0.85040E+03
    0.10735E+38    0.84048E+03
    0.10678E+38    0.83056E+03
    0.10678E+38    0.81865E+03
    0.10678E+38    0.81667E+03
    0.10678E+38    0.81667E+03
    0.10678E+38    0.81468E+03
    0.10678E+38    0.81468E+03
    0.10678E+38    0.81270E+03
    0.10678E+38    0.81071E+03
    0.10678E+38    0.81071E+03
    0.10678E+38    0.80873E+03
    0.10678E+38    0.80873E+03
    0.10678E+38    0.80675E+03
    0.10678E+38    0.80675E+03
    0.10678E+38    0.80675E+03
    0.10678E+38    0.80675E+03
    0.10678E+38    0.80675E+03
    0.10678E+38    0.80476E+03
    0.10621E+38    0.80476E+03
    0.10621E+38    0.80476E+03
    0.10621E+38    0.80476E+03
    0.10621E+38    0.80476E+03
    0.10621E+38    0.80476E+03
    0.10621E+38    0.81071E+03
    0.10621E+38    0.81270E+03
    0.10621E+38    0.81270E+03
    0.10621E+38    0.81667E+03
    0.10621E+38    0.81667E+03
    0.10564E+38    0.81270E+03
    0.10564E+38    0.81270E+03
    0.10564E+38    0.81270E+03
    0.10564E+38    0.81071E+03
    0.10564E+38    0.81071E+03
    0.10564E+38    0.80873E+03
    0.10564E+38    0.80675E+03
    0.10564E+38    0.80675E+03
    0.10564E+38    0.80476E+03
    0.10564E+38    0.80476E+03
    0.10905E+38    0.80079E+03
    0.10905E+38    0.80278E+03
    0.10905E+38    0.80476E+03
    0.10905E+38    0.80476E+03
    0.10905E+38    0.80873E+03
    0.10905E+38    0.80873E+03
    0.10848E+38    0.85040E+03
    0.10848E+38    0.84048E+03
    0.10848E+38    0.84048E+03
    0.10848E+38    0.83651E+03
    0.10848E+38    0.83651E+03
    0.10848E+38    0.83254E+03
    0.10848E+38    0.83254E+03
    0.10848E+38    0.82857E+03
    0.10848E+38    0.82460E+03
    0.10848E+38    0.82460E+03
    0.10848E+38    0.82063E+03
    0.10848E+38    0.82063E+03
    0.10848E+38    0.81865E+03
    0.10905E+38    0.81865E+03
    0.10905E+38    0.82460E+03
    0.10905E+38    0.82460E+03
    0.10905E+38    0.82659E+03
    0.10905E+38    0.82659E+03
    0.10962E+38    0.83056E+03
    0.10962E+38    0.83651E+03
    0.10962E+38    0.83651E+03
    0.10962E+38    0.83651E+03
    0.10962E+38    0.83651E+03
    0.10962E+38    0.83849E+03
    0.10962E+38    0.84643E+03
    0.10962E+38    0.84643E+03
    0.10962E+38    0.84643E+03
    0.10962E+38    0.84643E+03
    0.10962E+38    0.84246E+03
    0.10962E+38    0.83452E+03
    0.10962E+38    0.83452E+03
    0.10962E+38    0.83254E+03
    0.10962E+38    0.83254E+03
    0.10905E+38    0.83254E+03
    0.10848E+38    0.83254E+03
    0.10905E+38    0.84643E+03
    0.10962E+38    0.84444E+03
    0.10962E+38    0.84048E+03
    0.10962E+38    0.84048E+03
    0.10962E+38    0.83849E+03
    0.10962E+38    0.83849E+03
    0.10962E+38    0.83254E+03
    0.10962E+38    0.83254E+03
    0.10962E+38    0.83254E+03
    0.10962E+38    0.82857E+03
    0.10962E+38    0.82857E+03
    0.10962E+38    0.82460E+03
    0.10962E+38    0.82262E+03
    0.10962E+38    0.82262E+03
    0.10962E+38    0.82063E+03
    0.10962E+38    0.82063E+03
    0.10962E+38    0.81667E+03
    0.11019E+38    0.81667E+03
    0.11019E+38    0.81667E+03
    0.11019E+38    0.81667E+03
    0.11019E+38    0.82063E+03
    0.11019E+38    0.82063E+03
    0.11019E+38    0.82262E+03
    0.11019E+38    0.82659E+03
    0.11019E+38    0.82659E+03
    0.11019E+38    0.82857E+03
    0.11019E+38    0.82857E+03
    0.11019E+38    0.83056E+03
    0.11076E+38    0.83452E+03
    0.11076E+38    0.83452E+03
    0.11076E+38    0.83452E+03
    0.11076E+38    0.83452E+03
    0.11076E+38    0.83452E+03
    0.11076E+38    0.83849E+03
    0.11076E+38    0.84048E+03
    0.11076E+38    0.84048E+03
    0.11076E+38    0.84246E+03
    0.11076E+38    0.84246E+03
    0.11076E+38    0.84444E+03
    0.11076E+38    0.84444E+03
    0.11076E+38    0.84444E+03
    0.11076E+38    0.84841E+03
    0.11076E+38    0.85040E+03
    0.11076E+38    0.85040E+03
    0.11076E+38    0.85238E+03
    0.11076E+38    0.85238E+03
    0.11076E+38    0.85437E+03
    0.11019E+38    0.85437E+03
    0.11019E+38    0.85437E+03
    0.11019E+38    0.85437E+03
    0.11019E+38    0.85437E+03
    0.11019E+38    0.85635E+03
    0.11019E+38    0.81468E+03
    0.11189E+38    0.81468E+03
    0.11189E+38    0.81468E+03
    0.11189E+38    0.81468E+03
    0.11246E+38    0.81468E+03
    0.11303E+38    0.81468E+03
    0.11303E+38    0.81865E+03
    0.11303E+38    0.82063E+03
    0.11303E+38    0.82063E+03
    0.11189E+38    0.82659E+03
    0.11189E+38    0.82262E+03
    0.11189E+38    0.81667E+03
    0.11076E+38    0.81865E+03
    0.11076E+38    0.82659E+03
    0.11076E+38    0.82659E+03
    0.11076E+38    0.82659E+03
    0.11076E+38    0.82659E+03
    0.11076E+38    0.82857E+03
    0.11076E+38    0.83452E+03
    0.11076E+38    0.83452E+03
    0.11076E+38    0.84048E+03
    0.11076E+38    0.84048E+03
    0.11076E+38    0.84246E+03
    0.11076E+38    0.84246E+03
    0.11076E+38    0.84444E+03
    0.11019E+38    0.85040E+03
    0.11019E+38    0.85040E+03
    0.11019E+38    0.85040E+03
    0.11019E+38    0.85040E+03
    0.11019E+38    0.85238E+03
    0.11133E+38    0.84246E+03
    0.11133E+38    0.84643E+03
    0.11133E+38    0.84643E+03
    0.11133E+38    0.84643E+03
    0.11133E+38    0.84643E+03
    0.11133E+38    0.85635E+03
    0.11133E+38    0.85635E+03
    0.11133E+38    0.85635E+03
    0.11133E+38    0.85238E+03
    0.11133E+38    0.85040E+03
    0.11133E+38    0.85040E+03
    0.11133E+38    0.84643E+03
    0.11133E+38    0.84643E+03
    0.11133E+38    0.84444E+03
    0.11189E+38    0.84444E+03
    0.11189E+38    0.85040E+03
    0.11189E+38    0.85040E+03
    0.11189E+38    0.85238E+03
    0.11189E+38    0.85238E+03
    0.11189E+38    0.85437E+03
    0.11189E+38    0.85437E+03
    0.11189E+38    0.85437E+03
    0.11189E+38    0.85040E+03
    0.11189E+38    0.84841E+03
    0.11189E+38    0.84841E+03
    0.11189E+38    0.84643E+03
    0.11189E+38    0.84643E+03
    0.11303E+38    0.84643E+03
    0.11303E+38    0.84643E+03
    0.11303E+38    0.84643E+03
    0.11303E+38    0.84841E+03
    0.11303E+38    0.84841E+03
    0.11303E+38    0.85040E+03
    0.11303E+38    0.85238E+03
    0.11303E+38    0.85238E+03
    0.11360E+38    0.85635E+03
    0.11360E+38    0.85635E+03
    0.11360E+38    0.86230E+03
    0.11360E+38    0.86230E+03
    0.11360E+38    0.86230E+03
    0.11360E+38    0.86230E+03
    0.11360E+38    0.86230E+03
    0.11417E+38    0.86627E+03
    0.11417E+38    0.86230E+03
    0.11417E+38    0.86825E+03
    0.11417E+38    0.86032E+03
    0.11417E+38    0.85635E+03
    0.13520E+38    0.82262E+03
    0.13520E+38    0.82857E+03
    0.13520E+38    0.83254E+03
    0.13577E+38    0.83254E+03
    0.13577E+38    0.82460E+03
    0.13633E+38    0.82857E+03
    0.13747E+38    0.83849E+03
    0.13747E+38    0.83651E+03
    0.13747E+38    0.83056E+03
    0.13747E+38    0.83056E+03
    0.13747E+38    0.82857E+03
    0.13747E+38    0.82857E+03
    0.13747E+38    0.82460E+03
    0.13690E+38    0.82262E+03
    0.13690E+38    0.82262E+03
    0.13690E+38    0.82262E+03
    0.13690E+38    0.82460E+03
    0.13690E+38    0.82460E+03
    0.13690E+38    0.82857E+03
    0.13690E+38    0.82857E+03
    0.13690E+38    0.82857E+03
    0.13690E+38    0.83254E+03
    0.13690E+38    0.83254E+03
    0.13690E+38    0.83452E+03
    0.13690E+38    0.83651E+03
    0.13690E+38    0.83651E+03
    0.13918E+38    0.83651E+03
    0.13918E+38    0.83254E+03
    0.13918E+38    0.83254E+03
    0.13918E+38    0.83056E+03
    0.13918E+38    0.83056E+03
    0.13918E+38    0.83056E+03
    0.13918E+38    0.82659E+03
    0.13918E+38    0.82659E+03
    0.13918E+38    0.82659E+03
    0.13918E+38    0.82659E+03
    0.13918E+38    0.82063E+03
    0.14031E+38    0.82063E+03
    0.14031E+38    0.82262E+03
    0.14031E+38    0.82262E+03
    0.14031E+38    0.82659E+03
    0.14031E+38    0.82659E+03
    0.14031E+38    0.82659E+03
    0.14031E+38    0.82857E+03
    0.14031E+38    0.82857E+03
    0.14031E+38    0.83056E+03
    0.14031E+38    0.83056E+03
    0.14031E+38    0.83254E+03
    0.14031E+38    0.83452E+03
    0.14031E+38    0.83452E+03
    0.14031E+38    0.83452E+03
    0.14031E+38    0.83452E+03
    0.14031E+38    0.83651E+03
    0.13975E+38    0.83651E+03
    0.13975E+38    0.83651E+03
    0.13975E+38    0.83254E+03
    0.13975E+38    0.83254E+03
    0.13975E+38    0.83056E+03
    0.13975E+38    0.83056E+03
    0.13975E+38    0.82659E+03
    0.13975E+38    0.82262E+03
    0.13975E+38    0.82262E+03
    0.13975E+38    0.82262E+03
    0.14145E+38    0.82262E+03
    0.14145E+38    0.82659E+03
    0.14145E+38    0.82659E+03
    0.14145E+38    0.82659E+03
    0.14145E+38    0.82659E+03
    0.14145E+38    0.83056E+03
    0.14145E+38    0.83056E+03
    0.14145E+38    0.83056E+03
    0.14145E+38    0.83056E+03
    0.14145E+38    0.83056E+03
    0.14145E+38    0.83056E+03
    0.14145E+38    0.83254E+03
    0.14145E+38    0.83254E+03
    0.14202E+38    0.82460E+03
    0.14259E+38    0.82460E+03
    0.14316E+38    0.82460E+03
    0.13861E+38    0.83651E+03
    0.13975E+38    0.84643E+03
    0.14259E+38    0.84643E+03
    0.14088E+38    0.84444E+03
    0.14088E+38    0.84643E+03
    0.14088E+38    0.84643E+03
    0.14088E+38    0.84643E+03
    0.14259E+38    0.84643E+03
    0.14372E+38    0.84643E+03
    0.14486E+38    0.84643E+03
    0.14543E+38    0.84643E+03
    0.14543E+38    0.84643E+03
    0.14543E+38    0.84444E+03
    0.14657E+38    0.85040E+03
    0.14657E+38    0.85040E+03
    0.14657E+38    0.85040E+03
    0.14372E+38    0.84841E+03
    0.14372E+38    0.84841E+03
    0.14202E+38    0.84841E+03
    0.14088E+38    0.84841E+03
    0.14088E+38    0.84841E+03
    0.14316E+38    0.84841E+03
    0.14429E+38    0.84841E+03
    0.14429E+38    0.84841E+03
    0.14486E+38    0.84841E+03
    0.14486E+38    0.84841E+03
    0.14543E+38    0.84841E+03
    0.14657E+38    0.85040E+03
    0.14486E+38    0.85040E+03
    0.14486E+38    0.85040E+03
    0.14372E+38    0.85040E+03
    0.14372E+38    0.85040E+03
    0.14316E+38    0.85040E+03
    0.14202E+38    0.85040E+03
    0.14202E+38    0.85040E+03
    0.14145E+38    0.85040E+03
    0.14145E+38    0.85040E+03
    0.14145E+38    0.85238E+03
    0.14202E+38    0.85238E+03
    0.14202E+38    0.85238E+03
    0.14316E+38    0.85238E+03
    0.14316E+38    0.85238E+03
    0.14429E+38    0.85238E+03
    0.14429E+38    0.85238E+03
    0.14429E+38    0.85238E+03
    0.14486E+38    0.85238E+03
    0.14486E+38    0.85238E+03
    0.14600E+38    0.85238E+03
    0.14600E+38    0.85238E+03
    0.14600E+38    0.85238E+03
    0.14657E+38    0.85238E+03
    0.14657E+38    0.85238E+03
    0.14714E+38    0.85238E+03
    0.14714E+38    0.85238E+03
    0.14714E+38    0.85238E+03
    0.14827E+38    0.85437E+03
    0.14827E+38    0.85437E+03
    0.14827E+38    0.85437E+03
    0.14714E+38    0.85437E+03
    0.14714E+38    0.85437E+03
    0.14600E+38    0.85437E+03
    0.14543E+38    0.85437E+03
    0.14543E+38    0.85437E+03
    0.14486E+38    0.85437E+03
    0.14486E+38    0.85437E+03
    0.14429E+38    0.85437E+03
    0.14372E+38    0.85437E+03
    0.14372E+38    0.85437E+03
    0.14372E+38    0.85437E+03
    0.14372E+38    0.85437E+03
    0.14372E+38    0.85437E+03
    0.14259E+38    0.85437E+03
    0.14259E+38    0.85437E+03
    0.14145E+38    0.85437E+03
    0.14145E+38    0.85437E+03
    0.14543E+38    0.85833E+03
    0.14600E+38    0.85833E+03
    0.14543E+38    0.86032E+03
    0.14429E+38    0.86032E+03
    0.14316E+38    0.86230E+03
    0.14429E+38    0.86230E+03
    0.14543E+38    0.86230E+03
    0.14543E+38    0.86429E+03
    0.14429E+38    0.86429E+03
    0.14316E+38    0.86429E+03
    0.14316E+38    0.86429E+03
    0.14259E+38    0.86429E+03
    0.14259E+38    0.86429E+03
    0.14259E+38    0.86429E+03
    0.14145E+38    0.86825E+03
    0.14259E+38    0.86825E+03
    0.14372E+38    0.86825E+03
    0.14372E+38    0.86825E+03
    0.14429E+38    0.86825E+03
    0.14429E+38    0.86825E+03
    0.14486E+38    0.86825E+03
    0.14486E+38    0.86825E+03
    0.14486E+38    0.86825E+03
    0.14543E+38    0.86825E+03
    0.14543E+38    0.86825E+03
    0.14600E+38    0.86825E+03
    0.14657E+38    0.86825E+03
    0.14657E+38    0.87024E+03
    0.14657E+38    0.87222E+03
    0.14429E+38    0.87222E+03
    0.14429E+38    0.87222E+03
    0.14316E+38    0.87222E+03
    0.14316E+38    0.87222E+03
    0.14429E+38    0.87619E+03
    0.14429E+38    0.87619E+03
    0.14429E+38    0.87619E+03
    0.14543E+38    0.87619E+03
    0.14543E+38    0.87619E+03
    0.14657E+38    0.87619E+03
    0.14657E+38    0.88016E+03
    0.14657E+38    0.88016E+03
    0.14657E+38    0.88016E+03
    0.14543E+38    0.88016E+03
    0.14543E+38    0.88016E+03
    0.14429E+38    0.88016E+03
    0.14316E+38    0.88214E+03
    0.14316E+38    0.88214E+03
    0.14259E+38    0.88214E+03
    0.14259E+38    0.88214E+03
    0.14259E+38    0.88214E+03
    0.14088E+38    0.88214E+03
    0.14145E+38    0.88214E+03
    0.14429E+38    0.88413E+03
    0.14486E+38    0.88413E+03
    0.14486E+38    0.88413E+03
    0.14486E+38    0.88413E+03
    0.14543E+38    0.88413E+03
    0.14543E+38    0.88413E+03
    0.14600E+38    0.88413E+03
    0.14657E+38    0.88413E+03
    0.14657E+38    0.88413E+03
    0.14657E+38    0.88413E+03
    0.14657E+38    0.88413E+03
    0.14657E+38    0.88611E+03
    0.14657E+38    0.88611E+03
    0.14657E+38    0.88611E+03
    0.14657E+38    0.88611E+03
    0.14543E+38    0.88611E+03
    0.14543E+38    0.88611E+03
    0.14486E+38    0.88611E+03
    0.14429E+38    0.88611E+03
    0.14429E+38    0.88611E+03
    0.14429E+38    0.88810E+03
    0.14486E+38    0.88810E+03
    0.14486E+38    0.88810E+03
    0.14543E+38    0.88810E+03
    0.14543E+38    0.88810E+03
    0.14657E+38    0.88810E+03
    0.14714E+38    0.88810E+03
    0.14714E+38    0.88810E+03
    0.14714E+38    0.88810E+03
    0.14714E+38    0.88810E+03
    0.14770E+38    0.89008E+03
    0.14770E+38    0.89008E+03
    0.14600E+38    0.89008E+03
    0.14600E+38    0.89008E+03
    0.14543E+38    0.89008E+03
    0.14543E+38    0.89008E+03
    0.14372E+38    0.89008E+03
    0.14259E+38    0.89206E+03
    0.14259E+38    0.89206E+03
    0.14372E+38    0.89206E+03
    0.14429E+38    0.89206E+03
    0.14429E+38    0.89206E+03
    0.14543E+38    0.89206E+03
    0.14543E+38    0.89206E+03
    0.14543E+38    0.89206E+03
    0.14657E+38    0.89206E+03
    0.14770E+38    0.89206E+03
    0.14770E+38    0.89603E+03
