3.6336336336e+2  5.0784313725e+2
3.6336336336e+2  5.5686274510e+2
3.8138138138e+2  5.1862745098e+2
3.8738738739e+2  5.3235294118e+2
3.8738738739e+2  5.4607843137e+2
3.8738738739e+2  5.8137254902e+2
3.8738738739e+2  5.3039215686e+2
3.9939939940e+2  5.3627450980e+2
4.0540540541e+2  5.4705882353e+2
4.0540540541e+2  5.5588235294e+2
4.1141141141e+2  5.8627450980e+2
4.1141141141e+2  5.4705882353e+2
4.1141141141e+2  5.5588235294e+2
4.1141141141e+2  5.5000000000e+2
4.1141141141e+2  5.7941176471e+2
4.1741741742e+2  5.8039215686e+2
4.1741741742e+2  5.6960784314e+2
4.2342342342e+2  5.9607843137e+2
4.2942942943e+2  6.1764705882e+2
4.2942942943e+2  6.1176470588e+2
4.2942942943e+2  6.1470588235e+2
4.3543543544e+2  6.4313725490e+2
4.3543543544e+2  6.3627450980e+2
4.3543543544e+2  6.3039215686e+2
4.3543543544e+2  6.2647058824e+2
4.3543543544e+2  6.2745098039e+2
4.4144144144e+2  6.4509803922e+2
4.4744744745e+2  6.5392156863e+2
4.4744744745e+2  6.5784313725e+2
4.4744744745e+2  6.6078431373e+2
4.4744744745e+2  6.6470588235e+2
4.4744744745e+2  6.6764705882e+2
4.4744744745e+2  6.6960784314e+2
4.4744744745e+2  6.7549019608e+2
4.4744744745e+2  6.4509803922e+2
4.4744744745e+2  6.4705882353e+2
4.4744744745e+2  6.5098039216e+2
4.4744744745e+2  6.5294117647e+2
4.5345345345e+2  6.7745098039e+2
6.0960960961e+2  4.6274509804e+2
6.0960960961e+2  4.3431372549e+2
6.0960960961e+2  4.8431372549e+2
6.1561561562e+2  5.0196078431e+2
6.1561561562e+2  4.6274509804e+2
6.1561561562e+2  4.5196078431e+2
6.1561561562e+2  4.3137254902e+2
6.1561561562e+2  4.5000000000e+2
6.1561561562e+2  5.1274509804e+2
6.1561561562e+2  4.8431372549e+2
6.1561561562e+2  4.8529411765e+2
6.1561561562e+2  4.3725490196e+2
6.1561561562e+2  5.4019607843e+2
6.2162162162e+2  4.8431372549e+2
6.2162162162e+2  5.5294117647e+2
6.2162162162e+2  4.4215686275e+2
6.2762762763e+2  4.6176470588e+2
6.2762762763e+2  4.4607843137e+2
6.2762762763e+2  4.3235294118e+2
6.2762762763e+2  5.0098039216e+2
6.3363363363e+2  4.9705882353e+2
6.3363363363e+2  4.5098039216e+2
6.3363363363e+2  5.1764705882e+2
6.3363363363e+2  5.2254901961e+2
6.3963963964e+2  5.1078431373e+2
6.3963963964e+2  4.8823529412e+2
6.3963963964e+2  5.2352941176e+2
6.4564564565e+2  4.7941176471e+2
6.5165165165e+2  5.1078431373e+2
6.5765765766e+2  5.5686274510e+2
6.5765765766e+2  4.7254901961e+2
6.5765765766e+2  5.2058823529e+2
6.5765765766e+2  4.6078431373e+2
6.5765765766e+2  4.9509803922e+2
6.6366366366e+2  5.9803921569e+2
6.6366366366e+2  5.5588235294e+2
6.6366366366e+2  5.2058823529e+2
6.6366366366e+2  4.9607843137e+2
6.6966966967e+2  5.5686274510e+2
9.2192192192e+2  6.5882352941e+2
9.2192192192e+2  6.9607843137e+2
9.2792792793e+2  6.7156862745e+2
9.2792792793e+2  6.7450980392e+2
9.2792792793e+2  6.6568627451e+2
9.2792792793e+2  6.6764705882e+2
9.2792792793e+2  6.8137254902e+2
9.2792792793e+2  6.6274509804e+2
9.3393393393e+2  6.8921568627e+2
9.3393393393e+2  6.9215686275e+2
9.3393393393e+2  6.9509803922e+2
9.3393393393e+2  6.8529411765e+2
9.3393393393e+2  6.7745098039e+2
9.3993993994e+2  6.6862745098e+2
9.4594594595e+2  6.8137254902e+2
1.1681681682e+3  7.6862745098e+2
1.1681681682e+3  7.7156862745e+2
1.1741741742e+3  7.6470588235e+2
1.1741741742e+3  7.7352941176e+2
1.1741741742e+3  7.7745098039e+2
1.1801801802e+3  7.8039215686e+2
1.1801801802e+3  7.9313725490e+2
1.1861861862e+3  7.8529411765e+2
1.1861861862e+3  7.8921568627e+2
1.1861861862e+3  7.6764705882e+2
1.1921921922e+3  7.9607843137e+2
1.1921921922e+3  7.7058823529e+2
1.1981981982e+3  7.7647058824e+2
1.1981981982e+3  7.9901960784e+2
1.1981981982e+3  7.7352941176e+2
1.1981981982e+3  7.9215686275e+2
1.1981981982e+3  7.7941176471e+2
1.1981981982e+3  7.8235294118e+2
1.2042042042e+3  8.0392156863e+2
1.2102102102e+3  7.9509803922e+2
1.2162162162e+3  8.0980392157e+2
1.2222222222e+3  8.0588235294e+2
1.2222222222e+3  7.9705882353e+2
1.2282282282e+3  8.1176470588e+2
1.2282282282e+3  8.0196078431e+2
1.3303303303e+3  7.3137254902e+2
1.3303303303e+3  7.3921568627e+2
1.3303303303e+3  7.3431372549e+2
1.3363363363e+3  7.3235294118e+2
1.3363363363e+3  7.2843137255e+2
1.3423423423e+3  7.2156862745e+2
1.3423423423e+3  7.4215686275e+2
1.3483483483e+3  7.2549019608e+2
1.3483483483e+3  7.3921568627e+2
1.3543543544e+3  6.9901960784e+2
1.3543543544e+3  7.0980392157e+2
1.3543543544e+3  7.1372549020e+2
1.3543543544e+3  7.3529411765e+2
1.3543543544e+3  7.0294117647e+2
1.3603603604e+3  7.1960784314e+2
1.3603603604e+3  7.3333333333e+2
1.3603603604e+3  7.3137254902e+2
1.3603603604e+3  7.4117647059e+2
1.3663663664e+3  7.2843137255e+2
1.3783783784e+3  7.1470588235e+2
1.3783783784e+3  7.3627450980e+2
1.3783783784e+3  7.3921568627e+2
1.3783783784e+3  7.1862745098e+2
1.3843843844e+3  7.2450980392e+2
1.3843843844e+3  7.3039215686e+2
1.3843843844e+3  7.2058823529e+2
1.3843843844e+3  7.4215686275e+2
1.3903903904e+3  7.4607843137e+2
1.3903903904e+3  7.6568627451e+2
1.3963963964e+3  7.2941176471e+2
1.3963963964e+3  7.3333333333e+2
1.3963963964e+3  7.6176470588e+2
1.3963963964e+3  7.4019607843e+2
1.3963963964e+3  7.2549019608e+2
1.4084084084e+3  7.6960784314e+2
1.4084084084e+3  7.4411764706e+2
1.4084084084e+3  7.6568627451e+2
1.4084084084e+3  7.3431372549e+2
1.4084084084e+3  7.5000000000e+2
1.4084084084e+3  7.5294117647e+2
1.4144144144e+3  7.3823529412e+2
1.4144144144e+3  7.7156862745e+2
1.4204204204e+3  7.7647058824e+2
1.4264264264e+3  7.6176470588e+2
1.4264264264e+3  7.4705882353e+2
1.4264264264e+3  7.6568627451e+2
1.4264264264e+3  7.3823529412e+2
1.4264264264e+3  7.6960784314e+2
1.4264264264e+3  7.3431372549e+2
1.4324324324e+3  7.4313725490e+2
1.4324324324e+3  7.7941176471e+2
1.4324324324e+3  7.5000000000e+2
1.4384384384e+3  7.5392156863e+2
1.4384384384e+3  7.7254901961e+2
1.4444444444e+3  7.7647058824e+2
1.4444444444e+3  7.6960784314e+2
1.4444444444e+3  7.3823529412e+2
1.4504504505e+3  7.6372549020e+2
1.4564564565e+3  7.6666666667e+2
1.4564564565e+3  7.5784313725e+2
1.4624624625e+3  7.7549019608e+2
1.4684684685e+3  7.7156862745e+2
1.4684684685e+3  7.8529411765e+2
1.4684684685e+3  7.7941176471e+2
1.4744744745e+3  7.6470588235e+2
1.4744744745e+3  7.8725490196e+2
1.4804804805e+3  7.9019607843e+2
1.4864864865e+3  7.7254901961e+2
1.4864864865e+3  7.6764705882e+2
1.4864864865e+3  5.6274509804e+2
1.4864864865e+3  7.7549019608e+2
1.4924924925e+3  5.5294117647e+2
1.4924924925e+3  7.9411764706e+2
1.4924924925e+3  5.1862745098e+2
1.4924924925e+3  5.6666666667e+2
1.4924924925e+3  5.5882352941e+2
1.4984984985e+3  5.7156862745e+2
1.4984984985e+3  5.5392156863e+2
1.4984984985e+3  5.7647058824e+2
1.4984984985e+3  5.5000000000e+2
1.5045045045e+3  7.8137254902e+2
1.5045045045e+3  7.8921568627e+2
1.5045045045e+3  5.8627450980e+2
1.5105105105e+3  5.4705882353e+2
1.5105105105e+3  5.6078431373e+2
1.5165165165e+3  5.6862745098e+2
1.5165165165e+3  5.6470588235e+2
1.5225225225e+3  7.9313725490e+2
1.5225225225e+3  6.1176470588e+2
1.5225225225e+3  5.7843137255e+2
1.5225225225e+3  5.1960784314e+2
1.5225225225e+3  5.5784313725e+2
1.5225225225e+3  5.7352941176e+2
1.5225225225e+3  7.6960784314e+2
1.5285285285e+3  5.2352941176e+2
1.5345345345e+3  5.6176470588e+2
1.5345345345e+3  6.1862745098e+2
1.5345345345e+3  6.1568627451e+2
1.5345345345e+3  5.4803921569e+2
1.5405405405e+3  5.8823529412e+2
1.5405405405e+3  5.6862745098e+2
1.5405405405e+3  7.8431372549e+2
1.5405405405e+3  6.1078431373e+2
1.5405405405e+3  5.3921568627e+2
1.5465465465e+3  5.6568627451e+2
1.5465465465e+3  6.2156862745e+2
1.5465465465e+3  5.7352941176e+2
1.5525525526e+3  5.9803921569e+2
1.5525525526e+3  5.9313725490e+2
1.5525525526e+3  5.7745098039e+2
1.5525525526e+3  5.8627450980e+2
1.5525525526e+3  5.4705882353e+2
1.5585585586e+3  5.6764705882e+2
1.5585585586e+3  6.2058823529e+2
1.5585585586e+3  5.6176470588e+2
1.5645645646e+3  6.0392156863e+2
1.5645645646e+3  5.7352941176e+2
1.5645645646e+3  5.3039215686e+2
1.5645645646e+3  6.0980392157e+2
1.5645645646e+3  6.2450980392e+2
1.5705705706e+3  5.5392156863e+2
1.5705705706e+3  5.5196078431e+2
1.5765765766e+3  5.9705882353e+2
1.5765765766e+3  5.4509803922e+2
1.5765765766e+3  5.5784313725e+2
1.5765765766e+3  5.8823529412e+2
1.5765765766e+3  5.9313725490e+2
1.5765765766e+3  5.6666666667e+2
1.5765765766e+3  5.7647058824e+2
1.5765765766e+3  5.7254901961e+2
1.5765765766e+3  5.4803921569e+2
1.5765765766e+3  6.0098039216e+2
1.5825825826e+3  6.2843137255e+2
1.5825825826e+3  6.0686274510e+2
1.5825825826e+3  5.2647058824e+2
1.5825825826e+3  5.6176470588e+2
1.5825825826e+3  5.8039215686e+2
1.5885885886e+3  6.0294117647e+2
1.5885885886e+3  7.1764705882e+2
1.5885885886e+3  6.1176470588e+2
1.5885885886e+3  7.2352941176e+2
1.5885885886e+3  7.3137254902e+2
1.5885885886e+3  5.7156862745e+2
1.5885885886e+3  6.3137254902e+2
1.5885885886e+3  5.4313725490e+2
1.5945945946e+3  7.0784313725e+2
1.5945945946e+3  7.1372549020e+2
1.5945945946e+3  5.1568627451e+2
1.5945945946e+3  5.9705882353e+2
1.5945945946e+3  7.3627450980e+2
1.5945945946e+3  5.7647058824e+2
1.6006006006e+3  5.9215686275e+2
1.6006006006e+3  7.4019607843e+2
1.6006006006e+3  5.7058823529e+2
1.6006006006e+3  5.6568627451e+2
1.6006006006e+3  7.3039215686e+2
1.6006006006e+3  5.8823529412e+2
1.6006006006e+3  7.3333333333e+2
1.6066066066e+3  6.1274509804e+2
1.6066066066e+3  6.0882352941e+2
1.6066066066e+3  5.6176470588e+2
1.6066066066e+3  6.0392156863e+2
1.6126126126e+3  7.4705882353e+2
1.6126126126e+3  5.8039215686e+2
1.6126126126e+3  5.7450980392e+2
1.6126126126e+3  7.4313725490e+2
1.6126126126e+3  5.9901960784e+2
1.6126126126e+3  5.9313725490e+2
1.6186186186e+3  7.1176470588e+2
1.6186186186e+3  7.1568627451e+2
1.6186186186e+3  6.0882352941e+2
1.6246246246e+3  6.0392156863e+2
1.6246246246e+3  7.5098039216e+2
1.6246246246e+3  7.4901960784e+2
1.6246246246e+3  5.7352941176e+2
1.6306306306e+3  7.4411764706e+2
1.6306306306e+3  5.9901960784e+2
1.6306306306e+3  5.8137254902e+2
1.6306306306e+3  7.5294117647e+2
1.6306306306e+3  5.7647058824e+2
1.6306306306e+3  7.1372549020e+2
1.6426426426e+3  7.1764705882e+2
1.6426426426e+3  7.5392156863e+2
1.6486486486e+3  7.5882352941e+2
1.6486486486e+3  7.4705882353e+2
1.6546546547e+3  7.6274509804e+2
1.6546546547e+3  7.5000000000e+2
1.6666666667e+3  7.6568627451e+2
1.6726726727e+3  7.6176470588e+2
1.6786786787e+3  7.5882352941e+2
1.6786786787e+3  7.6862745098e+2
1.6786786787e+3  7.7549019608e+2
1.6846846847e+3  7.7254901961e+2
1.6846846847e+3  7.8823529412e+2
1.6846846847e+3  7.6568627451e+2
1.6906906907e+3  7.7254901961e+2
1.6906906907e+3  7.8529411765e+2
1.6966966967e+3  7.9215686275e+2
1.6966966967e+3  7.7549019608e+2
1.6966966967e+3  7.7843137255e+2
1.6966966967e+3  7.7058823529e+2
1.7027027027e+3  7.8921568627e+2
1.7027027027e+3  7.8235294118e+2
1.7087087087e+3  7.9705882353e+2
1.7147147147e+3  7.9411764706e+2
1.7147147147e+3  7.8725490196e+2
1.7207207207e+3  7.9901960784e+2
1.7207207207e+3  7.7745098039e+2
1.7207207207e+3  7.8235294118e+2
1.7267267267e+3  7.9313725490e+2
1.7327327327e+3  7.9019607843e+2
1.7327327327e+3  7.9705882353e+2
1.7387387387e+3  7.6568627451e+2
1.7387387387e+3  7.8725490196e+2
1.7387387387e+3  7.8235294118e+2
1.7387387387e+3  7.7647058824e+2
1.7447447447e+3  7.5588235294e+2
1.7507507508e+3  7.6960784314e+2
1.7567567568e+3  7.5882352941e+2
1.7567567568e+3  7.6176470588e+2
1.7567567568e+3  7.7647058824e+2
1.7567567568e+3  7.7254901961e+2
1.7627627628e+3  7.8039215686e+2
1.7627627628e+3  7.5588235294e+2
1.7627627628e+3  7.7450980392e+2
1.7627627628e+3  7.6666666667e+2
1.7687687688e+3  7.6960784314e+2
1.7687687688e+3  7.6078431373e+2
1.7747747748e+3  7.7745098039e+2
1.7747747748e+3  7.5294117647e+2
1.7747747748e+3  7.6470588235e+2
1.7807807808e+3  6.4803921569e+2
1.7807807808e+3  7.8333333333e+2
1.7807807808e+3  7.5784313725e+2
1.7867867868e+3  7.7058823529e+2
1.7867867868e+3  7.7352941176e+2
1.7867867868e+3  7.6666666667e+2
1.7867867868e+3  7.7941176471e+2
1.7867867868e+3  6.5588235294e+2
1.7867867868e+3  6.5196078431e+2
1.7927927928e+3  7.8431372549e+2
1.7927927928e+3  7.5490196078e+2
1.7927927928e+3  6.4313725490e+2
1.7987987988e+3  7.8627450980e+2
1.7987987988e+3  7.7745098039e+2
1.8048048048e+3  6.4901960784e+2
1.8048048048e+3  6.5882352941e+2
1.8048048048e+3  7.8235294118e+2
1.8048048048e+3  6.5392156863e+2
1.8108108108e+3  6.6274509804e+2
1.8168168168e+3  6.5000000000e+2
1.8168168168e+3  6.4411764706e+2
1.8168168168e+3  7.8039215686e+2
1.8228228228e+3  6.5588235294e+2
1.8288288288e+3  7.8137254902e+2
1.8288288288e+3  6.5784313725e+2
1.8288288288e+3  6.6470588235e+2
1.8348348348e+3  6.5196078431e+2
1.8348348348e+3  6.6862745098e+2
1.8348348348e+3  6.4313725490e+2
1.8408408408e+3  6.6078431373e+2
1.8408408408e+3  6.7254901961e+2
1.8408408408e+3  6.4705882353e+2
1.8468468468e+3  6.6764705882e+2
1.8468468468e+3  6.7549019608e+2
1.8468468468e+3  6.5588235294e+2
1.8528528529e+3  6.4019607843e+2
1.8528528529e+3  7.7941176471e+2
1.8528528529e+3  6.6470588235e+2
1.8588588589e+3  6.7058823529e+2
1.8588588589e+3  6.4411764706e+2
1.8588588589e+3  6.7941176471e+2
1.8648648649e+3  6.8725490196e+2
1.8648648649e+3  6.6078431373e+2
1.8648648649e+3  6.7450980392e+2
1.8648648649e+3  6.5196078431e+2
1.8648648649e+3  6.4803921569e+2
1.8708708709e+3  6.7745098039e+2
1.8708708709e+3  6.6960784314e+2
1.8708708709e+3  6.5588235294e+2
1.8708708709e+3  6.8431372549e+2
1.8768768769e+3  6.6078431373e+2
1.8828828829e+3  6.6372549020e+2
1.8828828829e+3  6.4509803922e+2
1.8828828829e+3  6.8137254902e+2
1.8888888889e+3  6.8725490196e+2
1.8888888889e+3  6.6764705882e+2
1.8888888889e+3  6.7058823529e+2
1.8948948949e+3  6.7352941176e+2
1.8948948949e+3  6.7843137255e+2
1.9009009009e+3  6.8529411765e+2
1.9009009009e+3  6.9117647059e+2
1.9009009009e+3  6.8137254902e+2
1.9129129129e+3  6.7941176471e+2
1.9129129129e+3  6.8725490196e+2
1.9189189189e+3  6.9313725490e+2
1.9249249249e+3  6.8823529412e+2
1.9369369369e+3  6.9705882353e+2
1.9489489489e+3  7.0784313725e+2
1.9489489489e+3  6.9901960784e+2
1.9489489489e+3  7.0392156863e+2
1.9669669670e+3  7.0686274510e+2
1.9669669670e+3  6.5000000000e+2
1.9729729730e+3  6.5294117647e+2
1.9729729730e+3  6.4607843137e+2
1.9729729730e+3  7.0392156863e+2
1.9789789790e+3  6.5490196078e+2
1.9789789790e+3  7.0294117647e+2
1.9849849850e+3  6.5588235294e+2
1.9969969970e+3  7.5196078431e+2
1.9969969970e+3  7.3235294118e+2
1.9969969970e+3  7.6470588235e+2
2.0030030030e+3  7.6078431373e+2
2.0030030030e+3  6.5686274510e+2
2.0030030030e+3  6.6078431373e+2
2.0090090090e+3  7.4117647059e+2
2.0090090090e+3  7.3333333333e+2
2.0150150150e+3  7.5784313725e+2
2.0150150150e+3  7.3627450980e+2
2.0150150150e+3  7.5392156863e+2
2.0210210210e+3  6.5784313725e+2
2.0210210210e+3  7.7058823529e+2
2.0210210210e+3  7.5098039216e+2
2.0210210210e+3  7.4803921569e+2
2.0270270270e+3  6.9411764706e+2
2.0270270270e+3  7.6470588235e+2
2.0330330330e+3  7.6176470588e+2
2.0330330330e+3  6.9607843137e+2
2.0330330330e+3  7.3921568627e+2
2.0330330330e+3  6.6274509804e+2
2.0330330330e+3  7.3627450980e+2
2.0330330330e+3  7.6862745098e+2
2.0390390390e+3  6.9411764706e+2
2.0390390390e+3  7.5000000000e+2
2.0390390390e+3  7.4313725490e+2
2.0390390390e+3  7.0000000000e+2
2.0390390390e+3  7.7352941176e+2
2.0390390390e+3  7.5392156863e+2
2.0450450450e+3  6.6666666667e+2
2.0450450450e+3  7.5784313725e+2
2.0450450450e+3  7.4607843137e+2
2.0510510511e+3  6.6862745098e+2
2.0510510511e+3  6.8627450980e+2
2.0570570571e+3  7.6764705882e+2
2.0570570571e+3  7.7352941176e+2
2.0570570571e+3  7.4313725490e+2
2.0570570571e+3  7.5784313725e+2
2.0570570571e+3  7.7058823529e+2
2.0570570571e+3  6.9705882353e+2
2.0570570571e+3  7.5196078431e+2
2.0570570571e+3  7.6470588235e+2
2.0630630631e+3  7.0000000000e+2
2.0630630631e+3  7.6176470588e+2
2.0690690691e+3  7.4411764706e+2
2.0690690691e+3  7.4803921569e+2
2.0750750751e+3  7.5490196078e+2
2.0810810811e+3  7.6568627451e+2
2.0810810811e+3  7.5196078431e+2
2.0810810811e+3  7.6764705882e+2
2.0810810811e+3  7.7647058824e+2
2.0810810811e+3  7.7156862745e+2
2.0870870871e+3  7.5980392157e+2
2.0930930931e+3  8.1176470588e+2
2.0930930931e+3  7.5294117647e+2
2.1051051051e+3  8.0784313725e+2
2.1051051051e+3  7.6568627451e+2
2.1051051051e+3  8.0490196078e+2
2.1051051051e+3  8.0000000000e+2
2.1051051051e+3  7.6862745098e+2
2.1111111111e+3  7.7647058824e+2
2.1111111111e+3  7.7549019608e+2
2.1111111111e+3  7.7352941176e+2
2.1111111111e+3  8.1078431373e+2
2.1171171171e+3  7.6862745098e+2
2.1171171171e+3  8.0098039216e+2
2.1231231231e+3  8.1470588235e+2
2.1291291291e+3  7.2843137255e+2
2.1291291291e+3  7.3725490196e+2
2.1351351351e+3  8.0588235294e+2
2.1351351351e+3  8.0784313725e+2
2.1351351351e+3  7.9901960784e+2
2.1351351351e+3  7.9411764706e+2
2.1351351351e+3  7.3921568627e+2
2.1411411411e+3  8.1176470588e+2
2.1411411411e+3  7.4215686275e+2
2.1471471471e+3  7.2745098039e+2
2.1471471471e+3  8.0392156863e+2
2.1471471471e+3  8.1666666667e+2
2.1591591592e+3  7.9705882353e+2
2.1651651652e+3  8.0000000000e+2
2.1651651652e+3  8.0490196078e+2
2.1651651652e+3  8.0980392157e+2
2.1711711712e+3  8.1764705882e+2
2.1711711712e+3  8.1274509804e+2
2.1771771772e+3  7.5000000000e+2
2.1831831832e+3  8.0000000000e+2
2.1831831832e+3  7.7254901961e+2
2.1831831832e+3  7.4607843137e+2
2.1891891892e+3  8.0686274510e+2
2.1891891892e+3  8.0392156863e+2
2.1951951952e+3  7.5686274510e+2
2.1951951952e+3  8.1568627451e+2
2.1951951952e+3  8.0000000000e+2
2.1951951952e+3  7.5490196078e+2
2.1951951952e+3  8.0980392157e+2
2.2012012012e+3  8.1274509804e+2
2.2012012012e+3  7.7450980392e+2
2.2072072072e+3  8.0686274510e+2
2.2072072072e+3  8.0294117647e+2
2.2072072072e+3  7.6764705882e+2
2.2132132132e+3  8.0980392157e+2
2.2132132132e+3  8.1764705882e+2
2.2192192192e+3  7.7254901961e+2
2.2192192192e+3  8.1274509804e+2
2.2192192192e+3  7.6764705882e+2
2.2252252252e+3  8.0490196078e+2
2.2312312312e+3  7.6666666667e+2
2.2372372372e+3  7.7058823529e+2
2.2372372372e+3  7.7450980392e+2
2.2552552553e+3  7.7843137255e+2
2.2612612613e+3  7.7254901961e+2
2.2672672673e+3  7.8235294118e+2
2.2732732733e+3  7.7843137255e+2
2.2732732733e+3  7.7450980392e+2
2.2792792793e+3  8.0980392157e+2
2.2852852853e+3  8.0490196078e+2
2.2852852853e+3  8.1274509804e+2
2.2972972973e+3  8.0588235294e+2
2.2972972973e+3  8.1078431373e+2
2.3033033033e+3  8.1274509804e+2
2.3153153153e+3  8.4313725490e+2
2.3213213213e+3  8.0882352941e+2
2.3213213213e+3  8.2058823529e+2
2.3213213213e+3  8.0490196078e+2
2.3213213213e+3  8.2647058824e+2
2.3273273273e+3  8.4803921569e+2
2.3273273273e+3  8.4705882353e+2
2.3273273273e+3  8.1666666667e+2
2.3273273273e+3  8.3725490196e+2
2.3333333333e+3  7.9901960784e+2
2.3333333333e+3  8.3333333333e+2
2.3333333333e+3  8.0490196078e+2
2.3393393393e+3  8.4019607843e+2
2.3513513514e+3  8.3823529412e+2
2.3513513514e+3  8.4607843137e+2
2.3513513514e+3  8.0098039216e+2
2.3573573574e+3  8.3921568627e+2
2.3573573574e+3  8.1960784314e+2
2.3573573574e+3  8.3137254902e+2
2.3633633634e+3  8.4215686275e+2
2.3693693694e+3  8.2941176471e+2
2.3693693694e+3  8.3529411765e+2
2.3693693694e+3  8.2058823529e+2
2.3753753754e+3  8.5392156863e+2
2.3873873874e+3  8.5196078431e+2
2.3873873874e+3  8.2058823529e+2
2.3933933934e+3  8.4117647059e+2
2.3993993994e+3  8.4509803922e+2
2.4054054054e+3  8.5098039216e+2
2.4114114114e+3  8.1764705882e+2
2.4174174174e+3  8.2156862745e+2
2.4174174174e+3  8.1176470588e+2
2.4174174174e+3  8.4509803922e+2
2.4234234234e+3  8.5294117647e+2
2.4234234234e+3  8.1372549020e+2
2.4294294294e+3  8.4901960784e+2
2.4414414414e+3  8.1666666667e+2
2.4474474474e+3  8.5686274510e+2
2.4474474474e+3  8.6078431373e+2
2.4714714715e+3  8.6372549020e+2
2.9159159159e+3  8.2156862745e+2
2.9159159159e+3  8.2843137255e+2
2.9279279279e+3  8.2843137255e+2
2.9399399399e+3  8.2254901961e+2
2.9459459459e+3  8.3137254902e+2
2.9519519520e+3  8.2156862745e+2
2.9519519520e+3  8.2745098039e+2
2.9639639640e+3  8.3529411765e+2
2.9699699700e+3  8.2745098039e+2
2.9759759760e+3  8.2941176471e+2
2.9759759760e+3  8.2549019608e+2
2.9819819820e+3  8.2647058824e+2
2.9819819820e+3  8.2058823529e+2
2.9879879880e+3  8.3333333333e+2
3.0060060060e+3  8.2058823529e+2
3.0060060060e+3  8.2549019608e+2
3.0120120120e+3  8.2745098039e+2
3.0120120120e+3  8.3039215686e+2
3.0240240240e+3  8.4313725490e+2
3.0240240240e+3  8.4901960784e+2
3.0240240240e+3  8.4607843137e+2
3.0300300300e+3  8.8137254902e+2
3.0300300300e+3  8.2352941176e+2
3.0360360360e+3  8.3039215686e+2
3.0420420420e+3  8.2647058824e+2
3.0540540541e+3  8.4607843137e+2
3.0600600601e+3  8.5000000000e+2
3.0600600601e+3  8.6568627451e+2
3.0780780781e+3  8.4607843137e+2
3.0840840841e+3  8.5000000000e+2
3.0840840841e+3  8.6764705882e+2
3.0840840841e+3  8.6274509804e+2
3.0900900901e+3  8.3137254902e+2
3.0960960961e+3  8.8039215686e+2
3.0960960961e+3  8.6274509804e+2
3.1021021021e+3  8.6568627451e+2
3.1021021021e+3  8.9019607843e+2
3.1081081081e+3  8.4705882353e+2
3.1081081081e+3  8.8431372549e+2
3.1081081081e+3  8.7647058824e+2
3.1201201201e+3  8.8823529412e+2
3.1261261261e+3  8.6078431373e+2
3.1261261261e+3  8.8137254902e+2
3.1261261261e+3  8.5686274510e+2
3.1261261261e+3  8.7549019608e+2
3.1261261261e+3  8.4509803922e+2
3.1261261261e+3  8.5098039216e+2
3.1321321321e+3  8.6568627451e+2
3.1381381381e+3  8.7254901961e+2
3.1441441441e+3  8.4803921569e+2
3.1441441441e+3  8.8431372549e+2
3.1501501502e+3  8.6960784314e+2
3.1501501502e+3  8.8039215686e+2
3.1501501502e+3  8.8921568627e+2
3.1501501502e+3  8.5392156863e+2
3.1801801802e+3  8.8823529412e+2
