    9.53744E-02    8.53317E+02    7.95884E-02    1.11160E-01
    1.09376E-01    8.93243E+02    9.12725E-02    1.27479E-01
    1.09376E-01    9.11671E+02    9.12725E-02    1.27479E-01
    1.13002E-01    8.99386E+02    9.42984E-02    1.31706E-01
    1.16748E-01    9.14742E+02    9.74246E-02    1.36072E-01
    1.17512E-01    8.90172E+02    9.80622E-02    1.36962E-01
    1.15235E-01    8.41032E+02    9.61619E-02    1.34308E-01
    1.30439E-01    9.30098E+02    1.08850E-01    1.52029E-01
    1.45736E-01    9.42383E+02    1.21615E-01    1.69858E-01
    1.45736E-01    9.51597E+02    1.21615E-01    1.69858E-01
    1.47650E-01    1.01302E+03    1.23212E-01    1.72088E-01
    1.49589E-01    1.02224E+03    1.24829E-01    1.74348E-01
    1.51553E-01    9.79238E+02    1.26469E-01    1.76638E-01
    1.56577E-01    9.97666E+02    1.30661E-01    1.82493E-01
    1.59672E-01    1.00688E+03    1.33243E-01    1.86100E-01
    1.68451E-02    7.41885E+02    0.00000E+00    0.00000E+00
    1.91582E-02    7.03699E+02    0.00000E+00    0.00000E+00
    1.98852E-02    8.91766E+02    0.00000E+00    0.00000E+00
    2.00178E-02    8.23031E+02    0.00000E+00    0.00000E+00
    2.09086E-02    8.71718E+02    0.00000E+00    0.00000E+00
    2.14685E-02    7.77208E+02    0.00000E+00    0.00000E+00
    2.20546E-02    8.22076E+02    0.00000E+00    0.00000E+00
    2.32227E-02    7.05609E+02    0.00000E+00    0.00000E+00
    2.35037E-02    8.12530E+02    0.00000E+00    0.00000E+00
    2.39522E-02    8.15394E+02    0.00000E+00    0.00000E+00
    2.42304E-02    9.22315E+02    0.00000E+00    0.00000E+00
    2.43748E-02    7.72434E+02    0.00000E+00    0.00000E+00
    2.51053E-02    8.75537E+02    0.00000E+00    0.00000E+00
    2.52541E-02    7.31384E+02    0.00000E+00    0.00000E+00
    2.64154E-02    7.24702E+02    0.00000E+00    0.00000E+00
    2.65496E-02    7.73389E+02    0.00000E+00    0.00000E+00
    2.69988E-02    7.16110E+02    0.00000E+00    0.00000E+00
    2.71391E-02    7.43795E+02    0.00000E+00    0.00000E+00
    2.72862E-02    8.19212E+02    0.00000E+00    0.00000E+00
    2.88777E-02    9.03222E+02    0.00000E+00    0.00000E+00
    2.90268E-02    7.42840E+02    0.00000E+00    0.00000E+00
    2.93132E-02    7.93437E+02    0.00000E+00    0.00000E+00
    2.94600E-02    8.97494E+02    0.00000E+00    0.00000E+00
    3.06159E-02    8.86038E+02    0.00000E+00    0.00000E+00
    3.17898E-02    6.93198E+02    0.00000E+00    0.00000E+00
    3.20796E-02    7.58115E+02    0.00000E+00    0.00000E+00
    3.29422E-02    9.39499E+02    0.00000E+00    0.00000E+00
    3.29545E-02    6.76014E+02    0.00000E+00    0.00000E+00
    3.32283E-02    8.43079E+02    0.00000E+00    0.00000E+00
    3.33812E-02    7.31384E+02    0.00000E+00    0.00000E+00
    3.35273E-02    9.18496E+02    0.00000E+00    0.00000E+00
    3.42527E-02    9.06086E+02    0.00000E+00    0.00000E+00
    3.45401E-02    9.16587E+02    0.00000E+00    0.00000E+00
    3.46889E-02    6.91289E+02    0.00000E+00    0.00000E+00
    3.48255E-02    7.57160E+02    0.00000E+00    0.00000E+00
    3.49757E-02    7.13246E+02    0.00000E+00    0.00000E+00
    3.49801E-02    9.00358E+02    0.00000E+00    0.00000E+00
    3.70105E-02    8.28759E+02    0.00000E+00    0.00000E+00
    3.71535E-02    7.90573E+02    0.00000E+00    0.00000E+00
    3.94748E-02    9.28998E+02    0.00000E+00    0.00000E+00
    4.03459E-02    8.23986E+02    0.00000E+00    0.00000E+00
    4.06405E-02    8.54535E+02    0.00000E+00    0.00000E+00
    4.16520E-02    8.08711E+02    0.00000E+00    0.00000E+00
    4.36800E-02    9.00358E+02    0.00000E+00    0.00000E+00
    4.67338E-02    8.50716E+02    0.00000E+00    0.00000E+00
    4.73161E-02    7.96301E+02    0.00000E+00    0.00000E+00
    4.76018E-02    6.59785E+02    0.00000E+00    0.00000E+00
    5.19562E-02    6.32100E+02    0.00000E+00    0.00000E+00
    5.51486E-02    8.27804E+02    0.00000E+00    0.00000E+00
    6.19666E-02    8.87947E+02    0.00000E+00    0.00000E+00
    6.31272E-02    8.75537E+02    0.00000E+00    0.00000E+00
