    7.19015E+36    5.98281E+16    3.53307E+06    2.76803E+02    4.38791E-02   -4.23957E-02
    7.63490E+36    6.35288E+16    3.47300E+06    2.84015E+02    4.49910E-02   -3.00100E-02
    7.85728E+36    6.53791E+16    3.44462E+06    2.87531E+02    4.19834E-02   -2.27754E-02
    8.15378E+36    6.78463E+16    3.40836E+06    2.92132E+02    3.89398E-02   -1.57640E-02
    1.54922E+37    1.28908E+17    2.83728E+06    3.84632E+02    8.62283E-02    5.43072E-02
    1.55663E+37    1.29525E+17    2.83341E+06    3.85420E+02    8.29735E-02    5.23710E-02
    1.51957E+37    1.26441E+17    2.85299E+06    3.81460E+02    7.81678E-02    4.77067E-02
    1.53439E+37    1.27674E+17    2.84508E+06    3.83050E+02    7.72555E-02    4.76693E-02
    1.63076E+37    1.35693E+17    2.79600E+06    3.93181E+02    8.02595E-02    5.31224E-02
    1.67523E+37    1.39393E+17    2.77459E+06    3.97741E+02    8.08261E-02    5.49500E-02
    9.45730E+37    7.86927E+17    1.69211E+06    8.35131E+02    4.95913E-01    6.25261E-01
    9.46795E+37    7.87813E+17    1.69157E+06    8.35534E+02    5.42587E-01    6.94870E-01
    9.45023E+37    7.86338E+17    1.69247E+06    8.34863E+02    5.26488E-01    6.70595E-01
    9.49545E+37    7.90101E+17    1.69017E+06    8.36573E+02    5.80166E-01    7.52653E-01
    9.46938E+37    7.87932E+17    1.69149E+06    8.35588E+02    5.47365E-01    7.02131E-01
    9.45980E+37    7.87135E+17    1.69198E+06    8.35225E+02    4.84062E-01    6.07960E-01
    9.47260E+37    7.88200E+17    1.69133E+06    8.35710E+02    5.03969E-01    6.37109E-01
