    4.86286E+36    4.00985E+16    1.55472E+06    9.48241E+02    2.37676E-01    2.40975E-01
    4.58560E+36    3.78123E+16    1.58102E+06    9.24681E+02    2.02016E-01    2.05359E-01
    2.50000E+36    2.06147E+16    1.88023E+06    7.12988E+02    1.81557E-01    1.80374E-01
    2.90466E+36    2.39515E+16    1.80134E+06    7.60337E+02    1.73294E-01    1.73639E-01
    5.09005E+36    4.19719E+16    1.53457E+06    9.66979E+02    2.14175E-01    2.18075E-01
    5.22460E+36    4.30814E+16    1.52317E+06    9.77853E+02    1.96325E-01    2.00541E-01
    7.00700E+36    5.77789E+16    1.40064E+06    1.10894E+03    2.38023E-01    2.43614E-01
    7.47930E+36    6.16734E+16    1.37478E+06    1.14038E+03    2.49975E-01    2.55809E-01
    7.62710E+36    6.28921E+16    1.36712E+06    1.14998E+03    2.49830E-01    2.55774E-01
    7.98343E+36    6.58303E+16    1.34940E+06    1.17271E+03    2.43876E-01    2.50126E-01
