    7.19015E+36    5.92891E+16    3.48768E+06    2.82223E+02    3.13835E-02   -4.69279E-02
    7.63490E+36    6.29565E+16    3.42839E+06    2.89577E+02    3.31363E-02   -3.71816E-02
    7.85728E+36    6.47901E+16    3.40038E+06    2.93162E+02    3.18793E-02   -3.09725E-02
    8.15378E+36    6.72350E+16    3.36458E+06    2.97853E+02    3.05332E-02   -2.44871E-02
    1.54922E+37    1.27747E+17    2.80083E+06    3.92164E+02    6.68928E-02    3.04240E-02
    1.55663E+37    1.28358E+17    2.79702E+06    3.92967E+02    6.50098E-02    2.98424E-02
    1.51957E+37    1.25302E+17    2.81634E+06    3.88929E+02    6.18430E-02    2.70394E-02
    1.53439E+37    1.26524E+17    2.80854E+06    3.90551E+02    6.13792E-02    2.73836E-02
    1.63076E+37    1.34470E+17    2.76008E+06    4.00880E+02    6.38289E-02    3.18327E-02
    1.67523E+37    1.38137E+17    2.73895E+06    4.05530E+02    6.44355E-02    3.35250E-02
    9.45730E+37    7.79837E+17    1.67038E+06    8.51484E+02    2.51603E-01    2.53781E-01
    9.46795E+37    7.80716E+17    1.66984E+06    8.51895E+02    2.62629E-01    2.64213E-01
    9.45023E+37    7.79254E+17    1.67073E+06    8.51211E+02    2.58909E-01    2.60658E-01
    9.49545E+37    7.82983E+17    1.66846E+06    8.52955E+02    2.70849E-01    2.72030E-01
    9.46938E+37    7.80833E+17    1.66977E+06    8.51950E+02    2.63702E-01    2.65228E-01
    9.45980E+37    7.80044E+17    1.67025E+06    8.51581E+02    2.48645E-01    2.50992E-01
    9.47260E+37    7.81099E+17    1.66960E+06    8.52074E+02    2.53611E-01    2.55716E-01
