    2.87606E-02    6.40588E+02    0.00000E+00    0.00000E+00
    3.05396E-02    6.73529E+02    0.00000E+00    0.00000E+00
    3.14291E-02    7.17451E+02    0.00000E+00    0.00000E+00
    3.26151E-02    7.72353E+02    0.00000E+00    0.00000E+00
    6.19687E-02    7.94314E+02    0.00000E+00    0.00000E+00
    6.22652E-02    8.12353E+02    0.00000E+00    0.00000E+00
    6.07827E-02    8.27255E+02    0.00000E+00    0.00000E+00
    6.13757E-02    8.36667E+02    0.00000E+00    0.00000E+00
    6.52302E-02    8.46863E+02    0.00000E+00    0.00000E+00
    6.70092E-02    8.55490E+02    0.00000E+00    0.00000E+00
    3.78292E-01    6.42700E+02    0.00000E+00    0.00000E+00
    3.78718E-01    6.15100E+02    0.00000E+00    0.00000E+00
    3.78009E-01    6.23900E+02    0.00000E+00    0.00000E+00
    3.79818E-01    5.95900E+02    0.00000E+00    0.00000E+00
    3.78775E-01    6.12500E+02    0.00000E+00    0.00000E+00
    3.78392E-01    6.50500E+02    0.00000E+00    0.00000E+00
    3.78904E-01    6.37900E+02    0.00000E+00    0.00000E+00
