    7.19015E+36    5.92891E+16    3.48768E+06    2.82223E+02    4.26716E-02   -7.36327E-02
    7.63490E+36    6.29565E+16    3.42839E+06    2.89577E+02    4.41808E-02   -5.63834E-02
    7.85728E+36    6.47901E+16    3.40038E+06    2.93162E+02    4.13591E-02   -4.49322E-02
    8.15378E+36    6.72350E+16    3.36458E+06    2.97853E+02    3.85109E-02   -3.39847E-02
    1.54922E+37    1.27747E+17    2.80083E+06    3.92164E+02    8.86799E-02    4.50346E-02
    1.55663E+37    1.28358E+17    2.79702E+06    3.92967E+02    8.53216E-02    4.35214E-02
    1.51957E+37    1.25302E+17    2.81634E+06    3.88929E+02    8.03057E-02    3.88369E-02
    1.53439E+37    1.26524E+17    2.80854E+06    3.90551E+02    7.93821E-02    3.90951E-02
    1.63076E+37    1.34470E+17    2.76008E+06    4.00880E+02    8.26020E-02    4.54525E-02
    1.67523E+37    1.38137E+17    2.73895E+06    4.05530E+02    8.32364E-02    4.77279E-02
    9.45730E+37    7.79837E+17    1.67038E+06    8.51484E+02    5.22806E-01    6.85930E-01
    9.46795E+37    7.80716E+17    1.66984E+06    8.51895E+02    5.72649E-01    7.67415E-01
    9.45023E+37    7.79254E+17    1.67073E+06    8.51211E+02    5.55444E-01    7.38890E-01
    9.49545E+37    7.82983E+17    1.66846E+06    8.52955E+02    6.12868E-01    8.35893E-01
    9.46938E+37    7.80833E+17    1.66977E+06    8.51950E+02    5.77758E-01    7.75981E-01
    9.45980E+37    7.80044E+17    1.67025E+06    8.51581E+02    5.10169E-01    6.65849E-01
    9.47260E+37    7.81099E+17    1.66960E+06    8.52074E+02    5.31397E-01    6.99702E-01
