1.0691244240e+2  7.5890410959e+2
1.0806451613e+2  7.5479452055e+2
1.0806451613e+2  7.5616438356e+2
1.0806451613e+2  7.6095890411e+2
1.0921658986e+2  7.5821917808e+2
1.0921658986e+2  7.7123287671e+2
1.0921658986e+2  7.6506849315e+2
1.0921658986e+2  7.6301369863e+2
1.1036866359e+2  7.6712328767e+2
1.1152073733e+2  7.7328767123e+2
1.1152073733e+2  7.6986301370e+2
1.1267281106e+2  7.5547945205e+2
1.1267281106e+2  7.6780821918e+2
1.1267281106e+2  7.6095890411e+2
1.1267281106e+2  7.7602739726e+2
1.1382488479e+2  7.7945205479e+2
1.1497695853e+2  7.7328767123e+2
1.1497695853e+2  7.7054794521e+2
1.1497695853e+2  7.8287671233e+2
1.1497695853e+2  7.7808219178e+2
1.1612903226e+2  7.6849315068e+2
1.1612903226e+2  7.8698630137e+2
1.1612903226e+2  7.8150684932e+2
1.1612903226e+2  7.7602739726e+2
1.1612903226e+2  7.8561643836e+2
1.1843317972e+2  7.7328767123e+2
1.3917050691e+2  8.0000000000e+2
1.4032258065e+2  7.7191780822e+2
1.4147465438e+2  8.0821917808e+2
1.4147465438e+2  8.0205479452e+2
1.4147465438e+2  8.0479452055e+2
1.4262672811e+2  7.9863013699e+2
1.4262672811e+2  7.7465753425e+2
1.4377880184e+2  7.7739726027e+2
1.4377880184e+2  7.6986301370e+2
1.4493087558e+2  7.7260273973e+2
1.4493087558e+2  8.0616438356e+2
1.4493087558e+2  7.7945205479e+2
1.4493087558e+2  8.0821917808e+2
1.4608294931e+2  7.8219178082e+2
1.4608294931e+2  7.6506849315e+2
1.4608294931e+2  8.0068493151e+2
1.4608294931e+2  7.6712328767e+2
1.4608294931e+2  7.8561643836e+2
1.4608294931e+2  7.8835616438e+2
1.4608294931e+2  7.7465753425e+2
1.4608294931e+2  8.1232876712e+2
1.4608294931e+2  8.1095890411e+2
1.4608294931e+2  8.0410958904e+2
1.4608294931e+2  7.6232876712e+2
1.4723502304e+2  7.9863013699e+2
1.4723502304e+2  7.6917808219e+2
1.4723502304e+2  7.7739726027e+2
1.4723502304e+2  7.5890410959e+2
1.4838709677e+2  7.5684931507e+2
1.4838709677e+2  7.6095890411e+2
1.4838709677e+2  8.0273972603e+2
1.4953917051e+2  7.7397260274e+2
1.4953917051e+2  7.8150684932e+2
1.4953917051e+2  7.7191780822e+2
1.4953917051e+2  8.0958904110e+2
1.5069124424e+2  7.6780821918e+2
1.5069124424e+2  7.9520547945e+2
1.5069124424e+2  7.9041095890e+2
1.5069124424e+2  7.7739726027e+2
1.5069124424e+2  7.6438356164e+2
1.5069124424e+2  7.6986301370e+2
1.5184331797e+2  7.5958904110e+2
1.5184331797e+2  7.9931506849e+2
1.5184331797e+2  8.1301369863e+2
1.5184331797e+2  7.7945205479e+2
1.5184331797e+2  7.9726027397e+2
1.5184331797e+2  7.5616438356e+2
1.5184331797e+2  7.9246575342e+2
1.5184331797e+2  7.8767123288e+2
1.5184331797e+2  7.8493150685e+2
1.5184331797e+2  8.0136986301e+2
1.5299539171e+2  7.6506849315e+2
1.5299539171e+2  8.0753424658e+2
1.5299539171e+2  7.4863013699e+2
1.5299539171e+2  7.5136986301e+2
1.5299539171e+2  8.1027397260e+2
1.5299539171e+2  7.7191780822e+2
1.5414746544e+2  7.6301369863e+2
1.5414746544e+2  8.1849315068e+2
1.5414746544e+2  7.7465753425e+2
1.5414746544e+2  7.8287671233e+2
1.5414746544e+2  8.1575342466e+2
1.5414746544e+2  7.5410958904e+2
1.5529953917e+2  7.5753424658e+2
1.5529953917e+2  7.7739726027e+2
1.5529953917e+2  7.8082191781e+2
1.5529953917e+2  7.6027397260e+2
1.5529953917e+2  7.9109589041e+2
1.5529953917e+2  8.0205479452e+2
1.5529953917e+2  7.6780821918e+2
1.5529953917e+2  8.0000000000e+2
1.5529953917e+2  7.7054794521e+2
1.5529953917e+2  7.5479452055e+2
1.5529953917e+2  7.8835616438e+2
1.5645161290e+2  8.0547945205e+2
1.5645161290e+2  7.9589041096e+2
1.5645161290e+2  7.8561643836e+2
1.5645161290e+2  8.0890410959e+2
1.5645161290e+2  7.4931506849e+2
1.5760368664e+2  7.9383561644e+2
1.5760368664e+2  8.1438356164e+2
1.5760368664e+2  7.7260273973e+2
1.5760368664e+2  7.7465753425e+2
1.5760368664e+2  8.2123287671e+2
1.5760368664e+2  8.1849315068e+2
1.5760368664e+2  7.9794520548e+2
1.5875576037e+2  8.1027397260e+2
1.5875576037e+2  8.1712328767e+2
1.5875576037e+2  8.0205479452e+2
1.5875576037e+2  7.6369863014e+2
1.5875576037e+2  7.9109589041e+2
1.5875576037e+2  8.1232876712e+2
1.5990783410e+2  7.9520547945e+2
1.5990783410e+2  7.7739726027e+2
1.5990783410e+2  7.8904109589e+2
1.5990783410e+2  7.8082191781e+2
1.6105990783e+2  8.0821917808e+2
1.6105990783e+2  7.8424657534e+2
1.6105990783e+2  8.0616438356e+2
1.6105990783e+2  8.0000000000e+2
1.6221198157e+2  8.2054794521e+2
1.6221198157e+2  8.1849315068e+2
1.6221198157e+2  8.1232876712e+2
1.6221198157e+2  8.1575342466e+2
1.6221198157e+2  7.9726027397e+2
1.6451612903e+2  8.0958904110e+2
1.6682027650e+2  8.0342465753e+2
1.6912442396e+2  8.0547945205e+2
1.7142857143e+2  7.0479452055e+2
1.7142857143e+2  7.0205479452e+2
1.7142857143e+2  6.9246575342e+2
1.7258064516e+2  6.9452054795e+2
1.7373271889e+2  6.9657534247e+2
1.7373271889e+2  6.9931506849e+2
1.7603686636e+2  7.1095890411e+2
1.7603686636e+2  7.0479452055e+2
1.7603686636e+2  6.9109589041e+2
1.7603686636e+2  6.8493150685e+2
1.7718894009e+2  7.0136986301e+2
1.7718894009e+2  6.9452054795e+2
1.7834101382e+2  7.0753424658e+2
1.7834101382e+2  6.9726027397e+2
1.7949308756e+2  8.0000000000e+2
1.7949308756e+2  7.6986301370e+2
1.8064516129e+2  7.1438356164e+2
1.8064516129e+2  7.7123287671e+2
1.8064516129e+2  7.8356164384e+2
1.8064516129e+2  6.8493150685e+2
1.8064516129e+2  8.0342465753e+2
1.8064516129e+2  7.0342465753e+2
1.8064516129e+2  7.1232876712e+2
1.8064516129e+2  7.0958904110e+2
1.8179723502e+2  7.1917808219e+2
1.8179723502e+2  7.0684931507e+2
1.8179723502e+2  7.1712328767e+2
1.8179723502e+2  6.9657534247e+2
1.8179723502e+2  7.6917808219e+2
1.8294930876e+2  7.8082191781e+2
1.8294930876e+2  7.7945205479e+2
1.8294930876e+2  7.2260273973e+2
1.8294930876e+2  6.8630136986e+2
1.8294930876e+2  8.0890410959e+2
1.8294930876e+2  8.0684931507e+2
1.8294930876e+2  8.0342465753e+2
1.8294930876e+2  8.0068493151e+2
1.8294930876e+2  7.9178082192e+2
1.8294930876e+2  7.9452054795e+2
1.8294930876e+2  7.9726027397e+2
1.8410138249e+2  7.0479452055e+2
1.8410138249e+2  6.8972602740e+2
1.8410138249e+2  6.9246575342e+2
1.8410138249e+2  7.7123287671e+2
1.8410138249e+2  7.8630136986e+2
1.8410138249e+2  7.2191780822e+2
1.8525345622e+2  8.1027397260e+2
1.8525345622e+2  7.1438356164e+2
1.8525345622e+2  6.9657534247e+2
1.8525345622e+2  7.9246575342e+2
1.8525345622e+2  7.1849315068e+2
1.8525345622e+2  7.0753424658e+2
1.8525345622e+2  7.8493150685e+2
1.8525345622e+2  7.9863013699e+2
1.8525345622e+2  7.2054794521e+2
1.8640552995e+2  7.2260273973e+2
1.8640552995e+2  7.8835616438e+2
1.8640552995e+2  8.0136986301e+2
1.8640552995e+2  8.1712328767e+2
1.8640552995e+2  7.1095890411e+2
1.8755760369e+2  6.9383561644e+2
1.8755760369e+2  7.0479452055e+2
1.8755760369e+2  8.1506849315e+2
1.8755760369e+2  7.6986301370e+2
1.8755760369e+2  7.0273972603e+2
1.8755760369e+2  7.7876712329e+2
1.8755760369e+2  7.1917808219e+2
1.8755760369e+2  7.9109589041e+2
1.8755760369e+2  7.9520547945e+2
1.8755760369e+2  7.1643835616e+2
1.8755760369e+2  6.8904109589e+2
1.8870967742e+2  7.9931506849e+2
1.8870967742e+2  6.8630136986e+2
1.8870967742e+2  7.0821917808e+2
1.8870967742e+2  7.9726027397e+2
1.8870967742e+2  7.7123287671e+2
1.8870967742e+2  8.1164383562e+2
1.8870967742e+2  6.9109589041e+2
1.8986175115e+2  7.9315068493e+2
1.8986175115e+2  7.0068493151e+2
1.8986175115e+2  7.1506849315e+2
1.8986175115e+2  7.9041095890e+2
1.8986175115e+2  8.1849315068e+2
1.9101382488e+2  6.9452054795e+2
1.9101382488e+2  7.7945205479e+2
1.9101382488e+2  7.1780821918e+2
1.9101382488e+2  8.1643835616e+2
1.9101382488e+2  7.1232876712e+2
1.9101382488e+2  7.2054794521e+2
1.9101382488e+2  6.9726027397e+2
1.9101382488e+2  8.0547945205e+2
1.9216589862e+2  8.2876712329e+2
1.9216589862e+2  8.1369863014e+2
1.9216589862e+2  7.0616438356e+2
1.9216589862e+2  7.0342465753e+2
1.9216589862e+2  7.0342465753e+2
1.9216589862e+2  7.7054794521e+2
1.9331797235e+2  8.2260273973e+2
1.9331797235e+2  8.1986301370e+2
1.9331797235e+2  7.0068493151e+2
1.9331797235e+2  8.2602739726e+2
1.9331797235e+2  7.8972602740e+2
1.9447004608e+2  8.1712328767e+2
1.9447004608e+2  8.2465753425e+2
1.9562211982e+2  6.9863013699e+2
1.9562211982e+2  7.7054794521e+2
1.9677419355e+2  8.3013698630e+2
1.9677419355e+2  7.0205479452e+2
1.9792626728e+2  8.2671232877e+2
1.9792626728e+2  8.5616438356e+2
1.9792626728e+2  8.3904109589e+2
1.9792626728e+2  8.6369863014e+2
1.9792626728e+2  8.4109589041e+2
1.9792626728e+2  8.1643835616e+2
1.9792626728e+2  8.1986301370e+2
1.9792626728e+2  8.5342465753e+2
1.9907834101e+2  8.2260273973e+2
1.9907834101e+2  8.5890410959e+2
1.9907834101e+2  8.1301369863e+2
1.9907834101e+2  8.4863013699e+2
1.9907834101e+2  8.4383561644e+2
1.9907834101e+2  8.3561643836e+2
2.0023041475e+2  8.3424657534e+2
2.0023041475e+2  6.5273972603e+2
2.0023041475e+2  8.2534246575e+2
2.0023041475e+2  8.3013698630e+2
2.0023041475e+2  8.6164383562e+2
2.0023041475e+2  8.1506849315e+2
2.0023041475e+2  8.6849315068e+2
2.0138248848e+2  8.5136986301e+2
2.0138248848e+2  6.5547945205e+2
2.0138248848e+2  8.4726027397e+2
2.0138248848e+2  8.6506849315e+2
2.0138248848e+2  6.5068493151e+2
2.0138248848e+2  8.3835616438e+2
2.0138248848e+2  6.3082191781e+2
2.0253456221e+2  8.1712328767e+2
2.0253456221e+2  6.4863013699e+2
2.0253456221e+2  8.2739726027e+2
2.0253456221e+2  8.7054794521e+2
2.0253456221e+2  8.3630136986e+2
2.0253456221e+2  8.5410958904e+2
2.0253456221e+2  6.1780821918e+2
2.0253456221e+2  8.2191780822e+2
2.0253456221e+2  8.5753424658e+2
2.0253456221e+2  8.1917808219e+2
2.0253456221e+2  6.2397260274e+2
2.0253456221e+2  6.2739726027e+2
2.0253456221e+2  6.1506849315e+2
2.0253456221e+2  8.3219178082e+2
2.0253456221e+2  8.4109589041e+2
2.0253456221e+2  6.3219178082e+2
2.0368663594e+2  8.7671232877e+2
2.0368663594e+2  8.6095890411e+2
2.0368663594e+2  6.4657534247e+2
2.0368663594e+2  8.2465753425e+2
2.0368663594e+2  8.4863013699e+2
2.0368663594e+2  6.5205479452e+2
2.0368663594e+2  6.2123287671e+2
2.0368663594e+2  8.7397260274e+2
2.0368663594e+2  6.3493150685e+2
2.0368663594e+2  8.4452054795e+2
2.0368663594e+2  8.1369863014e+2
2.0483870968e+2  8.4178082192e+2
2.0483870968e+2  6.5410958904e+2
2.0483870968e+2  8.4657534247e+2
2.0483870968e+2  6.4178082192e+2
2.0483870968e+2  8.6849315068e+2
2.0483870968e+2  8.6369863014e+2
2.0483870968e+2  6.3698630137e+2
2.0483870968e+2  8.1849315068e+2
2.0483870968e+2  6.1917808219e+2
2.0483870968e+2  8.2602739726e+2
2.0483870968e+2  8.2876712329e+2
2.0483870968e+2  6.1575342466e+2
2.0599078341e+2  8.6575342466e+2
2.0599078341e+2  8.3835616438e+2
2.0599078341e+2  8.5136986301e+2
2.0599078341e+2  8.1575342466e+2
2.0599078341e+2  8.5684931507e+2
2.0599078341e+2  6.5616438356e+2
2.0599078341e+2  8.5410958904e+2
2.0599078341e+2  6.3904109589e+2
2.0599078341e+2  6.5068493151e+2
2.0599078341e+2  8.5821917808e+2
2.0599078341e+2  6.2534246575e+2
2.0599078341e+2  8.3424657534e+2
2.0714285714e+2  6.3561643836e+2
2.0714285714e+2  6.1301369863e+2
2.0714285714e+2  6.2945205479e+2
2.0714285714e+2  6.3219178082e+2
2.0714285714e+2  8.6027397260e+2
2.0714285714e+2  6.1643835616e+2
2.0714285714e+2  6.4794520548e+2
2.0714285714e+2  8.2054794521e+2
2.0714285714e+2  8.2328767123e+2
2.0714285714e+2  8.3082191781e+2
2.0829493088e+2  6.5479452055e+2
2.0829493088e+2  8.7054794521e+2
2.0829493088e+2  6.2260273973e+2
2.0829493088e+2  6.5616438356e+2
2.0829493088e+2  8.4383561644e+2
2.0829493088e+2  8.4863013699e+2
2.0829493088e+2  6.5342465753e+2
2.0829493088e+2  8.7808219178e+2
2.0829493088e+2  8.3630136986e+2
2.0829493088e+2  8.1780821918e+2
2.0829493088e+2  6.1917808219e+2
2.0829493088e+2  6.4863013699e+2
2.0829493088e+2  8.6849315068e+2
2.0829493088e+2  8.2808219178e+2
2.0829493088e+2  6.5136986301e+2
2.0944700461e+2  8.5684931507e+2
2.0944700461e+2  8.3082191781e+2
2.0944700461e+2  8.4109589041e+2
2.0944700461e+2  6.3767123288e+2
2.0944700461e+2  6.3424657534e+2
2.0944700461e+2  8.6506849315e+2
2.0944700461e+2  6.1780821918e+2
2.0944700461e+2  6.4315068493e+2
2.0944700461e+2  8.2602739726e+2
2.0944700461e+2  6.3150684932e+2
2.0944700461e+2  8.7328767123e+2
2.0944700461e+2  8.4657534247e+2
2.0944700461e+2  6.2739726027e+2
2.0944700461e+2  8.5547945205e+2
2.0944700461e+2  8.5273972603e+2
2.0944700461e+2  8.7602739726e+2
2.1059907834e+2  6.1506849315e+2
2.1059907834e+2  8.6232876712e+2
2.1059907834e+2  6.4041095890e+2
2.1059907834e+2  8.2876712329e+2
2.1059907834e+2  8.2397260274e+2
2.1175115207e+2  8.3904109589e+2
2.1175115207e+2  8.4931506849e+2
2.1175115207e+2  8.3630136986e+2
2.1175115207e+2  6.1917808219e+2
2.1175115207e+2  6.2534246575e+2
2.1175115207e+2  7.6849315068e+2
2.1175115207e+2  8.2671232877e+2
2.1290322581e+2  6.3904109589e+2
2.1290322581e+2  7.7671232877e+2
2.1290322581e+2  6.3630136986e+2
2.1290322581e+2  7.9109589041e+2
2.1290322581e+2  8.4383561644e+2
2.1290322581e+2  8.5273972603e+2
2.1290322581e+2  6.4246575342e+2
2.1290322581e+2  8.5958904110e+2
2.1290322581e+2  6.2945205479e+2
2.1290322581e+2  7.7739726027e+2
2.1290322581e+2  8.7054794521e+2
2.1290322581e+2  8.7397260274e+2
2.1290322581e+2  6.2328767123e+2
2.1405529954e+2  8.4109589041e+2
2.1405529954e+2  7.8082191781e+2
2.1405529954e+2  8.7876712329e+2
2.1405529954e+2  8.6780821918e+2
2.1405529954e+2  8.6506849315e+2
2.1405529954e+2  7.6712328767e+2
2.1405529954e+2  6.3424657534e+2
2.1405529954e+2  7.6986301370e+2
2.1405529954e+2  6.1712328767e+2
2.1405529954e+2  6.1506849315e+2
2.1405529954e+2  7.7397260274e+2
2.1405529954e+2  8.4657534247e+2
2.1405529954e+2  8.5479452055e+2
2.1520737327e+2  7.7191780822e+2
2.1520737327e+2  8.7123287671e+2
2.1520737327e+2  6.4178082192e+2
2.1520737327e+2  8.5068493151e+2
2.1520737327e+2  8.7534246575e+2
2.1520737327e+2  8.2671232877e+2
2.1520737327e+2  7.6232876712e+2
2.1520737327e+2  8.5753424658e+2
2.1520737327e+2  8.0068493151e+2
2.1520737327e+2  7.8835616438e+2
2.1520737327e+2  7.8561643836e+2
2.1520737327e+2  7.8287671233e+2
2.1635944700e+2  8.0205479452e+2
2.1635944700e+2  7.6438356164e+2
2.1635944700e+2  7.7876712329e+2
2.1635944700e+2  6.3972602740e+2
2.1635944700e+2  7.7534246575e+2
2.1635944700e+2  6.3698630137e+2
2.1751152074e+2  7.6164383562e+2
2.1751152074e+2  7.8082191781e+2
2.1751152074e+2  7.6712328767e+2
2.1751152074e+2  7.7054794521e+2
2.1751152074e+2  8.7328767123e+2
2.1751152074e+2  8.7671232877e+2
2.1751152074e+2  8.5273972603e+2
2.1751152074e+2  8.4520547945e+2
2.1866359447e+2  8.7876712329e+2
2.1866359447e+2  7.9109589041e+2
2.1866359447e+2  7.8630136986e+2
2.1866359447e+2  7.8904109589e+2
2.1866359447e+2  7.7739726027e+2
2.1981566820e+2  8.0342465753e+2
2.1981566820e+2  8.1643835616e+2
2.1981566820e+2  8.2260273973e+2
2.1981566820e+2  8.0753424658e+2
2.1981566820e+2  7.7397260274e+2
2.1981566820e+2  8.1986301370e+2
2.1981566820e+2  7.9452054795e+2
2.2096774194e+2  7.6438356164e+2
2.2096774194e+2  8.1369863014e+2
2.2096774194e+2  8.2534246575e+2
2.2096774194e+2  7.6917808219e+2
2.2096774194e+2  8.8561643836e+2
2.2096774194e+2  7.7123287671e+2
2.2096774194e+2  7.7671232877e+2
2.2096774194e+2  7.8082191781e+2
2.2096774194e+2  7.8424657534e+2
2.2096774194e+2  7.8698630137e+2
2.2096774194e+2  8.2602739726e+2
2.2211981567e+2  8.1027397260e+2
2.2211981567e+2  8.2876712329e+2
2.2211981567e+2  7.6164383562e+2
2.2211981567e+2  7.7397260274e+2
2.2211981567e+2  8.7739726027e+2
2.2211981567e+2  7.6712328767e+2
2.2211981567e+2  8.7534246575e+2
2.2211981567e+2  7.9657534247e+2
2.2327188940e+2  8.1849315068e+2
2.2327188940e+2  7.9931506849e+2
2.2327188940e+2  7.7739726027e+2
2.2327188940e+2  8.0479452055e+2
2.2327188940e+2  8.8630136986e+2
2.2327188940e+2  8.2397260274e+2
2.2327188940e+2  8.2260273973e+2
2.2327188940e+2  7.8972602740e+2
2.2442396313e+2  8.1575342466e+2
2.2442396313e+2  8.0753424658e+2
2.2442396313e+2  8.2602739726e+2
2.2442396313e+2  8.8630136986e+2
2.2557603687e+2  8.3082191781e+2
2.2557603687e+2  8.1232876712e+2
2.2557603687e+2  8.0958904110e+2
2.2557603687e+2  7.6506849315e+2
2.2672811060e+2  8.2534246575e+2
2.2672811060e+2  8.2945205479e+2
2.2672811060e+2  8.3287671233e+2
2.2672811060e+2  8.2739726027e+2
2.2672811060e+2  7.8698630137e+2
2.2672811060e+2  8.0547945205e+2
2.2788018433e+2  8.2328767123e+2
2.2903225806e+2  8.3287671233e+2
2.3018433180e+2  8.6095890411e+2
2.3018433180e+2  8.2739726027e+2
2.3018433180e+2  8.3013698630e+2
2.3018433180e+2  8.0890410959e+2
2.3133640553e+2  8.2465753425e+2
2.3248847926e+2  8.6301369863e+2
2.3248847926e+2  8.2876712329e+2
2.3248847926e+2  8.6095890411e+2
2.3364055300e+2  8.2602739726e+2
2.3364055300e+2  8.6575342466e+2
2.3364055300e+2  8.5616438356e+2
2.3364055300e+2  8.3219178082e+2
2.3479262673e+2  8.5410958904e+2
2.3479262673e+2  8.5753424658e+2
2.3594470046e+2  8.6506849315e+2
2.3594470046e+2  8.6301369863e+2
2.3709677419e+2  8.6164383562e+2
2.3709677419e+2  8.5890410959e+2
2.3709677419e+2  8.6643835616e+2
2.3824884793e+2  8.7397260274e+2
2.3824884793e+2  8.5205479452e+2
2.3940092166e+2  8.6369863014e+2
2.3940092166e+2  8.5410958904e+2
2.3940092166e+2  8.5684931507e+2
2.4055299539e+2  8.6575342466e+2
2.4170506912e+2  8.7397260274e+2
2.4170506912e+2  8.6780821918e+2
2.4170506912e+2  8.5205479452e+2
2.4285714286e+2  8.6095890411e+2
2.4285714286e+2  8.5479452055e+2
2.4285714286e+2  8.6986301370e+2
2.4285714286e+2  8.5890410959e+2
2.4285714286e+2  8.6232876712e+2
2.4400921659e+2  8.7191780822e+2
2.4516129032e+2  8.5616438356e+2
2.4516129032e+2  8.6506849315e+2
2.4516129032e+2  8.6712328767e+2
2.4631336406e+2  8.5273972603e+2
2.4746543779e+2  8.7465753425e+2
2.4746543779e+2  8.5821917808e+2
2.4746543779e+2  8.6849315068e+2
2.4861751152e+2  8.5479452055e+2
2.4861751152e+2  8.7123287671e+2
2.4976958525e+2  8.5342465753e+2
2.5092165899e+2  8.5684931507e+2
2.5092165899e+2  7.4863013699e+2
2.5092165899e+2  7.3493150685e+2
2.5092165899e+2  8.7260273973e+2
2.5207373272e+2  7.5068493151e+2
2.5207373272e+2  8.7671232877e+2
2.5322580645e+2  7.5342465753e+2
2.5322580645e+2  8.5410958904e+2
2.5322580645e+2  7.5410958904e+2
2.5437788018e+2  8.5547945205e+2
2.5437788018e+2  8.7739726027e+2
2.5437788018e+2  8.7397260274e+2
2.5552995392e+2  8.7602739726e+2
2.5552995392e+2  8.8287671233e+2
2.5552995392e+2  8.7945205479e+2
2.5552995392e+2  7.5753424658e+2
2.5552995392e+2  7.3630136986e+2
2.5552995392e+2  8.8493150685e+2
2.5552995392e+2  7.5068493151e+2
2.5668202765e+2  7.5616438356e+2
2.5668202765e+2  7.4794520548e+2
2.5668202765e+2  8.5205479452e+2
2.5783410138e+2  7.3972602740e+2
2.5783410138e+2  7.5410958904e+2
2.5783410138e+2  8.7671232877e+2
2.5783410138e+2  7.4383561644e+2
2.5898617512e+2  7.6027397260e+2
2.5898617512e+2  7.3493150685e+2
2.5898617512e+2  7.4657534247e+2
2.5898617512e+2  7.6301369863e+2
2.6013824885e+2  7.6575342466e+2
2.6013824885e+2  7.4931506849e+2
2.6013824885e+2  8.7465753425e+2
2.6013824885e+2  8.8561643836e+2
2.6013824885e+2  8.8287671233e+2
2.6013824885e+2  8.8082191781e+2
2.6013824885e+2  7.5753424658e+2
2.6013824885e+2  7.5136986301e+2
2.6129032258e+2  6.1575342466e+2
2.6129032258e+2  7.4178082192e+2
2.6129032258e+2  8.7808219178e+2
2.6129032258e+2  7.3493150685e+2
2.6129032258e+2  7.3835616438e+2
2.6129032258e+2  8.9657534247e+2
2.6244239631e+2  6.0958904110e+2
2.6244239631e+2  6.0684931507e+2
2.6359447005e+2  7.5410958904e+2
2.6359447005e+2  8.7945205479e+2
2.6359447005e+2  8.7534246575e+2
2.6359447005e+2  7.6027397260e+2
2.6359447005e+2  7.5136986301e+2
2.6359447005e+2  8.8219178082e+2
2.6359447005e+2  7.6232876712e+2
2.6359447005e+2  7.4863013699e+2
2.6359447005e+2  6.1164383562e+2
2.6359447005e+2  6.1438356164e+2
2.6359447005e+2  7.5684931507e+2
2.6474654378e+2  7.5821917808e+2
2.6474654378e+2  7.6643835616e+2
2.6474654378e+2  6.1643835616e+2
2.6474654378e+2  8.8561643836e+2
2.6589861751e+2  6.3356164384e+2
2.6589861751e+2  8.9726027397e+2
2.6589861751e+2  8.7739726027e+2
2.6589861751e+2  7.6438356164e+2
2.6705069124e+2  8.4178082192e+2
2.6705069124e+2  8.7397260274e+2
2.6705069124e+2  7.5068493151e+2
2.6705069124e+2  6.1301369863e+2
2.6705069124e+2  8.8767123288e+2
2.6705069124e+2  8.9520547945e+2
2.6705069124e+2  6.0821917808e+2
2.6705069124e+2  7.6095890411e+2
2.6705069124e+2  8.8013698630e+2
2.6705069124e+2  8.8082191781e+2
2.6820276498e+2  8.4383561644e+2
2.6820276498e+2  8.3356164384e+2
2.6820276498e+2  6.0958904110e+2
2.6820276498e+2  7.5684931507e+2
2.6820276498e+2  8.8493150685e+2
2.6820276498e+2  6.1164383562e+2
2.6820276498e+2  6.2808219178e+2
2.6820276498e+2  6.3013698630e+2
2.6935483871e+2  8.7671232877e+2
2.6935483871e+2  8.9657534247e+2
2.6935483871e+2  6.1438356164e+2
2.6935483871e+2  7.6369863014e+2
2.6935483871e+2  7.5890410959e+2
2.6935483871e+2  6.1643835616e+2
2.6935483871e+2  7.5342465753e+2
2.6935483871e+2  8.4520547945e+2
2.6935483871e+2  8.2671232877e+2
2.7050691244e+2  8.7808219178e+2
2.7050691244e+2  8.1301369863e+2
2.7050691244e+2  8.3219178082e+2
2.7050691244e+2  7.6164383562e+2
2.7050691244e+2  6.3493150685e+2
2.7050691244e+2  8.9109589041e+2
2.7050691244e+2  8.3630136986e+2
2.7165898618e+2  8.2397260274e+2
2.7165898618e+2  8.2602739726e+2
2.7165898618e+2  8.8698630137e+2
2.7165898618e+2  6.1164383562e+2
2.7165898618e+2  8.1027397260e+2
2.7165898618e+2  8.3424657534e+2
2.7165898618e+2  6.2945205479e+2
2.7165898618e+2  8.4178082192e+2
2.7165898618e+2  8.9315068493e+2
2.7165898618e+2  8.8356164384e+2
2.7165898618e+2  6.3287671233e+2
2.7281105991e+2  8.7671232877e+2
2.7281105991e+2  8.3767123288e+2
2.7281105991e+2  8.7397260274e+2
2.7281105991e+2  8.2808219178e+2
2.7281105991e+2  6.1438356164e+2
2.7281105991e+2  8.9589041096e+2
2.7396313364e+2  8.7739726027e+2
2.7396313364e+2  8.3219178082e+2
2.7396313364e+2  8.2260273973e+2
2.7396313364e+2  8.2945205479e+2
2.7396313364e+2  8.4041095890e+2
2.7396313364e+2  8.1438356164e+2
2.7511520737e+2  6.3013698630e+2
2.7511520737e+2  8.0821917808e+2
2.7511520737e+2  8.3698630137e+2
2.7511520737e+2  8.4383561644e+2
2.7511520737e+2  6.3561643836e+2
2.7511520737e+2  8.1301369863e+2
2.7511520737e+2  8.8630136986e+2
2.7626728111e+2  8.1095890411e+2
2.7626728111e+2  8.8287671233e+2
2.7626728111e+2  6.3356164384e+2
2.7626728111e+2  8.8972602740e+2
2.7626728111e+2  8.6917808219e+2
2.7626728111e+2  8.3493150685e+2
2.7626728111e+2  8.2602739726e+2
2.7626728111e+2  8.9315068493e+2
2.7626728111e+2  6.3630136986e+2
2.7741935484e+2  8.8698630137e+2
2.7741935484e+2  8.3219178082e+2
2.7741935484e+2  8.2945205479e+2
2.7741935484e+2  8.7123287671e+2
2.7741935484e+2  8.8561643836e+2
2.7741935484e+2  8.4726027397e+2
2.7857142857e+2  8.1506849315e+2
2.7857142857e+2  8.0958904110e+2
2.7857142857e+2  8.2260273973e+2
2.7857142857e+2  8.4109589041e+2
2.7857142857e+2  8.8972602740e+2
2.7857142857e+2  6.3082191781e+2
2.7857142857e+2  8.8561643836e+2
2.7857142857e+2  8.6712328767e+2
2.7972350230e+2  8.0753424658e+2
2.7972350230e+2  6.3630136986e+2
2.7972350230e+2  8.4315068493e+2
2.7972350230e+2  8.3904109589e+2
2.7972350230e+2  8.9452054795e+2
2.7972350230e+2  8.8287671233e+2
2.7972350230e+2  8.1301369863e+2
2.8087557604e+2  8.2465753425e+2
2.8087557604e+2  8.1575342466e+2
2.8087557604e+2  8.2602739726e+2
2.8087557604e+2  8.3219178082e+2
2.8087557604e+2  8.2876712329e+2
2.8087557604e+2  8.1095890411e+2
2.8087557604e+2  8.7260273973e+2
2.8087557604e+2  8.3630136986e+2
2.8202764977e+2  8.3356164384e+2
2.8202764977e+2  8.4863013699e+2
2.8202764977e+2  8.4589041096e+2
2.8202764977e+2  8.9109589041e+2
2.8202764977e+2  6.3356164384e+2
2.8202764977e+2  8.3013698630e+2
2.8317972350e+2  8.8904109589e+2
2.8317972350e+2  8.7054794521e+2
2.8317972350e+2  8.6986301370e+2
2.8317972350e+2  8.2191780822e+2
2.8317972350e+2  8.6712328767e+2
2.8317972350e+2  8.1438356164e+2
2.8317972350e+2  8.8630136986e+2
2.8317972350e+2  8.1232876712e+2
2.8433179724e+2  8.9452054795e+2
2.8433179724e+2  8.4315068493e+2
2.8433179724e+2  8.2671232877e+2
2.8433179724e+2  8.7260273973e+2
2.8433179724e+2  8.0890410959e+2
2.8433179724e+2  8.4041095890e+2
2.8548387097e+2  8.2876712329e+2
2.8548387097e+2  8.4589041096e+2
2.8548387097e+2  8.3767123288e+2
2.8548387097e+2  8.2465753425e+2
2.8548387097e+2  8.1164383562e+2
2.8548387097e+2  8.3287671233e+2
2.8548387097e+2  8.1575342466e+2
2.8663594470e+2  8.6917808219e+2
2.8663594470e+2  8.3082191781e+2
2.8663594470e+2  8.4863013699e+2
2.8663594470e+2  8.3493150685e+2
2.8778801843e+2  8.7465753425e+2
2.8778801843e+2  8.3561643836e+2
2.8778801843e+2  8.1027397260e+2
2.8778801843e+2  8.6712328767e+2
2.8778801843e+2  8.1369863014e+2
2.8778801843e+2  8.2191780822e+2
2.8894009217e+2  8.4383561644e+2
2.8894009217e+2  8.4041095890e+2
2.8894009217e+2  8.7123287671e+2
2.8894009217e+2  8.2739726027e+2
2.8894009217e+2  8.7602739726e+2
2.9009216590e+2  8.4589041096e+2
2.9009216590e+2  8.3219178082e+2
2.9124423963e+2  8.7191780822e+2
2.9124423963e+2  8.3013698630e+2
2.9124423963e+2  8.2671232877e+2
2.9239631336e+2  8.6712328767e+2
2.9239631336e+2  8.7602739726e+2
2.9239631336e+2  8.7328767123e+2
2.9354838710e+2  8.6986301370e+2
2.9354838710e+2  8.8150684932e+2
2.9470046083e+2  8.7739726027e+2
2.9700460829e+2  8.7465753425e+2
2.9815668203e+2  8.6712328767e+2
2.9815668203e+2  8.6986301370e+2
2.9815668203e+2  8.8287671233e+2
2.9815668203e+2  8.7260273973e+2
2.9815668203e+2  8.7739726027e+2
2.9815668203e+2  7.8767123288e+2
2.9815668203e+2  8.8082191781e+2
3.0046082949e+2  7.8493150685e+2
3.0161290323e+2  7.9452054795e+2
3.0161290323e+2  8.7534246575e+2
3.0161290323e+2  8.7260273973e+2
3.0161290323e+2  8.0273972603e+2
3.0276497696e+2  8.7191780822e+2
3.0276497696e+2  8.6712328767e+2
3.0276497696e+2  8.5136986301e+2
3.0276497696e+2  8.8082191781e+2
3.0276497696e+2  8.6917808219e+2
3.0276497696e+2  8.7739726027e+2
3.0391705069e+2  7.8767123288e+2
3.0391705069e+2  8.4931506849e+2
3.0391705069e+2  8.8287671233e+2
3.0391705069e+2  7.9589041096e+2
3.0391705069e+2  7.8835616438e+2
3.0391705069e+2  7.8493150685e+2
3.0506912442e+2  8.4726027397e+2
3.0506912442e+2  7.9452054795e+2
3.0506912442e+2  8.7808219178e+2
3.0506912442e+2  7.9109589041e+2
3.0622119816e+2  7.9589041096e+2
3.0622119816e+2  8.7191780822e+2
3.0622119816e+2  8.7397260274e+2
3.0622119816e+2  8.0273972603e+2
3.0622119816e+2  7.8630136986e+2
3.0622119816e+2  8.1369863014e+2
3.0737327189e+2  7.9109589041e+2
3.0737327189e+2  7.7191780822e+2
3.0737327189e+2  7.7465753425e+2
3.0737327189e+2  8.7534246575e+2
3.0737327189e+2  7.7671232877e+2
3.0737327189e+2  7.9178082192e+2
3.0737327189e+2  7.8150684932e+2
3.0737327189e+2  8.6849315068e+2
3.0737327189e+2  8.0753424658e+2
3.0737327189e+2  8.0479452055e+2
3.0737327189e+2  8.1986301370e+2
3.0852534562e+2  8.4794520548e+2
3.0852534562e+2  7.9452054795e+2
3.0852534562e+2  7.9863013699e+2
3.0852534562e+2  7.7945205479e+2
3.0852534562e+2  8.7739726027e+2
3.0852534562e+2  8.1438356164e+2
3.0852534562e+2  8.5068493151e+2
3.0852534562e+2  7.8904109589e+2
3.0967741935e+2  7.9589041096e+2
3.0967741935e+2  7.8767123288e+2
3.0967741935e+2  8.7054794521e+2
3.0967741935e+2  8.7945205479e+2
3.0967741935e+2  8.7945205479e+2
3.1082949309e+2  7.8356164384e+2
3.1082949309e+2  8.0342465753e+2
3.1082949309e+2  7.7328767123e+2
3.1082949309e+2  8.7602739726e+2
3.1082949309e+2  7.8561643836e+2
3.1082949309e+2  8.0753424658e+2
3.1198156682e+2  8.4726027397e+2
3.1198156682e+2  6.7739726027e+2
3.1198156682e+2  7.8082191781e+2
3.1198156682e+2  6.7397260274e+2
3.1198156682e+2  6.7260273973e+2
3.1198156682e+2  6.8219178082e+2
3.1198156682e+2  8.7328767123e+2
3.1198156682e+2  8.0547945205e+2
3.1198156682e+2  7.7534246575e+2
3.1198156682e+2  7.8972602740e+2
3.1198156682e+2  8.1986301370e+2
3.1313364055e+2  8.0342465753e+2
3.1313364055e+2  8.2123287671e+2
3.1313364055e+2  7.7671232877e+2
3.1313364055e+2  7.7191780822e+2
3.1313364055e+2  7.7876712329e+2
3.1313364055e+2  6.7123287671e+2
3.1313364055e+2  8.8219178082e+2
3.1313364055e+2  7.6575342466e+2
3.1313364055e+2  7.9863013699e+2
3.1428571429e+2  7.8767123288e+2
3.1428571429e+2  8.4931506849e+2
3.1428571429e+2  8.7191780822e+2
3.1428571429e+2  8.6917808219e+2
3.1428571429e+2  8.0890410959e+2
3.1428571429e+2  8.2123287671e+2
3.1428571429e+2  7.8630136986e+2
3.1428571429e+2  6.8082191781e+2
3.1428571429e+2  7.9589041096e+2
3.1428571429e+2  7.9452054795e+2
3.1428571429e+2  6.7945205479e+2
3.1428571429e+2  7.6780821918e+2
3.1428571429e+2  8.7808219178e+2
3.1428571429e+2  6.8356164384e+2
3.1428571429e+2  8.0068493151e+2
3.1543778802e+2  6.7602739726e+2
3.1543778802e+2  7.6917808219e+2
3.1543778802e+2  7.6301369863e+2
3.1543778802e+2  8.1369863014e+2
3.1543778802e+2  7.8219178082e+2
3.1543778802e+2  8.1712328767e+2
3.1658986175e+2  7.8424657534e+2
3.1658986175e+2  8.4520547945e+2
3.1658986175e+2  8.0616438356e+2
3.1658986175e+2  8.2397260274e+2
3.1658986175e+2  7.7465753425e+2
3.1658986175e+2  7.7808219178e+2
3.1774193548e+2  6.7808219178e+2
3.1774193548e+2  8.8287671233e+2
3.1774193548e+2  7.7123287671e+2
3.1774193548e+2  8.1027397260e+2
3.1774193548e+2  8.1301369863e+2
3.1774193548e+2  8.4726027397e+2
3.1774193548e+2  7.6643835616e+2
3.1774193548e+2  8.0273972603e+2
3.1774193548e+2  7.9178082192e+2
3.1774193548e+2  6.7328767123e+2
3.1774193548e+2  6.8082191781e+2
3.1774193548e+2  7.7328767123e+2
3.1774193548e+2  8.5000000000e+2
3.1774193548e+2  8.1986301370e+2
3.1774193548e+2  7.8698630137e+2
3.1889400922e+2  8.7191780822e+2
3.1889400922e+2  7.7671232877e+2
3.1889400922e+2  8.2808219178e+2
3.1889400922e+2  7.8082191781e+2
3.1889400922e+2  8.0821917808e+2
3.1889400922e+2  7.9452054795e+2
3.1889400922e+2  6.8356164384e+2
3.1889400922e+2  7.8904109589e+2
3.2004608295e+2  8.2191780822e+2
3.2004608295e+2  8.2465753425e+2
3.2004608295e+2  7.8287671233e+2
3.2004608295e+2  7.6780821918e+2
3.2004608295e+2  6.7945205479e+2
3.2004608295e+2  8.1575342466e+2
3.2004608295e+2  6.7465753425e+2
3.2004608295e+2  7.6369863014e+2
3.2119815668e+2  6.7602739726e+2
3.2119815668e+2  7.9246575342e+2
3.2119815668e+2  6.7808219178e+2
3.2119815668e+2  7.6575342466e+2
3.2119815668e+2  8.0547945205e+2
3.2119815668e+2  7.6986301370e+2
3.2119815668e+2  7.8561643836e+2
3.2119815668e+2  7.7397260274e+2
3.2119815668e+2  8.1232876712e+2
3.2119815668e+2  7.7739726027e+2
3.2119815668e+2  8.4657534247e+2
3.2235023041e+2  7.8767123288e+2
3.2235023041e+2  6.8150684932e+2
3.2235023041e+2  7.9041095890e+2
3.2235023041e+2  8.4863013699e+2
3.2235023041e+2  8.1780821918e+2
3.2235023041e+2  8.1027397260e+2
3.2235023041e+2  8.0000000000e+2
3.2350230415e+2  8.1506849315e+2
3.2350230415e+2  7.6643835616e+2
3.2350230415e+2  8.2808219178e+2
3.2350230415e+2  8.2054794521e+2
3.2465437788e+2  6.7397260274e+2
3.2580645161e+2  6.7876712329e+2
3.2580645161e+2  6.7671232877e+2
3.2580645161e+2  8.2397260274e+2
3.2695852535e+2  8.2671232877e+2
3.2811059908e+2  6.7534246575e+2
3.2926267281e+2  8.2123287671e+2
3.3041474654e+2  8.2260273973e+2
3.3041474654e+2  6.7671232877e+2
3.3271889401e+2  8.2534246575e+2
3.3271889401e+2  6.7534246575e+2
3.3502304147e+2  6.7671232877e+2
3.5230414747e+2  8.5410958904e+2
3.5576036866e+2  8.4863013699e+2
3.5576036866e+2  8.4726027397e+2
3.5576036866e+2  8.5479452055e+2
3.5691244240e+2  8.5205479452e+2
3.5921658986e+2  8.5068493151e+2
3.6036866359e+2  8.5273972603e+2
3.6036866359e+2  8.5547945205e+2
3.6152073733e+2  8.4383561644e+2
3.6152073733e+2  8.5753424658e+2
3.6267281106e+2  8.5000000000e+2
3.6382488479e+2  8.5547945205e+2
3.6382488479e+2  8.4520547945e+2
3.6382488479e+2  8.5273972603e+2
3.6382488479e+2  8.4315068493e+2
3.6612903226e+2  8.4657534247e+2
3.6728110599e+2  8.5753424658e+2
3.6728110599e+2  8.4863013699e+2
3.6843317972e+2  8.5205479452e+2
3.6843317972e+2  8.5479452055e+2
3.6843317972e+2  8.4315068493e+2
3.6958525346e+2  8.4589041096e+2
3.6958525346e+2  8.5068493151e+2
3.7073732719e+2  8.4863013699e+2
3.7073732719e+2  8.5616438356e+2
3.7304147465e+2  8.4383561644e+2
3.7304147465e+2  8.5000000000e+2
3.7304147465e+2  8.5273972603e+2
3.7419354839e+2  8.3835616438e+2
3.7534562212e+2  8.5616438356e+2
3.7534562212e+2  8.4657534247e+2
3.7649769585e+2  8.3904109589e+2
3.7649769585e+2  8.4383561644e+2
3.7649769585e+2  8.4863013699e+2
3.7649769585e+2  8.5068493151e+2
3.7764976959e+2  8.4657534247e+2
3.7764976959e+2  8.5410958904e+2
3.7880184332e+2  8.3698630137e+2
3.7995391705e+2  8.6712328767e+2
3.7995391705e+2  8.5136986301e+2
3.7995391705e+2  8.4315068493e+2
3.7995391705e+2  8.5547945205e+2
3.8110599078e+2  8.4863013699e+2
3.8110599078e+2  8.6780821918e+2
3.8225806452e+2  8.5273972603e+2
3.8225806452e+2  8.4520547945e+2
3.8225806452e+2  8.4041095890e+2
3.8225806452e+2  8.3904109589e+2
3.8225806452e+2  8.6027397260e+2
3.8341013825e+2  8.3630136986e+2
3.8456221198e+2  8.5547945205e+2
3.8456221198e+2  8.4383561644e+2
3.8571428571e+2  8.6712328767e+2
3.8571428571e+2  8.6095890411e+2
3.8571428571e+2  8.6369863014e+2
3.8571428571e+2  8.5205479452e+2
3.8571428571e+2  8.5068493151e+2
3.8571428571e+2  8.4726027397e+2
3.8686635945e+2  8.5890410959e+2
3.8686635945e+2  8.3767123288e+2
3.8686635945e+2  8.3972602740e+2
3.8801843318e+2  8.5342465753e+2
3.8801843318e+2  8.5616438356e+2
3.8917050691e+2  8.3972602740e+2
3.8917050691e+2  8.4863013699e+2
3.8917050691e+2  8.6712328767e+2
3.8917050691e+2  8.4315068493e+2
3.8917050691e+2  8.4589041096e+2
3.8917050691e+2  8.6301369863e+2
3.9032258065e+2  8.5068493151e+2
3.9147465438e+2  8.5273972603e+2
3.9262672811e+2  8.6301369863e+2
3.9262672811e+2  8.6643835616e+2
3.9262672811e+2  8.5753424658e+2
3.9262672811e+2  8.3835616438e+2
3.9262672811e+2  8.3630136986e+2
3.9262672811e+2  8.4726027397e+2
3.9262672811e+2  8.4246575342e+2
3.9493087558e+2  8.4452054795e+2
3.9493087558e+2  8.5068493151e+2
3.9493087558e+2  8.3972602740e+2
3.9608294931e+2  8.5958904110e+2
3.9608294931e+2  8.6712328767e+2
3.9723502304e+2  8.3767123288e+2
3.9723502304e+2  8.4794520548e+2
3.9723502304e+2  8.6575342466e+2
3.9723502304e+2  8.6027397260e+2
3.9838709677e+2  8.5616438356e+2
3.9838709677e+2  8.4178082192e+2
3.9953917051e+2  8.5821917808e+2
3.9953917051e+2  8.6232876712e+2
3.9953917051e+2  8.5479452055e+2
3.9953917051e+2  8.5068493151e+2
3.9953917051e+2  8.4520547945e+2
4.0069124424e+2  8.6506849315e+2
4.0069124424e+2  8.6712328767e+2
4.0184331797e+2  8.6027397260e+2
4.0184331797e+2  8.4794520548e+2
4.0299539171e+2  8.6712328767e+2
4.0299539171e+2  8.3493150685e+2
4.0299539171e+2  8.5068493151e+2
4.0414746544e+2  8.3767123288e+2
4.0414746544e+2  8.5616438356e+2
4.0414746544e+2  8.5821917808e+2
4.0529953917e+2  8.4931506849e+2
4.0529953917e+2  8.5273972603e+2
4.0645161290e+2  8.6438356164e+2
4.0760368664e+2  8.6506849315e+2
4.0875576037e+2  8.5547945205e+2
4.0875576037e+2  8.5342465753e+2
4.1221198157e+2  8.6438356164e+2
4.1221198157e+2  8.5205479452e+2
4.1221198157e+2  8.4931506849e+2
4.1221198157e+2  8.6369863014e+2
4.1221198157e+2  8.6712328767e+2
4.1336405530e+2  8.5547945205e+2
4.1451612903e+2  8.5821917808e+2
4.1451612903e+2  8.5342465753e+2
4.1682027650e+2  8.5821917808e+2
4.1682027650e+2  8.6438356164e+2
4.2603686636e+2  8.3904109589e+2
4.2834101382e+2  8.3698630137e+2
4.2949308756e+2  8.4041095890e+2
4.3064516129e+2  8.4452054795e+2
4.3064516129e+2  8.4246575342e+2
4.3179723502e+2  8.3835616438e+2
4.3179723502e+2  8.3424657534e+2
4.3294930876e+2  8.4109589041e+2
4.3410138249e+2  8.3698630137e+2
4.3525345622e+2  8.4246575342e+2
4.3640552995e+2  8.4315068493e+2
4.3755760369e+2  8.3835616438e+2
4.3755760369e+2  8.4041095890e+2
4.3755760369e+2  8.3561643836e+2
4.3755760369e+2  8.3356164384e+2
4.3870967742e+2  8.4589041096e+2
4.4101382488e+2  8.4178082192e+2
4.4101382488e+2  8.3835616438e+2
4.4101382488e+2  8.3561643836e+2
4.4216589862e+2  8.3356164384e+2
4.4216589862e+2  8.3972602740e+2
4.4331797235e+2  8.3630136986e+2
4.4562211982e+2  8.3904109589e+2
4.4562211982e+2  8.4109589041e+2
4.4677419355e+2  8.3356164384e+2
4.4677419355e+2  8.3698630137e+2
4.4907834101e+2  8.3561643836e+2
4.5023041475e+2  8.4589041096e+2
4.5023041475e+2  8.4109589041e+2
4.5138248848e+2  8.3835616438e+2
4.5138248848e+2  8.3356164384e+2
4.5253456221e+2  8.4589041096e+2
4.5253456221e+2  8.4452054795e+2
4.5253456221e+2  8.3630136986e+2
4.5368663594e+2  8.3493150685e+2
4.5368663594e+2  8.3972602740e+2
4.5599078341e+2  8.3561643836e+2
4.5599078341e+2  8.4109589041e+2
4.5599078341e+2  8.3767123288e+2
4.5714285714e+2  8.3356164384e+2
4.5944700461e+2  8.3904109589e+2
4.5944700461e+2  8.3630136986e+2
5.5737327189e+2  8.3356164384e+2
5.6082949309e+2  8.3219178082e+2
5.6313364055e+2  8.3424657534e+2
5.6543778802e+2  8.3904109589e+2
5.6658986175e+2  8.3698630137e+2
5.6658986175e+2  8.3013698630e+2
5.6658986175e+2  8.3219178082e+2
5.6774193548e+2  8.3424657534e+2
5.7119815668e+2  8.3013698630e+2
5.7119815668e+2  8.3287671233e+2
5.7119815668e+2  8.3561643836e+2
5.7350230415e+2  8.3698630137e+2
5.7465437788e+2  8.3904109589e+2
5.7465437788e+2  8.3493150685e+2
5.7465437788e+2  8.2534246575e+2
5.7580645161e+2  8.2945205479e+2
5.7580645161e+2  8.3287671233e+2
5.7695852535e+2  8.3835616438e+2
5.7695852535e+2  8.2739726027e+2
5.7695852535e+2  8.3424657534e+2
5.7695852535e+2  8.3630136986e+2
5.7926267281e+2  8.3287671233e+2
5.7926267281e+2  8.3150684932e+2
5.8156682028e+2  8.3493150685e+2
5.8156682028e+2  8.2945205479e+2
5.8156682028e+2  8.3767123288e+2
5.8271889401e+2  8.3150684932e+2
5.8387096774e+2  8.3287671233e+2
5.8502304147e+2  8.3013698630e+2
5.8502304147e+2  8.3767123288e+2
5.8502304147e+2  8.2671232877e+2
5.8617511521e+2  8.3424657534e+2
5.8617511521e+2  8.3561643836e+2
5.8732718894e+2  8.2876712329e+2
5.8732718894e+2  8.3150684932e+2
5.8847926267e+2  8.2465753425e+2
5.8963133641e+2  8.3424657534e+2
5.8963133641e+2  8.3630136986e+2
5.9078341014e+2  8.3082191781e+2
5.9193548387e+2  8.3287671233e+2
5.9193548387e+2  8.3561643836e+2
5.9193548387e+2  8.2808219178e+2
5.9539170507e+2  8.3493150685e+2
5.9539170507e+2  8.2328767123e+2
5.9539170507e+2  8.3287671233e+2
5.9539170507e+2  8.3013698630e+2
5.9884792627e+2  8.3904109589e+2
5.9884792627e+2  8.3013698630e+2
5.9884792627e+2  8.3287671233e+2
6.0000000000e+2  8.3561643836e+2
6.0230414747e+2  8.2397260274e+2
6.0230414747e+2  8.2945205479e+2
6.0230414747e+2  8.3356164384e+2
6.0345622120e+2  8.3082191781e+2
6.0345622120e+2  8.3835616438e+2
6.0460829493e+2  8.2602739726e+2
6.0460829493e+2  8.3630136986e+2
6.0691244240e+2  8.2602739726e+2
6.0806451613e+2  8.3904109589e+2
6.0921658986e+2  8.3082191781e+2
6.1036866359e+2  8.3835616438e+2
6.3736263736e+2  7.7592592593e+2
6.3956043956e+2  7.6805555556e+2
6.3956043956e+2  7.7175925926e+2
6.4175824176e+2  7.7083333333e+2
6.4395604396e+2  7.6342592593e+2
6.4615384615e+2  7.7546296296e+2
6.4835164835e+2  7.7314814815e+2
6.4835164835e+2  7.7916666667e+2
6.5274725275e+2  7.6898148148e+2
6.5494505495e+2  7.7037037037e+2
6.6373626374e+2  7.8703703704e+2
6.7912087912e+2  7.4907407407e+2
6.8131868132e+2  7.6018518519e+2
6.8131868132e+2  7.4675925926e+2
6.8351648352e+2  7.6435185185e+2
6.8351648352e+2  7.8750000000e+2
6.8571428571e+2  7.6250000000e+2
6.8571428571e+2  7.6666666667e+2
6.8571428571e+2  7.5324074074e+2
6.8791208791e+2  7.8472222222e+2
6.8791208791e+2  7.8009259259e+2
6.9010989011e+2  7.7824074074e+2
6.9010989011e+2  7.9074074074e+2
6.9010989011e+2  7.6018518519e+2
6.9230769231e+2  7.7175925926e+2
6.9230769231e+2  7.5555555556e+2
6.9450549451e+2  7.8750000000e+2
6.9670329670e+2  7.7500000000e+2
6.9670329670e+2  7.9259259259e+2
6.9670329670e+2  7.9583333333e+2
6.9670329670e+2  7.9768518519e+2
6.9670329670e+2  7.6157407407e+2
6.9670329670e+2  8.1481481481e+2
6.9890109890e+2  8.0138888889e+2
6.9890109890e+2  7.8472222222e+2
6.9890109890e+2  7.9907407407e+2
7.0109890110e+2  7.8240740741e+2
7.0109890110e+2  8.2083333333e+2
7.0109890110e+2  8.1851851852e+2
7.0109890110e+2  8.0787037037e+2
7.0109890110e+2  8.0324074074e+2
7.0329670330e+2  8.1296296296e+2
7.0549450549e+2  8.1064814815e+2
7.0549450549e+2  7.9768518519e+2
7.0549450549e+2  7.9120370370e+2
7.0769230769e+2  7.8379629630e+2
7.0769230769e+2  8.1620370370e+2
7.0989010989e+2  8.0555555556e+2
7.1208791209e+2  7.9629629630e+2
7.1208791209e+2  8.1296296296e+2
7.1208791209e+2  8.1990740741e+2
7.1648351648e+2  8.1388888889e+2
7.1648351648e+2  8.2592592593e+2
7.1868131868e+2  8.1620370370e+2
7.1868131868e+2  8.0787037037e+2
7.2307692308e+2  8.1018518519e+2
7.2967032967e+2  8.1574074074e+2
9.9340659341e+2  7.7222222222e+2
9.9340659341e+2  7.8333333333e+2
9.9560439560e+2  7.6018518519e+2
9.9780219780e+2  7.6481481481e+2
9.9780219780e+2  7.7592592593e+2
9.9780219780e+2  7.7407407407e+2
1.0021978022e+3  7.6759259259e+2
1.0065934066e+3  7.7361111111e+2
1.0087912088e+3  7.6805555556e+2
1.0109890110e+3  7.6018518519e+2
1.0109890110e+3  7.8379629630e+2
1.0109890110e+3  7.7546296296e+2
1.0109890110e+3  7.8750000000e+2
1.0109890110e+3  7.6527777778e+2
1.0153846154e+3  7.7314814815e+2
1.0175824176e+3  7.8657407407e+2
1.0197802198e+3  7.8333333333e+2
1.0197802198e+3  7.7453703704e+2
1.0197802198e+3  7.6018518519e+2
1.0197802198e+3  8.0462962963e+2
1.0197802198e+3  7.8518518519e+2
1.0197802198e+3  7.8842592593e+2
1.0219780220e+3  7.7638888889e+2
1.0263736264e+3  7.8611111111e+2
1.0285714286e+3  7.8333333333e+2
1.0285714286e+3  7.5972222222e+2
1.0307692308e+3  7.7546296296e+2
1.0307692308e+3  7.8564814815e+2
1.0329670330e+3  7.6481481481e+2
1.0329670330e+3  7.8750000000e+2
1.0351648352e+3  7.8287037037e+2
1.0395604396e+3  8.1574074074e+2
1.0395604396e+3  7.8564814815e+2
1.0395604396e+3  7.8888888889e+2
1.0461538462e+3  8.2129629630e+2
1.0461538462e+3  8.1018518519e+2
1.0461538462e+3  8.6527777778e+2
1.0483516484e+3  8.1574074074e+2
1.0483516484e+3  8.0972222222e+2
1.0483516484e+3  8.2500000000e+2
1.0483516484e+3  8.0509259259e+2
1.0527472527e+3  8.0509259259e+2
1.0549450549e+3  8.5972222222e+2
1.0549450549e+3  8.2083333333e+2
1.0571428571e+3  8.1064814815e+2
1.0593406593e+3  8.2546296296e+2
1.0615384615e+3  8.3287037037e+2
1.0615384615e+3  8.2824074074e+2
1.0615384615e+3  8.5740740741e+2
1.0681318681e+3  8.5694444444e+2
1.0681318681e+3  8.3333333333e+2
1.0703296703e+3  8.2592592593e+2
1.0703296703e+3  8.2592592593e+2
1.0703296703e+3  8.5972222222e+2
1.0703296703e+3  8.6481481481e+2
1.0725274725e+3  8.2731481481e+2
1.0769230769e+3  8.2500000000e+2
1.0901098901e+3  8.5694444444e+2
1.0989010989e+3  8.6527777778e+2
1.1098901099e+3  8.5972222222e+2
1.1868131868e+3  8.7314814815e+2
1.1890109890e+3  8.7546296296e+2
1.2000000000e+3  8.7546296296e+2
1.2043956044e+3  8.7361111111e+2
1.2109890110e+3  9.0185185185e+2
1.2131868132e+3  8.7824074074e+2
1.2131868132e+3  8.9953703704e+2
1.2131868132e+3  8.7546296296e+2
1.2131868132e+3  9.2777777778e+2
1.2131868132e+3  8.6990740741e+2
1.2153846154e+3  8.8472222222e+2
1.2175824176e+3  8.7268518519e+2
1.2197802198e+3  8.6990740741e+2
1.2197802198e+3  8.8842592593e+2
1.2197802198e+3  9.1018518519e+2
1.2197802198e+3  8.8240740741e+2
1.2241758242e+3  8.6620370370e+2
1.2241758242e+3  8.7592592593e+2
1.2263736264e+3  8.8101851852e+2
1.2263736264e+3  9.0138888889e+2
1.2263736264e+3  8.7731481481e+2
1.2285714286e+3  8.6851851852e+2
1.2285714286e+3  9.1250000000e+2
1.2285714286e+3  8.7407407407e+2
1.2307692308e+3  8.9166666667e+2
1.2307692308e+3  8.7916666667e+2
1.2329670330e+3  8.8287037037e+2
1.2351648352e+3  9.1805555556e+2
1.2351648352e+3  8.8611111111e+2
1.2351648352e+3  9.0000000000e+2
1.2351648352e+3  8.7638888889e+2
1.2373626374e+3  8.7361111111e+2
1.2395604396e+3  8.8055555556e+2
1.2395604396e+3  8.8981481481e+2
1.2417582418e+3  9.0046296296e+2
1.2417582418e+3  9.1435185185e+2
1.2417582418e+3  8.8796296296e+2
1.2417582418e+3  8.8564814815e+2
1.2439560440e+3  8.7824074074e+2
1.2439560440e+3  8.8287037037e+2
1.2461538462e+3  8.7175925926e+2
1.2461538462e+3  8.9212962963e+2
1.2505494505e+3  8.8055555556e+2
1.2505494505e+3  8.8888888889e+2
1.2527472527e+3  9.0000000000e+2
1.2527472527e+3  8.8425925926e+2
1.2527472527e+3  9.0185185185e+2
1.2549450549e+3  8.9351851852e+2
1.2549450549e+3  8.7777777778e+2
1.2549450549e+3  8.8611111111e+2
1.2571428571e+3  8.5185185185e+2
1.2593406593e+3  8.9074074074e+2
1.2593406593e+3  8.8796296296e+2
1.2593406593e+3  8.8194444444e+2
1.2637362637e+3  8.8518518519e+2
1.2637362637e+3  8.9629629630e+2
1.2637362637e+3  8.7824074074e+2
1.2659340659e+3  8.9814814815e+2
1.2681318681e+3  8.8611111111e+2
1.2681318681e+3  8.9351851852e+2
1.2681318681e+3  8.5277777778e+2
1.2703296703e+3  8.8333333333e+2
1.2703296703e+3  8.9722222222e+2
1.2703296703e+3  8.8935185185e+2
1.2725274725e+3  8.8009259259e+2
1.2725274725e+3  8.3472222222e+2
1.2747252747e+3  8.9120370370e+2
1.2769230769e+3  8.9490740741e+2
1.2769230769e+3  8.2962962963e+2
1.2791208791e+3  8.7546296296e+2
1.2791208791e+3  8.5509259259e+2
1.2791208791e+3  8.8888888889e+2
1.2791208791e+3  8.8611111111e+2
1.2791208791e+3  8.3472222222e+2
1.2813186813e+3  8.2870370370e+2
1.2813186813e+3  8.8379629630e+2
1.2813186813e+3  8.7916666667e+2
1.2835164835e+3  8.5324074074e+2
1.2835164835e+3  8.7129629630e+2
1.2835164835e+3  8.9166666667e+2
1.2835164835e+3  8.8194444444e+2
1.2857142857e+3  8.9629629630e+2
1.2857142857e+3  9.0277777778e+2
1.2857142857e+3  8.8703703704e+2
1.2879120879e+3  8.3009259259e+2
1.2901098901e+3  8.8472222222e+2
1.2901098901e+3  8.7685185185e+2
1.2923076923e+3  8.8240740741e+2
1.2923076923e+3  8.8888888889e+2
1.2945054945e+3  8.3657407407e+2
1.2945054945e+3  8.9166666667e+2
1.2967032967e+3  8.2962962963e+2
1.3032967033e+3  9.2175925926e+2
1.3054945055e+3  8.3287037037e+2
1.3054945055e+3  8.5694444444e+2
1.3054945055e+3  8.8425925926e+2
1.3076923077e+3  8.8333333333e+2
1.3120879121e+3  8.3287037037e+2
1.3142857143e+3  9.1435185185e+2
1.3164835165e+3  8.3657407407e+2
1.3208791209e+3  9.0416666667e+2
1.3208791209e+3  8.5462962963e+2
1.3274725275e+3  8.3657407407e+2
1.3274725275e+3  9.1944444444e+2
1.3362637363e+3  9.0648148148e+2
1.3362637363e+3  8.4629629630e+2
1.3384615385e+3  8.4814814815e+2
1.3604395604e+3  8.3657407407e+2
1.3824175824e+3  8.7314814815e+2
1.3846153846e+3  8.6435185185e+2
1.4021978022e+3  8.6481481481e+2
1.4131868132e+3  8.7314814815e+2
1.4153846154e+3  8.7592592593e+2
1.4197802198e+3  8.7037037037e+2
1.4241758242e+3  8.7824074074e+2
1.4263736264e+3  8.7129629630e+2
1.4285714286e+3  8.7685185185e+2
1.4307692308e+3  8.8009259259e+2
1.4373626374e+3  8.7638888889e+2
1.4439560440e+3  8.4953703704e+2
1.4461538462e+3  8.7175925926e+2
1.4505494505e+3  8.7037037037e+2
1.4527472527e+3  8.4537037037e+2
1.4549450549e+3  8.4861111111e+2
1.4549450549e+3  8.7638888889e+2
1.4637362637e+3  8.4675925926e+2
1.4637362637e+3  8.7129629630e+2
1.4725274725e+3  8.7037037037e+2
1.4747252747e+3  8.4907407407e+2
1.4769230769e+3  8.8009259259e+2
1.4857142857e+3  8.4722222222e+2
1.4857142857e+3  8.4259259259e+2
1.4857142857e+3  8.7175925926e+2
1.4879120879e+3  8.4953703704e+2
1.4967032967e+3  8.4675925926e+2
