    0.10337E+01    0.21802E+01    0.21091E+01
    0.10337E+01    0.21802E+01    0.21091E+01
    0.10349E+01    0.21802E+01    0.21067E+01
    0.10349E+01    0.21802E+01    0.21067E+01
    0.10373E+01    0.21802E+01    0.21018E+01
    0.10302E+01    0.21731E+01    0.21094E+01
    0.10302E+01    0.21731E+01    0.21094E+01
    0.10396E+01    0.21731E+01    0.20903E+01
    0.10396E+01    0.21731E+01    0.20903E+01
    0.99112E+00    0.21660E+01    0.21854E+01
    0.10018E+01    0.21660E+01    0.21621E+01
    0.10077E+01    0.21660E+01    0.21494E+01
    0.10077E+01    0.21660E+01    0.21494E+01
    0.10172E+01    0.21660E+01    0.21294E+01
    0.10243E+01    0.21660E+01    0.21146E+01
    0.10408E+01    0.21660E+01    0.20811E+01
    0.10408E+01    0.21660E+01    0.20811E+01
    0.10491E+01    0.21590E+01    0.20580E+01
    0.10503E+01    0.21590E+01    0.20556E+01
    0.10503E+01    0.21590E+01    0.20556E+01
    0.10515E+01    0.21590E+01    0.20533E+01
    0.10515E+01    0.21590E+01    0.20533E+01
    0.10538E+01    0.21590E+01    0.20488E+01
    0.10562E+01    0.21448E+01    0.20307E+01
    0.10562E+01    0.21448E+01    0.20307E+01
    0.10586E+01    0.21448E+01    0.20261E+01
    0.10586E+01    0.21448E+01    0.20261E+01
    0.10621E+01    0.21448E+01    0.20194E+01
    0.10669E+01    0.21448E+01    0.20103E+01
    0.10669E+01    0.21448E+01    0.20103E+01
    0.10692E+01    0.21377E+01    0.19993E+01
    0.10692E+01    0.21377E+01    0.19993E+01
    0.10728E+01    0.21306E+01    0.19860E+01
    0.10728E+01    0.21306E+01    0.19860E+01
    0.10740E+01    0.21306E+01    0.19838E+01
    0.10751E+01    0.21235E+01    0.19752E+01
    0.10751E+01    0.21235E+01    0.19752E+01
    0.10763E+01    0.21235E+01    0.19730E+01
    0.10763E+01    0.21235E+01    0.19730E+01
    0.10811E+01    0.21093E+01    0.19511E+01
    0.10822E+01    0.21093E+01    0.19491E+01
    0.10822E+01    0.21093E+01    0.19491E+01
    0.10858E+01    0.21093E+01    0.19426E+01
    0.10858E+01    0.21093E+01    0.19426E+01
    0.10882E+01    0.21022E+01    0.19318E+01
    0.10893E+01    0.20951E+01    0.19233E+01
    0.10893E+01    0.20951E+01    0.19233E+01
    0.10917E+01    0.20739E+01    0.18997E+01
    0.10917E+01    0.20739E+01    0.18997E+01
    0.10953E+01    0.20739E+01    0.18935E+01
    0.10976E+01    0.20739E+01    0.18895E+01
    0.10976E+01    0.20739E+01    0.18895E+01
    0.11000E+01    0.20668E+01    0.18789E+01
    0.11000E+01    0.20668E+01    0.18789E+01
    0.11012E+01    0.20597E+01    0.18704E+01
    0.11036E+01    0.20597E+01    0.18663E+01
    0.11036E+01    0.20597E+01    0.18663E+01
    0.11059E+01    0.20526E+01    0.18560E+01
    0.11059E+01    0.20526E+01    0.18560E+01
    0.11059E+01    0.20455E+01    0.18496E+01
    0.11095E+01    0.20455E+01    0.18436E+01
    0.11095E+01    0.20455E+01    0.18436E+01
    0.11118E+01    0.20313E+01    0.18270E+01
    0.11118E+01    0.20313E+01    0.18270E+01
    0.11130E+01    0.20243E+01    0.18188E+01
    0.11154E+01    0.20101E+01    0.18021E+01
    0.11154E+01    0.20101E+01    0.18021E+01
    0.11201E+01    0.19959E+01    0.17819E+01
    0.11201E+01    0.19959E+01    0.17819E+01
    0.11201E+01    0.19959E+01    0.17819E+01
    0.11201E+01    0.19959E+01    0.17819E+01
    0.11225E+01    0.19888E+01    0.17718E+01
    0.11272E+01    0.19675E+01    0.17455E+01
    0.11272E+01    0.19675E+01    0.17455E+01
    0.11272E+01    0.19604E+01    0.17392E+01
    0.11272E+01    0.19604E+01    0.17392E+01
    0.11308E+01    0.19463E+01    0.17212E+01
    0.11331E+01    0.19321E+01    0.17051E+01
    0.11331E+01    0.19321E+01    0.17051E+01
    0.11379E+01    0.19037E+01    0.16730E+01
    0.11379E+01    0.19037E+01    0.16730E+01
    0.11379E+01    0.18966E+01    0.16668E+01
    0.11379E+01    0.18966E+01    0.16668E+01
    0.11402E+01    0.18966E+01    0.16634E+01
    0.11426E+01    0.18754E+01    0.16413E+01
    0.11426E+01    0.18754E+01    0.16413E+01
    0.11462E+01    0.18541E+01    0.16176E+01
    0.11462E+01    0.18541E+01    0.16176E+01
    0.11462E+01    0.18470E+01    0.16114E+01
    0.11462E+01    0.18470E+01    0.16114E+01
    0.11509E+01    0.18187E+01    0.15802E+01
    0.11509E+01    0.18116E+01    0.15741E+01
    0.11509E+01    0.18116E+01    0.15741E+01
    0.11521E+01    0.17903E+01    0.15539E+01
    0.11521E+01    0.17903E+01    0.15539E+01
    0.11556E+01    0.17619E+01    0.15247E+01
    0.11556E+01    0.17549E+01    0.15186E+01
    0.11556E+01    0.17549E+01    0.15186E+01
    0.11568E+01    0.17478E+01    0.15109E+01
    0.11568E+01    0.17478E+01    0.15109E+01
    0.11592E+01    0.16981E+01    0.14649E+01
    0.11615E+01    0.16840E+01    0.14498E+01
    0.11615E+01    0.16840E+01    0.14498E+01
    0.11615E+01    0.16698E+01    0.14376E+01
    0.11615E+01    0.16698E+01    0.14376E+01
    0.11627E+01    0.16556E+01    0.14239E+01
    0.11639E+01    0.16485E+01    0.14164E+01
    0.11639E+01    0.16485E+01    0.14164E+01
    0.11651E+01    0.16414E+01    0.14088E+01
    0.11651E+01    0.16414E+01    0.14088E+01
    0.11686E+01    0.15989E+01    0.13682E+01
    0.11686E+01    0.15989E+01    0.13682E+01
    0.11686E+01    0.15989E+01    0.13682E+01
    0.11710E+01    0.15634E+01    0.13351E+01
    0.11710E+01    0.15634E+01    0.13351E+01
    0.11710E+01    0.15351E+01    0.13109E+01
    0.11722E+01    0.15209E+01    0.12975E+01
    0.11722E+01    0.15209E+01    0.12975E+01
    0.11722E+01    0.14996E+01    0.12793E+01
    0.11722E+01    0.14996E+01    0.12793E+01
    0.11746E+01    0.14642E+01    0.12466E+01
    0.11746E+01    0.14571E+01    0.12405E+01
    0.11746E+01    0.14571E+01    0.12405E+01
    0.11746E+01    0.14429E+01    0.12284E+01
    0.11746E+01    0.14429E+01    0.12284E+01
    0.11746E+01    0.13933E+01    0.11862E+01
    0.11746E+01    0.13720E+01    0.11681E+01
    0.11746E+01    0.13720E+01    0.11681E+01
    0.11746E+01    0.13011E+01    0.11077E+01
    0.11746E+01    0.12940E+01    0.11017E+01
    0.11746E+01    0.12940E+01    0.11017E+01
    0.11757E+01    0.12586E+01    0.10705E+01
    0.11757E+01    0.12586E+01    0.10705E+01
    0.11757E+01    0.12515E+01    0.10645E+01
    0.11757E+01    0.12515E+01    0.10645E+01
    0.11769E+01    0.11948E+01    0.10152E+01
    0.11769E+01    0.11877E+01    0.10092E+01
    0.11769E+01    0.11877E+01    0.10092E+01
    0.11769E+01    0.11806E+01    0.10031E+01
    0.11769E+01    0.11806E+01    0.10031E+01
    0.11769E+01    0.11735E+01    0.99711E+00
    0.11781E+01    0.11310E+01    0.96002E+00
    0.11781E+01    0.11168E+01    0.94797E+00
    0.11781E+01    0.11168E+01    0.94797E+00
    0.11781E+01    0.11097E+01    0.94194E+00
    0.11781E+01    0.11097E+01    0.94194E+00
    0.11769E+01    0.10743E+01    0.91282E+00
    0.11746E+01    0.10530E+01    0.89648E+00
    0.11746E+01    0.10530E+01    0.89648E+00
    0.11746E+01    0.10459E+01    0.89043E+00
    0.11746E+01    0.10459E+01    0.89043E+00
    0.11746E+01    0.10175E+01    0.86625E+00
    0.11746E+01    0.98209E+00    0.83611E+00
    0.11746E+01    0.98209E+00    0.83611E+00
    0.11746E+01    0.96082E+00    0.81800E+00
    0.11746E+01    0.96082E+00    0.81800E+00
    0.11746E+01    0.94664E+00    0.80593E+00
    0.11746E+01    0.94664E+00    0.80593E+00
    0.11746E+01    0.93955E+00    0.79989E+00
    0.11746E+01    0.92537E+00    0.78782E+00
    0.11746E+01    0.92537E+00    0.78782E+00
    0.11746E+01    0.91828E+00    0.78178E+00
    0.11746E+01    0.91828E+00    0.78178E+00
    0.11746E+01    0.90410E+00    0.76971E+00
    0.11746E+01    0.89701E+00    0.76367E+00
    0.11746E+01    0.89701E+00    0.76367E+00
    0.11746E+01    0.88993E+00    0.75765E+00
    0.11746E+01    0.88993E+00    0.75765E+00
    0.11746E+01    0.86866E+00    0.73954E+00
    0.11746E+01    0.84739E+00    0.72143E+00
    0.11746E+01    0.84739E+00    0.72143E+00
    0.11746E+01    0.81903E+00    0.69728E+00
    0.11746E+01    0.81903E+00    0.69728E+00
    0.11746E+01    0.81194E+00    0.69125E+00
    0.11746E+01    0.81194E+00    0.69125E+00
    0.11746E+01    0.79776E+00    0.67918E+00
    0.11746E+01    0.76231E+00    0.64900E+00
    0.11746E+01    0.76231E+00    0.64900E+00
    0.11746E+01    0.73396E+00    0.62486E+00
    0.11746E+01    0.73396E+00    0.62486E+00
    0.11746E+01    0.69851E+00    0.59468E+00
    0.11746E+01    0.69851E+00    0.59468E+00
    0.11757E+01    0.67015E+00    0.57000E+00
    0.11757E+01    0.67015E+00    0.57000E+00
    0.11781E+01    0.64179E+00    0.54477E+00
    0.11781E+01    0.64179E+00    0.54477E+00
    0.11793E+01    0.60634E+00    0.51415E+00
    0.11793E+01    0.60634E+00    0.51415E+00
    0.11805E+01    0.58507E+00    0.49561E+00
    0.11805E+01    0.58507E+00    0.49561E+00
    0.11817E+01    0.56381E+00    0.47712E+00
    0.11817E+01    0.56381E+00    0.47712E+00
