    0.13412E+01    0.27861E+01    0.20773E+01
    0.13412E+01    0.27861E+01    0.20773E+01
    0.13441E+01    0.27861E+01    0.20728E+01
    0.13441E+01    0.27861E+01    0.20728E+01
    0.13353E+01    0.27860E+01    0.20864E+01
    0.13485E+01    0.27806E+01    0.20620E+01
    0.13485E+01    0.27806E+01    0.20620E+01
    0.13750E+01    0.27696E+01    0.20143E+01
    0.13647E+01    0.27695E+01    0.20294E+01
    0.13647E+01    0.27695E+01    0.20294E+01
    0.13676E+01    0.27695E+01    0.20251E+01
    0.13676E+01    0.27695E+01    0.20251E+01
    0.13691E+01    0.27695E+01    0.20229E+01
    0.13691E+01    0.27695E+01    0.20229E+01
    0.13529E+01    0.27694E+01    0.20470E+01
    0.13574E+01    0.27694E+01    0.20402E+01
    0.13574E+01    0.27694E+01    0.20402E+01
    0.13868E+01    0.27473E+01    0.19810E+01
    0.13868E+01    0.27473E+01    0.19810E+01
    0.13794E+01    0.27472E+01    0.19916E+01
    0.13794E+01    0.27472E+01    0.19916E+01
    0.13882E+01    0.27361E+01    0.19710E+01
    0.13882E+01    0.27361E+01    0.19710E+01
    0.13926E+01    0.27305E+01    0.19607E+01
    0.13926E+01    0.27305E+01    0.19607E+01
    0.13941E+01    0.27194E+01    0.19506E+01
    0.14000E+01    0.27138E+01    0.19384E+01
    0.14000E+01    0.27138E+01    0.19384E+01
    0.14015E+01    0.27082E+01    0.19324E+01
    0.14015E+01    0.27082E+01    0.19324E+01
    0.14044E+01    0.27026E+01    0.19244E+01
    0.14059E+01    0.26971E+01    0.19184E+01
    0.14059E+01    0.26971E+01    0.19184E+01
    0.14074E+01    0.26859E+01    0.19084E+01
    0.14074E+01    0.26859E+01    0.19084E+01
    0.14103E+01    0.26803E+01    0.19005E+01
    0.14132E+01    0.26747E+01    0.18927E+01
    0.14132E+01    0.26747E+01    0.18927E+01
    0.14147E+01    0.26691E+01    0.18867E+01
    0.14147E+01    0.26691E+01    0.18867E+01
    0.14162E+01    0.26635E+01    0.18807E+01
    0.14176E+01    0.26523E+01    0.18710E+01
    0.14176E+01    0.26523E+01    0.18710E+01
    0.14221E+01    0.26356E+01    0.18533E+01
    0.14221E+01    0.26356E+01    0.18533E+01
    0.14250E+01    0.26300E+01    0.18456E+01
    0.14265E+01    0.26244E+01    0.18397E+01
    0.14265E+01    0.26244E+01    0.18397E+01
    0.14279E+01    0.26132E+01    0.18301E+01
    0.14279E+01    0.26132E+01    0.18301E+01
    0.14324E+01    0.26021E+01    0.18166E+01
    0.14324E+01    0.25909E+01    0.18088E+01
    0.14324E+01    0.25909E+01    0.18088E+01
    0.14338E+01    0.25797E+01    0.17992E+01
    0.14338E+01    0.25797E+01    0.17992E+01
    0.14368E+01    0.25685E+01    0.17877E+01
    0.14397E+01    0.25517E+01    0.17724E+01
    0.14397E+01    0.25517E+01    0.17724E+01
    0.14426E+01    0.25349E+01    0.17572E+01
    0.14426E+01    0.25349E+01    0.17572E+01
    0.14441E+01    0.25237E+01    0.17476E+01
    0.14441E+01    0.25237E+01    0.17476E+01
    0.14471E+01    0.25070E+01    0.17324E+01
    0.14485E+01    0.24902E+01    0.17192E+01
    0.14485E+01    0.24902E+01    0.17192E+01
    0.14500E+01    0.24790E+01    0.17097E+01
    0.14500E+01    0.24790E+01    0.17097E+01
    0.14515E+01    0.24622E+01    0.16963E+01
    0.14529E+01    0.24454E+01    0.16831E+01
    0.14529E+01    0.24454E+01    0.16831E+01
    0.14544E+01    0.24342E+01    0.16737E+01
    0.14544E+01    0.24342E+01    0.16737E+01
    0.14544E+01    0.24230E+01    0.16660E+01
    0.14559E+01    0.24174E+01    0.16604E+01
    0.14559E+01    0.24174E+01    0.16604E+01
    0.14574E+01    0.24062E+01    0.16510E+01
    0.14574E+01    0.24062E+01    0.16510E+01
    0.14574E+01    0.23950E+01    0.16433E+01
    0.14588E+01    0.23726E+01    0.16264E+01
    0.14588E+01    0.23726E+01    0.16264E+01
    0.14618E+01    0.23446E+01    0.16039E+01
    0.14618E+01    0.23446E+01    0.16039E+01
    0.14618E+01    0.23334E+01    0.15963E+01
    0.14618E+01    0.23334E+01    0.15963E+01
    0.14647E+01    0.23110E+01    0.15778E+01
    0.14647E+01    0.22774E+01    0.15549E+01
    0.14662E+01    0.22550E+01    0.15380E+01
    0.14662E+01    0.22550E+01    0.15380E+01
    0.14706E+01    0.22271E+01    0.15144E+01
    0.14706E+01    0.22271E+01    0.15144E+01
    0.14721E+01    0.21991E+01    0.14939E+01
    0.14721E+01    0.21991E+01    0.14939E+01
    0.14735E+01    0.21823E+01    0.14810E+01
    0.14735E+01    0.21823E+01    0.14810E+01
    0.14735E+01    0.21711E+01    0.14734E+01
    0.14735E+01    0.21711E+01    0.14734E+01
    0.14750E+01    0.21487E+01    0.14567E+01
    0.14765E+01    0.21263E+01    0.14401E+01
    0.14765E+01    0.21263E+01    0.14401E+01
    0.14765E+01    0.21263E+01    0.14401E+01
    0.14765E+01    0.21263E+01    0.14401E+01
    0.14765E+01    0.21207E+01    0.14363E+01
    0.14765E+01    0.20759E+01    0.14060E+01
    0.14765E+01    0.20535E+01    0.13908E+01
    0.14765E+01    0.20535E+01    0.13908E+01
    0.14779E+01    0.20311E+01    0.13743E+01
    0.14779E+01    0.20311E+01    0.13743E+01
    0.14794E+01    0.20143E+01    0.13616E+01
    0.14794E+01    0.20143E+01    0.13616E+01
    0.14794E+01    0.20031E+01    0.13540E+01
    0.14794E+01    0.20031E+01    0.13540E+01
    0.14794E+01    0.19919E+01    0.13464E+01
    0.14794E+01    0.19638E+01    0.13274E+01
    0.14794E+01    0.19638E+01    0.13274E+01
    0.14794E+01    0.19414E+01    0.13123E+01
    0.14794E+01    0.19414E+01    0.13123E+01
    0.14794E+01    0.19302E+01    0.13047E+01
    0.14794E+01    0.19302E+01    0.13047E+01
    0.14809E+01    0.19078E+01    0.12883E+01
    0.14809E+01    0.19078E+01    0.12883E+01
    0.14809E+01    0.18966E+01    0.12807E+01
    0.14809E+01    0.18966E+01    0.12807E+01
    0.14809E+01    0.18798E+01    0.12694E+01
    0.14809E+01    0.18798E+01    0.12694E+01
    0.14824E+01    0.18406E+01    0.12416E+01
    0.14809E+01    0.18126E+01    0.12240E+01
    0.14809E+01    0.17734E+01    0.11975E+01
    0.14809E+01    0.17454E+01    0.11786E+01
    0.14809E+01    0.17454E+01    0.11786E+01
    0.14809E+01    0.17286E+01    0.11673E+01
    0.14809E+01    0.17286E+01    0.11673E+01
    0.14809E+01    0.16950E+01    0.11446E+01
    0.14809E+01    0.16557E+01    0.11180E+01
    0.14809E+01    0.16277E+01    0.10991E+01
    0.14809E+01    0.16277E+01    0.10991E+01
    0.14809E+01    0.15941E+01    0.10764E+01
    0.14809E+01    0.15549E+01    0.10500E+01
    0.14809E+01    0.15213E+01    0.10273E+01
    0.14765E+01    0.14820E+01    0.10037E+01
    0.14765E+01    0.14372E+01    0.97338E+00
    0.14765E+01    0.14092E+01    0.95442E+00
    0.14765E+01    0.14092E+01    0.95442E+00
    0.14750E+01    0.13700E+01    0.92881E+00
    0.14765E+01    0.13420E+01    0.90891E+00
    0.14735E+01    0.13083E+01    0.88789E+00
    0.14735E+01    0.12915E+01    0.87648E+00
    0.14735E+01    0.12915E+01    0.87648E+00
    0.14735E+01    0.12467E+01    0.84608E+00
    0.14721E+01    0.12187E+01    0.82786E+00
    0.14721E+01    0.12187E+01    0.82786E+00
    0.14691E+01    0.11906E+01    0.81043E+00
    0.14691E+01    0.11906E+01    0.81043E+00
    0.14691E+01    0.11682E+01    0.79518E+00
    0.14691E+01    0.11682E+01    0.79518E+00
    0.14691E+01    0.11402E+01    0.77612E+00
    0.14691E+01    0.11402E+01    0.77612E+00
    0.14706E+01    0.11122E+01    0.75629E+00
    0.14691E+01    0.10842E+01    0.73800E+00
    0.14691E+01    0.10562E+01    0.71894E+00
    0.14691E+01    0.10562E+01    0.71894E+00
