    0.13412E+01    0.27805E+01    0.20731E+01
    0.13412E+01    0.27805E+01    0.20731E+01
    0.13353E+01    0.27804E+01    0.20822E+01
    0.13456E+01    0.27749E+01    0.20622E+01
    0.13456E+01    0.27749E+01    0.20622E+01
    0.13647E+01    0.27695E+01    0.20294E+01
    0.13647E+01    0.27695E+01    0.20294E+01
    0.13529E+01    0.27694E+01    0.20470E+01
    0.13529E+01    0.27694E+01    0.20470E+01
    0.13588E+01    0.27694E+01    0.20381E+01
    0.13588E+01    0.27694E+01    0.20381E+01
    0.13691E+01    0.27583E+01    0.20147E+01
    0.13691E+01    0.27583E+01    0.20147E+01
    0.13824E+01    0.27473E+01    0.19873E+01
    0.13735E+01    0.27472E+01    0.20001E+01
    0.13735E+01    0.27472E+01    0.20001E+01
    0.13838E+01    0.27417E+01    0.19813E+01
    0.13838E+01    0.27417E+01    0.19813E+01
    0.13897E+01    0.27305E+01    0.19648E+01
    0.13897E+01    0.27305E+01    0.19648E+01
    0.13941E+01    0.27250E+01    0.19547E+01
    0.13971E+01    0.27082E+01    0.19384E+01
    0.13971E+01    0.27082E+01    0.19384E+01
    0.14015E+01    0.26970E+01    0.19244E+01
    0.14015E+01    0.26970E+01    0.19244E+01
    0.14044E+01    0.26914E+01    0.19164E+01
    0.14074E+01    0.26691E+01    0.18965E+01
    0.14074E+01    0.26691E+01    0.18965E+01
    0.14118E+01    0.26635E+01    0.18866E+01
    0.14118E+01    0.26635E+01    0.18866E+01
    0.14132E+01    0.26635E+01    0.18847E+01
    0.14132E+01    0.26467E+01    0.18728E+01
    0.14132E+01    0.26467E+01    0.18728E+01
    0.14176E+01    0.26355E+01    0.18591E+01
    0.14176E+01    0.26355E+01    0.18591E+01
    0.14191E+01    0.26243E+01    0.18493E+01
    0.14235E+01    0.26132E+01    0.18358E+01
    0.14235E+01    0.26132E+01    0.18358E+01
    0.14250E+01    0.25964E+01    0.18220E+01
    0.14250E+01    0.25964E+01    0.18220E+01
    0.14279E+01    0.25908E+01    0.18144E+01
    0.14294E+01    0.25796E+01    0.18047E+01
    0.14294E+01    0.25796E+01    0.18047E+01
    0.14309E+01    0.25740E+01    0.17989E+01
    0.14309E+01    0.25740E+01    0.17989E+01
    0.14324E+01    0.25628E+01    0.17892E+01
    0.14353E+01    0.25405E+01    0.17700E+01
    0.14353E+01    0.25405E+01    0.17700E+01
    0.14382E+01    0.25237E+01    0.17548E+01
    0.14382E+01    0.25237E+01    0.17548E+01
    0.14397E+01    0.25013E+01    0.17374E+01
    0.14397E+01    0.25013E+01    0.17374E+01
    0.14426E+01    0.24901E+01    0.17261E+01
    0.14426E+01    0.24901E+01    0.17261E+01
    0.14426E+01    0.24789E+01    0.17184E+01
    0.14426E+01    0.24789E+01    0.17184E+01
    0.14426E+01    0.24621E+01    0.17067E+01
    0.14471E+01    0.24509E+01    0.16937E+01
    0.14471E+01    0.24509E+01    0.16937E+01
    0.14471E+01    0.24341E+01    0.16821E+01
    0.14471E+01    0.24341E+01    0.16821E+01
    0.14485E+01    0.24229E+01    0.16727E+01
    0.14485E+01    0.24061E+01    0.16611E+01
    0.14485E+01    0.24061E+01    0.16611E+01
    0.14515E+01    0.23894E+01    0.16462E+01
    0.14515E+01    0.23894E+01    0.16462E+01
    0.14515E+01    0.23725E+01    0.16345E+01
    0.14515E+01    0.23725E+01    0.16345E+01
    0.14544E+01    0.23446E+01    0.16121E+01
    0.14544E+01    0.23446E+01    0.16121E+01
    0.14559E+01    0.23334E+01    0.16027E+01
    0.14559E+01    0.23334E+01    0.16027E+01
    0.14559E+01    0.23110E+01    0.15873E+01
    0.14559E+01    0.23110E+01    0.15873E+01
    0.14574E+01    0.22830E+01    0.15665E+01
    0.14574E+01    0.22830E+01    0.15665E+01
    0.14588E+01    0.22606E+01    0.15496E+01
    0.14588E+01    0.22606E+01    0.15496E+01
    0.14588E+01    0.22438E+01    0.15381E+01
    0.14588E+01    0.22438E+01    0.15381E+01
    0.14603E+01    0.22270E+01    0.15250E+01
    0.14603E+01    0.22270E+01    0.15250E+01
    0.14618E+01    0.21990E+01    0.15043E+01
    0.14618E+01    0.21990E+01    0.15043E+01
    0.14618E+01    0.21878E+01    0.14966E+01
    0.14618E+01    0.21878E+01    0.14966E+01
    0.14618E+01    0.21710E+01    0.14852E+01
    0.14618E+01    0.21710E+01    0.14852E+01
    0.14618E+01    0.21486E+01    0.14698E+01
    0.14618E+01    0.21374E+01    0.14622E+01
    0.14618E+01    0.21374E+01    0.14622E+01
    0.14632E+01    0.21262E+01    0.14531E+01
    0.14632E+01    0.21262E+01    0.14531E+01
    0.14632E+01    0.21038E+01    0.14378E+01
    0.14632E+01    0.20925E+01    0.14301E+01
    0.14632E+01    0.20925E+01    0.14301E+01
    0.14632E+01    0.20757E+01    0.14186E+01
    0.14632E+01    0.20757E+01    0.14186E+01
    0.14632E+01    0.20421E+01    0.13956E+01
    0.14632E+01    0.20141E+01    0.13765E+01
    0.14632E+01    0.20141E+01    0.13765E+01
    0.14647E+01    0.19973E+01    0.13636E+01
    0.14647E+01    0.19973E+01    0.13636E+01
    0.14647E+01    0.19805E+01    0.13522E+01
    0.14647E+01    0.19805E+01    0.13522E+01
    0.14647E+01    0.19693E+01    0.13445E+01
    0.14647E+01    0.19693E+01    0.13445E+01
    0.14647E+01    0.19581E+01    0.13369E+01
    0.14647E+01    0.19413E+01    0.13254E+01
    0.14647E+01    0.19413E+01    0.13254E+01
    0.14647E+01    0.19301E+01    0.13177E+01
    0.14647E+01    0.19301E+01    0.13177E+01
    0.14662E+01    0.19189E+01    0.13088E+01
    0.14662E+01    0.19021E+01    0.12973E+01
    0.14662E+01    0.19021E+01    0.12973E+01
    0.14662E+01    0.18629E+01    0.12706E+01
    0.14662E+01    0.18517E+01    0.12629E+01
    0.14662E+01    0.18517E+01    0.12629E+01
    0.14662E+01    0.18069E+01    0.12324E+01
    0.14647E+01    0.17732E+01    0.12106E+01
    0.14647E+01    0.17508E+01    0.11953E+01
    0.14647E+01    0.17508E+01    0.11953E+01
    0.14618E+01    0.17172E+01    0.11747E+01
    0.14603E+01    0.17004E+01    0.11644E+01
    0.14603E+01    0.17004E+01    0.11644E+01
    0.14603E+01    0.16724E+01    0.11452E+01
    0.14603E+01    0.16724E+01    0.11452E+01
    0.14603E+01    0.16387E+01    0.11222E+01
    0.14603E+01    0.16163E+01    0.11068E+01
    0.14603E+01    0.16163E+01    0.11068E+01
    0.14603E+01    0.15771E+01    0.10800E+01
    0.14588E+01    0.15547E+01    0.10657E+01
    0.14588E+01    0.15547E+01    0.10657E+01
    0.14544E+01    0.15210E+01    0.10458E+01
    0.14544E+01    0.15042E+01    0.10342E+01
    0.14544E+01    0.15042E+01    0.10342E+01
    0.14544E+01    0.14874E+01    0.10227E+01
    0.14544E+01    0.14874E+01    0.10227E+01
    0.14529E+01    0.14538E+01    0.10006E+01
    0.14500E+01    0.14258E+01    0.98331E+00
    0.14500E+01    0.14202E+01    0.97945E+00
    0.14500E+01    0.13865E+01    0.95621E+00
    0.14500E+01    0.13641E+01    0.94076E+00
    0.14500E+01    0.13641E+01    0.94076E+00
    0.14500E+01    0.13473E+01    0.92917E+00
    0.14500E+01    0.13473E+01    0.92917E+00
    0.14485E+01    0.13305E+01    0.91854E+00
    0.14485E+01    0.13305E+01    0.91854E+00
    0.14456E+01    0.13137E+01    0.90876E+00
    0.14456E+01    0.13137E+01    0.90876E+00
    0.14456E+01    0.13025E+01    0.90101E+00
    0.14456E+01    0.13025E+01    0.90101E+00
    0.14456E+01    0.12745E+01    0.88164E+00
    0.14456E+01    0.12464E+01    0.86220E+00
    0.14456E+01    0.12464E+01    0.86220E+00
    0.14441E+01    0.12352E+01    0.85534E+00
    0.14441E+01    0.12352E+01    0.85534E+00
    0.14426E+01    0.12240E+01    0.84847E+00
    0.14426E+01    0.12240E+01    0.84847E+00
    0.14426E+01    0.12128E+01    0.84070E+00
    0.14397E+01    0.11512E+01    0.79961E+00
    0.14382E+01    0.11343E+01    0.78869E+00
    0.14382E+01    0.11343E+01    0.78869E+00
    0.14382E+01    0.11119E+01    0.77312E+00
    0.14382E+01    0.11119E+01    0.77312E+00
    0.14368E+01    0.10951E+01    0.76218E+00
    0.14368E+01    0.10951E+01    0.76218E+00
    0.14368E+01    0.10839E+01    0.75438E+00
    0.14368E+01    0.10839E+01    0.75438E+00
    0.14353E+01    0.10727E+01    0.74737E+00
    0.14353E+01    0.10559E+01    0.73567E+00
    0.14353E+01    0.10559E+01    0.73567E+00
    0.14338E+01    0.10391E+01    0.72472E+00
    0.14338E+01    0.10391E+01    0.72472E+00
    0.14324E+01    0.10166E+01    0.70972E+00
    0.14324E+01    0.10166E+01    0.70972E+00
    0.14309E+01    0.98860E+00    0.69089E+00
    0.14309E+01    0.98860E+00    0.69089E+00
    0.14294E+01    0.97739E+00    0.68378E+00
    0.14294E+01    0.97739E+00    0.68378E+00
    0.14279E+01    0.96056E+00    0.67271E+00
