
            500     4U 1608-52              1    0.10000E+01    0.10000E+07    0.21000E+09    0.24300E+02    0.10831E+00    0.28854E+00   -0.31350E+00    0.65744E-01    0.12309E+01    0.61926E+00    0.13112E+01    0.55972E+00
            501     4U 1608-52              1    0.10000E+01    0.10000E+07    0.22000E+09    0.23200E+02    0.10003E+00    0.40194E+00   -0.42007E+00    0.69085E-01    0.12309E+01    0.60704E+00    0.13364E+01    0.52978E+00
            502     4U 1608-52              1    0.10000E+01    0.10000E+07    0.23000E+09    0.22100E+02    0.90946E-01    0.52913E+00   -0.53975E+00    0.73217E-01    0.12309E+01    0.59558E+00    0.13700E+01    0.49497E+00
            503     4U 1608-52              1    0.10000E+01    0.10000E+07    0.24000E+09    0.21100E+02    0.80575E-01    0.67310E+00   -0.67531E+00    0.78306E-01    0.12309E+01    0.58482E+00    0.14155E+01    0.45308E+00
            504     4U 1608-52              1    0.10000E+01    0.10000E+07    0.25000E+09    0.21000E+02    0.67145E-01    0.82427E+00   -0.81701E+00    0.82091E-01    0.12309E+01    0.57468E+00    0.14780E+01    0.40062E+00
            505     4U 1608-52              1    0.10000E+01    0.10010E+07    0.21000E+09    0.24200E+02    0.10788E+00    0.29553E+00   -0.32009E+00    0.66021E-01    0.12309E+01    0.61847E+00    0.13126E+01    0.55794E+00
            506     4U 1608-52              1    0.10000E+01    0.10010E+07    0.22000E+09    0.23100E+02    0.99517E-01    0.41012E+00   -0.42779E+00    0.69411E-01    0.12309E+01    0.60626E+00    0.13383E+01    0.52765E+00
            507     4U 1608-52              1    0.10000E+01    0.10010E+07    0.23000E+09    0.22000E+02    0.90332E-01    0.53882E+00   -0.54890E+00    0.73623E-01    0.12309E+01    0.59482E+00    0.13727E+01    0.49233E+00
            508     4U 1608-52              1    0.10000E+01    0.10010E+07    0.24000E+09    0.21000E+02    0.79828E-01    0.68478E+00   -0.68635E+00    0.78849E-01    0.12309E+01    0.58407E+00    0.14193E+01    0.44971E+00
            509     4U 1608-52              1    0.10000E+01    0.10010E+07    0.25000E+09    0.21000E+02    0.66058E-01    0.83652E+00   -0.82851E+00    0.82471E-01    0.12309E+01    0.57394E+00    0.14837E+01    0.39610E+00
            510     4U 1608-52              1    0.10000E+01    0.10020E+07    0.21000E+09    0.24100E+02    0.10744E+00    0.30259E+00   -0.32675E+00    0.66302E-01    0.12309E+01    0.61767E+00    0.13140E+01    0.55615E+00
            511     4U 1608-52              1    0.10000E+01    0.10020E+07    0.22000E+09    0.23000E+02    0.98997E-01    0.41839E+00   -0.43559E+00    0.69742E-01    0.12309E+01    0.60548E+00    0.13403E+01    0.52549E+00
            512     4U 1608-52              1    0.10000E+01    0.10020E+07    0.23000E+09    0.22000E+02    0.89506E-01    0.54738E+00   -0.55689E+00    0.73701E-01    0.12309E+01    0.59406E+00    0.13755E+01    0.48966E+00
            513     4U 1608-52              1    0.10000E+01    0.10020E+07    0.24000E+09    0.21000E+02    0.78882E-01    0.69498E+00   -0.69589E+00    0.79029E-01    0.12309E+01    0.58332E+00    0.14233E+01    0.44627E+00
            514     4U 1608-52              1    0.10000E+01    0.10020E+07    0.25000E+09    0.21000E+02    0.64957E-01    0.84900E+00   -0.84022E+00    0.82877E-01    0.12309E+01    0.57320E+00    0.14894E+01    0.39148E+00
            515     4U 1608-52              1    0.10000E+01    0.10030E+07    0.21000E+09    0.24100E+02    0.10678E+00    0.30907E+00   -0.33278E+00    0.66309E-01    0.12309E+01    0.61688E+00    0.13154E+01    0.55434E+00
            516     4U 1608-52              1    0.10000E+01    0.10030E+07    0.22000E+09    0.23000E+02    0.98258E-01    0.42581E+00   -0.44251E+00    0.69774E-01    0.12309E+01    0.60471E+00    0.13423E+01    0.52331E+00
            517     4U 1608-52              1    0.10000E+01    0.10030E+07    0.23000E+09    0.21900E+02    0.88878E-01    0.55728E+00   -0.56624E+00    0.74120E-01    0.12309E+01    0.59330E+00    0.13783E+01    0.48695E+00
            518     4U 1608-52              1    0.10000E+01    0.10030E+07    0.24000E+09    0.21000E+02    0.77928E-01    0.70529E+00   -0.70554E+00    0.79219E-01    0.12309E+01    0.58257E+00    0.14273E+01    0.44277E+00
            519     4U 1608-52              1    0.10000E+01    0.10030E+07    0.25000E+09    0.21000E+02    0.63841E-01    0.86169E+00   -0.85214E+00    0.83311E-01    0.12309E+01    0.57247E+00    0.14954E+01    0.38674E+00
            520     4U 1608-52              1    0.10000E+01    0.10040E+07    0.21000E+09    0.24000E+02    0.10633E+00    0.31625E+00   -0.33955E+00    0.66594E-01    0.12309E+01    0.61609E+00    0.13169E+01    0.55251E+00
            521     4U 1608-52              1    0.10000E+01    0.10040E+07    0.22000E+09    0.22900E+02    0.97729E-01    0.43424E+00   -0.45045E+00    0.70112E-01    0.12309E+01    0.60393E+00    0.13443E+01    0.52110E+00
            522     4U 1608-52              1    0.10000E+01    0.10040E+07    0.23000E+09    0.21800E+02    0.88242E-01    0.56731E+00   -0.57570E+00    0.74548E-01    0.12309E+01    0.59254E+00    0.13812E+01    0.48419E+00
            523     4U 1608-52              1    0.10000E+01    0.10040E+07    0.24000E+09    0.21000E+02    0.76966E-01    0.71573E+00   -0.71530E+00    0.79420E-01    0.12309E+01    0.58183E+00    0.14315E+01    0.43921E+00
            524     4U 1608-52              1    0.10000E+01    0.10040E+07    0.25000E+09    0.21000E+02    0.62709E-01    0.87464E+00   -0.86429E+00    0.83777E-01    0.12309E+01    0.57173E+00    0.15016E+01    0.38188E+00
            525     4U 1608-52              1    0.10000E+01    0.10050E+07    0.20000E+09    0.25000E+02    0.11388E+00    0.21615E+00   -0.24560E+00    0.63889E-01    0.12309E+01    0.62831E+00    0.12974E+01    0.57858E+00
            526     4U 1608-52              1    0.10000E+01    0.10050E+07    0.21000E+09    0.23900E+02    0.10588E+00    0.32350E+00   -0.34639E+00    0.66882E-01    0.12309E+01    0.61531E+00    0.13184E+01    0.55066E+00
            527     4U 1608-52              1    0.10000E+01    0.10050E+07    0.22000E+09    0.22800E+02    0.97193E-01    0.44275E+00   -0.45849E+00    0.70456E-01    0.12309E+01    0.60316E+00    0.13464E+01    0.51886E+00
            528     4U 1608-52              1    0.10000E+01    0.10050E+07    0.23000E+09    0.21800E+02    0.87397E-01    0.57614E+00   -0.58394E+00    0.74641E-01    0.12309E+01    0.59178E+00    0.13842E+01    0.48139E+00
            529     4U 1608-52              1    0.10000E+01    0.10050E+07    0.24000E+09    0.21000E+02    0.75996E-01    0.72629E+00   -0.72519E+00    0.79632E-01    0.12309E+01    0.58108E+00    0.14357E+01    0.43557E+00
            530     4U 1608-52              1    0.10000E+01    0.10050E+07    0.25000E+09    0.21000E+02    0.61559E-01    0.88784E+00   -0.87670E+00    0.84278E-01    0.12309E+01    0.57100E+00    0.15079E+01    0.37690E+00
            531     4U 1608-52              1    0.10000E+01    0.10060E+07    0.20000E+09    0.25000E+02    0.11327E+00    0.22199E+00   -0.25102E+00    0.63887E-01    0.12309E+01    0.62750E+00    0.12985E+01    0.57700E+00
            532     4U 1608-52              1    0.10000E+01    0.10060E+07    0.21000E+09    0.23800E+02    0.10542E+00    0.33082E+00   -0.35329E+00    0.67173E-01    0.12309E+01    0.61452E+00    0.13199E+01    0.54880E+00
            533     4U 1608-52              1    0.10000E+01    0.10060E+07    0.22000E+09    0.22700E+02    0.96652E-01    0.45136E+00   -0.46661E+00    0.70806E-01    0.12309E+01    0.60239E+00    0.13486E+01    0.51660E+00
            534     4U 1608-52              1    0.10000E+01    0.10060E+07    0.23000E+09    0.21700E+02    0.86745E-01    0.58639E+00   -0.59362E+00    0.75083E-01    0.12309E+01    0.59102E+00    0.13873E+01    0.47854E+00
            535     4U 1608-52              1    0.10000E+01    0.10060E+07    0.24000E+09    0.21000E+02    0.75016E-01    0.73697E+00   -0.73520E+00    0.79856E-01    0.12309E+01    0.58034E+00    0.14401E+01    0.43186E+00
