    0.11388E+01    0.17406E+01    0.15285E+01
    0.11424E+01    0.17405E+01    0.15235E+01
    0.11424E+01    0.17405E+01    0.15235E+01
    0.11531E+01    0.17400E+01    0.15090E+01
    0.11531E+01    0.17400E+01    0.15090E+01
    0.11603E+01    0.17397E+01    0.14994E+01
    0.11638E+01    0.17395E+01    0.14947E+01
    0.11638E+01    0.17395E+01    0.14947E+01
    0.11674E+01    0.17214E+01    0.14746E+01
    0.11674E+01    0.17214E+01    0.14746E+01
    0.11852E+01    0.17206E+01    0.14517E+01
    0.11959E+01    0.17201E+01    0.14383E+01
    0.12031E+01    0.17198E+01    0.14295E+01
    0.12031E+01    0.17198E+01    0.14295E+01
    0.12174E+01    0.17192E+01    0.14122E+01
    0.12174E+01    0.17192E+01    0.14122E+01
    0.12209E+01    0.17190E+01    0.14080E+01
    0.12209E+01    0.17190E+01    0.14080E+01
    0.12281E+01    0.17187E+01    0.13995E+01
    0.12317E+01    0.17185E+01    0.13952E+01
    0.12317E+01    0.17185E+01    0.13952E+01
    0.12352E+01    0.17004E+01    0.13766E+01
    0.12352E+01    0.17004E+01    0.13766E+01
    0.12495E+01    0.16998E+01    0.13604E+01
    0.12495E+01    0.16998E+01    0.13604E+01
    0.12495E+01    0.16998E+01    0.13604E+01
    0.12602E+01    0.16993E+01    0.13484E+01
    0.12602E+01    0.16993E+01    0.13484E+01
    0.12673E+01    0.16900E+01    0.13335E+01
    0.12709E+01    0.16809E+01    0.13226E+01
    0.12709E+01    0.16809E+01    0.13226E+01
    0.12780E+01    0.16806E+01    0.13150E+01
    0.12780E+01    0.16806E+01    0.13150E+01
    0.12887E+01    0.16801E+01    0.13037E+01
    0.12959E+01    0.16708E+01    0.12893E+01
    0.12959E+01    0.16708E+01    0.12893E+01
    0.13030E+01    0.16705E+01    0.12820E+01
    0.13030E+01    0.16705E+01    0.12820E+01
    0.13066E+01    0.16703E+01    0.12784E+01
    0.13137E+01    0.16610E+01    0.12644E+01
    0.13137E+01    0.16610E+01    0.12644E+01
    0.13208E+01    0.16517E+01    0.12505E+01
    0.13208E+01    0.16517E+01    0.12505E+01
    0.13315E+01    0.16513E+01    0.12402E+01
    0.13423E+01    0.16508E+01    0.12298E+01
    0.13423E+01    0.16508E+01    0.12298E+01
    0.13494E+01    0.16415E+01    0.12165E+01
    0.13494E+01    0.16415E+01    0.12165E+01
    0.13565E+01    0.16322E+01    0.12032E+01
    0.13672E+01    0.16317E+01    0.11935E+01
    0.13672E+01    0.16317E+01    0.11935E+01
    0.13779E+01    0.16312E+01    0.11838E+01
    0.13779E+01    0.16312E+01    0.11838E+01
    0.13851E+01    0.16309E+01    0.11775E+01
    0.13851E+01    0.16309E+01    0.11775E+01
    0.13886E+01    0.16128E+01    0.11615E+01
    0.13958E+01    0.16125E+01    0.11553E+01
    0.13958E+01    0.16125E+01    0.11553E+01
    0.14029E+01    0.16032E+01    0.11428E+01
    0.14029E+01    0.16032E+01    0.11428E+01
    0.14064E+01    0.15941E+01    0.11335E+01
    0.14171E+01    0.15846E+01    0.11182E+01
    0.14171E+01    0.15846E+01    0.11182E+01
    0.14207E+01    0.15845E+01    0.11153E+01
    0.14207E+01    0.15845E+01    0.11153E+01
    0.14243E+01    0.15753E+01    0.11060E+01
    0.14278E+01    0.15662E+01    0.10969E+01
    0.14278E+01    0.15662E+01    0.10969E+01
    0.14385E+01    0.15657E+01    0.10884E+01
    0.14385E+01    0.15657E+01    0.10884E+01
    0.14421E+01    0.15656E+01    0.10856E+01
    0.14492E+01    0.15563E+01    0.10739E+01
    0.14492E+01    0.15563E+01    0.10739E+01
    0.14564E+01    0.15560E+01    0.10684E+01
    0.14564E+01    0.15560E+01    0.10684E+01
    0.14599E+01    0.15468E+01    0.10595E+01
    0.14635E+01    0.15467E+01    0.10569E+01
    0.14635E+01    0.15467E+01    0.10569E+01
    0.14671E+01    0.15376E+01    0.10481E+01
    0.14671E+01    0.15376E+01    0.10481E+01
    0.14706E+01    0.15284E+01    0.10393E+01
    0.14777E+01    0.15281E+01    0.10341E+01
    0.14777E+01    0.15281E+01    0.10341E+01
    0.14849E+01    0.15278E+01    0.10289E+01
    0.14849E+01    0.15278E+01    0.10289E+01
    0.14884E+01    0.15097E+01    0.10143E+01
    0.14956E+01    0.15094E+01    0.10092E+01
    0.14956E+01    0.15094E+01    0.10092E+01
    0.15027E+01    0.15001E+01    0.99827E+00
    0.15027E+01    0.15001E+01    0.99827E+00
    0.15098E+01    0.14818E+01    0.98145E+00
    0.15169E+01    0.14725E+01    0.97073E+00
    0.15169E+01    0.14725E+01    0.97073E+00
    0.15205E+01    0.14544E+01    0.95653E+00
    0.15205E+01    0.14544E+01    0.95653E+00
    0.15240E+01    0.14543E+01    0.95427E+00
    0.15240E+01    0.14453E+01    0.94836E+00
    0.15240E+01    0.14453E+01    0.94836E+00
    0.15276E+01    0.14362E+01    0.94017E+00
    0.15276E+01    0.14362E+01    0.94017E+00
    0.15311E+01    0.14271E+01    0.93207E+00
    0.15347E+01    0.14179E+01    0.92389E+00
    0.15347E+01    0.14179E+01    0.92389E+00
    0.15347E+01    0.14090E+01    0.91809E+00
    0.15347E+01    0.14090E+01    0.91809E+00
    0.15418E+01    0.13907E+01    0.90200E+00
    0.15453E+01    0.13816E+01    0.89407E+00
    0.15453E+01    0.13816E+01    0.89407E+00
    0.15453E+01    0.13636E+01    0.88242E+00
    0.15453E+01    0.13636E+01    0.88242E+00
    0.15489E+01    0.13545E+01    0.87449E+00
    0.15524E+01    0.13364E+01    0.86086E+00
    0.15524E+01    0.13364E+01    0.86086E+00
    0.15524E+01    0.13274E+01    0.85506E+00
    0.15524E+01    0.13274E+01    0.85506E+00
    0.15524E+01    0.13274E+01    0.85506E+00
    0.15559E+01    0.13094E+01    0.84157E+00
    0.15559E+01    0.13094E+01    0.84157E+00
    0.15559E+01    0.12824E+01    0.82422E+00
    0.15559E+01    0.12824E+01    0.82422E+00
    0.15558E+01    0.12645E+01    0.81277E+00
    0.15558E+01    0.12466E+01    0.80126E+00
    0.15558E+01    0.12466E+01    0.80126E+00
