106.00094121209267   758.8862132648825
106.19049582881652   756.0671914313671
107.36084272046003   762.4884679899357
108.75987808518329   771.0102739726027
108.72400538352372   765.92485167583
108.76884626059817   754.6608540676544
109.80018643331084   768.1856304165501
109.66566380208744   759.062723262821
110.48176776484266   773.7710837759761
110.89878792163518   776.5505117572143
111.45929888506598   762.8129562327214
112.07212420508364   779.2536938671967
112.60477947214997   770.2602273786226
112.78210475876264   766.2107736930388
112.60477947214997   756.0717250785743
111.10057186847027   754.1422048271363
113.63204320149225   786.5523419828703
113.71031091420403   781.9737209952474
114.30989749908542   767.7524728090845
113.11841133682111   760.0308685117882
114.24840143909759   773.2604137545429
114.66542159589011   776.045161215171
115.69355884881173   784.5316306561763
114.46363764905502   761.8980057776535
115.83875787933854   778.2749096594498
114.89411006896987   755.674214891436
117.15409027352283   787.7233182901341
117.2886129047462   781.2516016680645
117.5384406484468   769.4965021233543
115.80886396128892   767.0286436492405
117.89396474525145   772.4545126269686
118.43205527014501   774.7684861615879
118.94772535650134   786.130007558579
117.87154430671421   783.3461466778492
117.96122606086317   778.5665944459976
119.66517938969278   775.366927592955
119.57549763554383   768.8239679433417
121.5356845476561   773.4747127813944
139.21580179415878   799.7833379927313
140.4161575804598   771.3036637204934
140.95424810535337   807.296079654201
141.1529276837756   803.0133258782964
141.36816389373303   797.8683254123566
141.99593617277552   775.7126937533004
142.83568350707912   769.0657624610658
143.1976716783711   778.6224489795918
143.8140299159765   799.1885234791301
144.35755569869724   783.2929518839499
144.35212044087004   773.4809303547072
144.82091142846673   808.2679076196688
144.5967070430944   805.2776002769014
144.5967070430944   803.043418933131
144.5967070430944   801.2195974280123
144.79849098992946   780.7289628180039
144.73122967431777   765.1668258627651
145.25897230450184   812.6892133741449
145.13479756798796   809.8903488335973
145.31416107628579   787.3889510141956
145.67288809288152   759.5744571801323
146.82593921765343   785.1608490754422
146.11314397688534   769.6799205360849
146.61454651144524   767.5472928897586
146.27823993338677   762.6400731525487
146.74906914266862   777.1451535604457
147.28715966756218   798.5750562455902
147.67849823112115   757.4499538296016
148.12418937295217   775.1541484173578
147.82525019245574   772.494408722393
148.3633407173493   808.0817258410214
148.3633407173493   804.2289029114581
148.3633407173493   801.9947215676877
148.47864582982652   781.6325143886647
148.72206773394504   779.356537135402
148.90143124224286   813.1656282865397
148.90143124224286   810.9314469427693
148.54270422564716   809.0924269251079
148.9992658831326   788.7139849713235
149.1949351649121   766.023987428097
149.66372615250876   761.4032941943901
150.20181667740232   796.0020747263898
150.30046660696613   785.3170137918181
150.27111621469922   770.0281046416076
150.3363393086257   767.068539744665
150.65022544814695   763.7172677290093
150.67712997439162   791.740285155158
150.51570281692355   755.6227932573333
151.35273252231352   799.1627320639062
151.524622551099   758.770151896375
151.71605860322458   776.3653529553725
151.59188386671067   773.1783417868126
151.59188386671067   751.4660975032795
152.2644970228276   802.1292284036903
152.2914015490723   781.4630509738142
152.12997439160424   779.436329326251
152.24955006380281   748.7163358494082
152.79223965301168   813.5689734270948
152.6680649164978   810.3843004912336
152.6680649164978   808.1501191474633
152.6680649164978   806.0983199542047
152.81481687783238   788.1626934709126
153.74424596628492   818.3407218073139
153.8518640712636   795.7618115739447
153.74424596628492   792.9668051173503
153.92360947458275   784.6937481232981
153.92360947458275   771.0404176891457
153.74424596628492   768.390810335876
153.74424596628492   766.1566289921057
153.74424596628492   763.9224476483353
153.74424596628492   761.6882663045649
154.66668686610245   790.9606014617196
154.38017113206823   755.6074796045441
154.96717897740663   799.1595081370033
154.92804512105073   758.7382350200354
155.41830537706485   804.4668440689314
155.26068290007586   777.2239094890758
155.3585175409656   774.3638257651396
155.17915403266775   752.4045082264261
156.20408836579833   802.2226992558276
156.19011198852837   782.5047017561694
156.00422617083785   779.6437890224582
155.89660806585914   748.6593414273733
156.65890297612503   816.1141397198148
156.4346985907527   812.9376505983998
156.4346985907527   810.7034692546295
156.4346985907527   808.4692879108591
156.75755290568887   806.3901313950237
156.72820251342193   789.2072457874806
156.61406209905056   786.1122759606126
157.09696385216017   820.836200655183
157.73508402591216   796.2458841984283
157.51087964053983   793.19478280549
157.81355556079245   772.1552919112851
156.70374385319948   768.8239679433417
156.79342560734844   767.44090330196
157.45109180444055   764.7338793457515
157.51087964053983   762.2886075499997
157.40326153556114   759.9829931972788
157.86960665713556   754.5145683844314
158.58706069032695   799.6237536110334
158.0489701654334   757.5892274718105
159.1251512152205   777.5720935945985
159.5287191088907   774.7924238188425
159.66324174011407   804.0989556292184
159.66324174011407   801.8579349548038
159.9567456627833   783.4622080463567
159.66324174011407   780.5648188825432
158.47944258534824   748.8759202311061
160.20133226500764   817.4972043611965
160.20133226500764   815.2630230174261
160.20133226500764   813.0288416736557
160.20133226500764   810.7946603298853
160.20133226500764   808.560478986115
160.20133226500764   806.3262976423446
160.40311621184273   790.4875477588296
159.93228700256086   788.4528468921815
160.20133226500764   785.6406154547054
160.7394227899012   821.9199715111093
160.7394227899012   819.685790167339
161.76668651924345   797.3460492540727
160.7394227899012   795.1873077998323
160.47037752745442   792.8520563476532
160.29101401915656   772.0954477681483
160.88617475123579   763.5576833473115
162.48821699580526   800.4615716149474
162.2341186923833   778.1425137279671
163.56439804559238   804.3412452500025
161.81560383968832   801.8579349548038
162.48821699580526   782.1825105613021
162.0846491021351   776.4042260739913
163.96796593926257   817.5956147299103
163.429875414369   814.7906532476004
163.429875414369   812.326670394185
164.26690511975897   809.8903488335974
163.429875414369   808.0859814245332
162.62273962702866   789.0113922281241
162.62273962702866   785.8994967850153
162.89178488947545   784.6228217314323
164.23701120170935   820.7420867890535
165.04414698904966   818.9334637964774
163.96796593926257   797.2831826794645
167.30412719360262   803.9857267107757
166.55080045875167   809.5499021526418
168.99014417160245   693.4868410834654
168.54173540085782   802.975025626689
170.18046563576095   704.5404774612211
170.96314276287885   805.169310875035
171.07076086785756   701.8783198210791
171.6969025695519   695.8358748231547
171.6969025695519   691.5125888462483
173.85537933418172   705.2694879321591
173.94709931001586   697.9539947984175
174.1916859122402   693.3050922043094
175.02871561763018   703.022007889914
174.64009468298482   700.6282421644457
175.59072127696348   690.9946649892834
175.39204169854122   685.6559536354057
176.46822274832834   711.2017304287363
177.6444334469739   706.3200851116702
177.54440379811547   697.2933377776822
177.42022906160156   694.1042806555107
178.7270203363431   799.6921469174754
178.63990091802697   769.8240300686484
178.63093274261206   702.9954104929643
178.49641011138868   700.590245883089
178.13768309479298   691.8245037741124
179.03450063628225   685.8742861136627
180.3552682882937   803.7439321930515
180.23485642258325   782.9164964194318
180.11068168606937   714.8578495325071
180.31246563290446   711.5730710092256
180.11068168606937   709.2078024947748
181.32138536707987   802.1638050197248
180.87297659633526   793.4664562171901
181.50971705079263   779.4842046407604
181.1868627358565   772.1296444213693
181.43144933808082   718.6419337348887
181.27654449000542   706.559461684217
181.31103747237037   697.6714300050894
181.1868627358565   694.8452081419651
181.72495326075006   808.0672181699579
181.72495326075006   806.0284067965085
181.94915764612236   722.6553197382453
182.58589810057975   800.1344236324667
182.26304378564362   797.2869823076
182.50219513004075   791.2189761749448
182.26304378564362   769.1089400535164
182.35272553979254   702.7427352219427
181.72495326075006   700.7452707110241
183.09463823320638   686.9861954744538
182.26304378564362   685.0820636473768
184.1708192829935   809.9242000660787
184.00149009683818   784.1808957513458
184.05667886862213   781.1119653340788
184.00149009683818   713.9883192476148
183.87731536032427   711.109136413861
184.05667886862213   708.6606560432392
184.1762545408207   689.6169198272917
184.41540588521784   803.4537787717827
184.5947693935157   795.0224039387444
184.61718983205293   787.2160679340229
184.41540588521784   692.4514424164969
185.03627956778732   816.2328050292825
184.9534964101114   778.7865929150526
184.9534964101114   771.9472622708574
185.1552803569465   719.312913521573
184.9534964101114   717.0046394291571
185.1552803569465   705.9078254589507
184.9534964101114   697.1249850233635
184.9534964101114   695.0169513336972
184.68445114766462   806.5656742148914
185.62610956622837   723.7812762091137
185.31222342670713   721.7465753424657
186.32861664039496   801.2550606239452
186.02967745989852   798.5750562455902
186.32861664039496   792.3183352488636
186.02967745989852   789.668727895594
185.98828588106056   769.4623054701333
185.8503139516007   703.3766398492426
186.7830041947495   686.1432997856676
187.76812377109312   811.1629319799574
186.02967745989852   809.1988165129065
187.10585850968565   783.8913933153169
187.6439490345792   780.6560099577991
187.9428882150756   715.1149577030203
187.6439490345792   712.3994901287324
187.6439490345792   710.1501102724194
187.82331254287706   708.1819028981455
187.59013998208985   701.2655157953592
187.68878991165366   690.2818547510328
188.00267605117492   687.8082968347155
188.475543482142   818.164557230115
188.38382350630786   814.268945306433
188.79700015935114   802.4734747127814
188.475543482142   796.0258511872993
188.5048938744089   792.9212095797222
188.24182739557205   787.5308037979271
186.56776798479208   785.2611592582239
188.8546527155897   816.4599058801602
189.01906926486274   778.9664419801406
188.93536629432373   719.9273133911098
188.61251197938762   717.2143789022458
188.92191403120142   706.1870981269219
188.80981183851526   696.0268924921567
188.72013008436633   693.0669821744744
188.45108482191955   723.7413801136893
189.1236979780365   721.6667831516168
189.5571597897563   699.653004276292
190.1191654490896   799.5918367346939
190.1191654490896   790.6870282359519
189.79631113415346   770.6705872172744
190.1998790278236   704.1922933556984
190.62790558171622   805.4268220364111
190.2671403434353   685.7004531264561
191.41058270883414   811.7065710824447
191.63478709420644   715.5227844562482
191.41058270883414   712.4222878975465
191.41058270883414   709.9160531792625
191.58994621713197   707.7031497530519
192.0159345493394   701.6389432485323
191.41058270883414   691.2127636442705
190.6034469214938   687.9678812164135
192.1728776191   819.9175674836144
191.9486732337277   814.0342232783524
192.00846106982695   796.5680082281517
191.67962797128092   793.692534091262
192.03835498787663   788.718820861678
192.87111413354523   817.3376199794986
192.00248228621706   779.5799552697791
192.58459839951098   719.5559170118856
192.58459839951098   697.1947600127639
192.48676375862124   694.2752639216155
192.92701964262508   828.8131877906828
192.82307033667973   825.6360078277886
191.41058270883414   721.42740657907
193.67056291338707   699.468595657441
193.88579912334453   823.0188239679433
193.0248542835148   799.0173329605815
193.88579912334453   790.3199841580467
193.6077856854828   770.7256818252415
193.72437196587646   705.4051346566023
193.3611608615733   805.2491030658839
194.63912585819548   769.6218898518312
194.10103533330192   716.6930699220327
193.83199007085514   712.8098499673843
194.63912585819548   708.3414872798435
195.47072030575828   702.3179022543014
196.01424608847904   830.2639548970272
195.9109761897621   814.890659460131
194.3700805957487   812.7894651011089
196.4979840351005   819.2381248888098
195.9843521704294   816.779074643556
196.91566269428364   856.5339992688329
196.61212444947188   841.7221135029354
196.9260105889931   827.7505008852856
196.79148795776973   825.3396368332068
196.79148795776973   698.718549063461
197.4537532191772   863.5618499243743
197.3295784826633   852.7266655935931
197.42741312355304   838.3157123372388
197.38936631876257   834.9805599560981
197.49100564013136   822.8592395862454
195.7153069079826   790.3678594725561
197.15021497436544   770.8453701115149
196.52244269532295   705.5221632031808
198.72861384738655   859.9019662659584
198.5299342689643   848.3706443589026
198.72861384738655   844.0281078184698
198.525335204649   701.9226488159952
199.48194058223754   868.7465886550315
199.8855084759077   851.4966568819308
199.60611531875142   830.9104762382649
199.60611531875142   813.262080385368
200.0200311071311   819.5452039263193
200.0200311071311   816.4941025333812
200.14420584364498   655.3717482778147
200.14420584364498   630.1942431345562
200.7374851403225   856.0900273351349
200.7374851403225   840.4507579287422
200.85162555469387   827.0722672630695
200.68229636853854   650.7929040952524
201.38971607958743   865.4305495548157
201.09621215691823   862.5911910752559
201.27557566521605   836.5675379740937
201.09621215691823   833.8280060882801
201.2979961037533   824.479021060479
201.2038302618969   822.2209020594539
201.27557566521605   633.886507418797
201.09621215691823   616.9721749222728
201.79572983927986   872.2665641599106
202.0827114525564   853.9888329761128
201.7321373227015   623.7472573089011
201.63430268181176   620.8892461094026
201.76882531303517   619.1338179107258
202.30691583792873   860.7046757058988
202.5759611003755   858.6699748392507
202.17239320670532   847.7384446929457
202.17239320670532   844.7177403250928
202.5759611003755   843.030705432858
202.42074267973314   647.3802534712515
202.46589712937455   627.6077485788835
202.3680624884848   614.563901525741
203.00398765426812   636.9927609898256
203.54207817916168   868.9414059521691
203.5714285714286   851.2014257757897
203.47277864186478   830.7959028360202
203.37274899300635   814.9929571407066
203.24857425649245   812.3677063780502
204.08016870405524   876.0501647732567
203.91083951789992   819.7804885916431
203.786664781386   817.3376199794986
203.91083951789992   655.9241557529228
203.786664781386   652.7605269113517
203.91083951789992   641.696594338473
204.10951909632217   630.751560898332
204.32475530627957   840.0783943714472
204.99736846239654   873.5512184325785
204.86284583117313   865.0267527102164
204.86284583117313   856.0900273351349
204.86284583117313   835.9823952412015
205.26641372484332   833.6152269126828
204.86284583117313   827.04566986612
204.86284583117313   824.0629617796237
205.22157284776884   822.7102941633274
205.15634975384236   649.6724654992756
205.16178501166956   633.4786806655691
205.62514074143903   624.3203103159071
205.4009363560667   621.3452014856823
205.4009363560667   619.1110201419119
205.4009363560667   616.8768387981415
205.93902688096026   861.3190755754356
206.04664498593897   858.9253098499673
205.93902688096026   847.9139875128133
205.93902688096026   845.1736957013725
206.02870863510918   843.1370950206566
206.04664498593897   647.0504457490758
206.14081082779535   627.3923096635915
205.93902688096026   614.7186500170844
206.77062132852305   638.2694360434086
206.47711740585382   635.571009225608
207.13938266726126   871.0930051683476
207.19457143904523   868.0322585655266
207.13938266726126   853.2195544181845
207.33806224568352   850.2439194856024
207.2394123161197   830.9820846146678
206.93242477307146   815.3612287907787
207.01520793074738   612.7048471051826
207.67747319215482   878.0410636330402
207.55329845564094   819.8599397902235
208.0913889805345   817.1780355978008
207.55329845564094   657.2744851365203
207.55329845564094   655.0403037927499
207.55329845564094   652.8061224489795
207.67747319215482   642.8136850103582
207.91202547223665   640.0393719131488
207.87615277057708   629.7940546081445
208.21556371704838   840.2072894489723
208.0913889805345   837.0576900035944
208.9523338203642   874.1815767402851
208.92298342809727   865.11138079142
208.62947950542807   862.363213387116
208.9523338203642   856.3081259901221
208.62947950542807   834.755115353382
208.89852476787485   827.8382722952194
208.62947950542807   825.066063607439
208.62947950542807   823.1624499114714
208.92841868592447   650.1463827540148
208.92841868592447   632.5566375713147
209.46107395299083   623.3555501901881
209.16757003032163   620.5700773460069
209.16757003032163   618.3358960022365
210.0045997357116   860.0175762846995
210.0643875718109   857.7124685490635
209.82983529172907   847.0816935836505
209.7056605552152   843.9426161854174
210.10922844888535   841.9136147609729
210.01314085515435   649.0216928258583
209.16757003032163   645.3588513030783
209.90744450205025   626.0757385145839
209.90744450205025   616.0219224676172
209.7056605552152   613.7079489329979
210.36792581662263   636.5776184024717
210.6473189737789   633.4964122635356
210.78184160500228   870.4792190848942
210.78184160500228   868.2450377411238
210.78184160500228   852.6057683347311
210.78184160500228   850.3715869909607
210.78184160500228   831.6774165634943
211.10469591993845   829.3702823595191
210.78184160500228   612.790338738235
211.31993212989585   879.4159444599758
211.31993212989585   877.1817631162054
210.51279634255553   819.571801323269
210.58005765816722   816.9087369536855
211.44410686640975   777.9366453290131
211.44410686640975   767.79280732314
211.05088686744907   656.9553163731246
211.05088686744907   654.6147454415556
210.51279634255553   652.6757952039263
211.54413651526818   642.8852933867611
211.31993212989585   639.765798687381
211.54413651526818   629.4846382236303
211.8580226547894   839.2006802721088
211.98219739130332   836.3281614015469
211.98219739130332   789.987312100815
212.39611317968297   874.947581772435
212.39611317968297   872.7134004286646
212.39611317968297   866.0108563973535
212.39611317968297   863.7766750535831
212.39611317968297   854.8399496785015
212.71896749461914   827.0642880439847
211.67865914649158   824.3061379803063
212.6203175650553   774.3163304134439
211.8580226547894   822.9762681328239
213.2570580195127   781.3353834684558
212.9939915406758   622.59147951418
212.93420370457653   619.3845933676797
213.4722942294701   861.2332039795697
213.4722942294701   859.1259302155304
213.4722942294701   856.89174887176
213.6740781763052   848.0908602025285
213.4722942294701   845.7208421529081
213.4722942294701   843.4866608091377
213.4722942294701   841.2524794653673
211.8580226547894   650.5719411052091
213.4722942294701   625.5399909474553
213.1135672128744   623.7617649799645
213.6740781763052   617.1390131395024
213.4722942294701   615.007421755395
214.13455949087756   801.1950459846742
214.3038886770329   787.6114019705018
214.29525620871905   762.1495858617419
214.234589139736   637.7519957754791
214.01038475436366   634.6590984730487
214.01038475436366   632.691651024402
214.7502592260923   870.6786995620166
214.54847527925722   868.2222399723098
214.87132959419336   852.4461839530333
214.11800285934237   850.0683766657347
212.93420370457653   830.9022924238188
215.08656580415078   879.3703489223478
215.08656580415078   877.1361675785774
215.38550498464718   784.7469429171973
215.38006972682   778.2974771477707
215.38550498464718   771.2295547341209
215.08656580415078   768.6187880240159
215.08656580415078   766.4074044490594
215.08656580415078   643.3678461599904
215.08656580415078   641.1336648162201
214.42889960705864   629.4181447312562
215.40942011908692   840.1262696859566
214.27943001681044   837.0462911191873
215.92359550954075   791.2899025668106
216.4616860344343   874.5574866171735
216.1627468539379   872.1282576957724
215.89370159149112   865.4877742573437
215.62465632904434   863.7128413009038
216.49905343199637   854.959637964775
216.1627468539379   826.9924750722206
216.29726948516128   775.4467197838039
216.0551287489592   773.0689124965054
216.6410495427322   799.6946800028992
216.76809869444315   782.1492638151151
216.70083737883147   859.4998136240797
216.1627468539379   857.7763023017426
217.05956439542717   846.3287826546143
217.32860965787395   844.2896488884747
216.5214738705336   842.3391731121671
215.8040198373422   623.9213493616625
216.43179211638468   617.697558475445
216.43179211638468   615.7825458950704
218.10815105932232   802.9627499050199
217.93844558608666   788.1975118814648
217.93844558608666   763.6215170999907
217.7232093761292   760.9085826111266
218.00122281399092   639.1084630199111
217.7770184286186   636.3917289029114
216.34211036223576   633.9219706147298
218.6379632684483   871.4048084987419
216.70083737883147   868.085453359426
218.15368179604405   851.3131348429782
218.8531994784057   879.6895176857436
218.8531994784057   877.4553363419732
218.94288123255464   816.4599058801602
219.15213865890212   786.005886372814
218.94288123255464   779.5427189140496
218.94288123255464   770.605993538968
218.8531994784057   767.5700906585726
219.25676737207587   765.8716568819308
218.58415421595893   642.3799428447178
219.51546473981315   821.2781266352695
219.61549438867158   793.5861445034634
219.4809717574482   790.5806386481534
220.22831970868924   875.5859192992265
219.9293805281928   872.8957825791765
219.39129000329928   853.2760227378623
220.15358491356514   827.2850464386668
220.01906228234176   824.3451474958324
220.14461673815023   813.8427220203149
220.05355526470672   775.8088535730415
220.0639031594162   772.8135774857888
220.46747105308637   809.1190243220576
220.73651631553315   799.9961171683285
220.66314033486586   782.9109165459458
221.12973631449384   885.5292538511717
219.5706535115971   845.3180815705277
221.6109134184852   818.6541911285062
221.75888831283092   804.8616676503174
220.8261980696821   802.5494672754946
221.83715602554273   796.5191120034564
221.81269736532028   763.4938495946324
221.5436521028735   761.0043332401453
220.73651631553315   639.2148526077096
219.9293805281928   637.1668530425868
222.61983315266062   879.2791578470918
222.79919666095847   788.2666651135339
222.79919666095847   785.5803280216196
222.91333707532985   779.4464846959954
222.6687504731055   770.4101399796116
222.61983315266062   767.2053263575489
222.75435578388402   765.2333193551393
223.39707502195134   822.0435860797895
222.8888784151074   793.5063523126145
222.79919666095847   790.0486907091604
223.83053683367115   876.8825424005219
223.63622636634847   874.1319282659791
222.97856016925635   872.8729848103625
224.01886851738388   828.9234460907651
223.69601420244774   826.2059520481382
223.3731598875116   824.327415897866
223.94060080467207   815.9884065705983
223.69601420244774   813.0288416736557
223.69601420244774   810.7946603298853
223.99495338294415   776.6967974404373
223.42696894000096   774.0104603485229
222.08174262776706   772.494408722393
224.4358886741764   808.7200633678128
224.16684341172962   799.3644289907744
223.69601420244774   782.6439753983785
224.77219525223487   885.7993197278911
224.2341047273413   819.1568819308545
225.60922495762483   806.4326872301432
225.10850183029333   804.0123241077252
224.50314998978808   796.4054685801261
224.6526195800363   761.6958655608362
226.14188022469122   831.9178293982599
226.4582122302347   786.4952784766874
226.38646682691555   766.2478200673615
226.38646682691555   764.378403024615
227.048732088323   822.9107976172555
226.60170303687295   788.9635169136147
225.848376302022   875.2667505358307
227.66443182353774   828.548422793775
227.46264787670268   826.0691654352543
226.38646682691555   816.3801136893113
226.11742156446877   814.6246854906345
227.46264787670268   812.4360996844922
226.27884872193684   777.1223557916317
228.14749036293082   809.6098671930374
227.10392086010694   885.7993197278911
228.59263797897916   805.7837107445717
229.6150099762769   832.5893273160536
229.70469173042585   830.3703444848259
229.3459647138301   786.8038082813034
228.71819243478762   764.9939427825925
230.81536576257793   860.867329018014
230.69119102606402   822.9230733389246
231.55213586589375   827.6148541608424
230.90642723602144   825.4764234460907
231.49832681340436   809.007315254869
232.529666986117   865.590617525549
233.38164365053186   862.8617245985151
232.96772786215215   856.018418958732
233.47947829142154   832.2369981616557
233.47132540468075   829.6256173702358
234.45782470031892   860.3874067565708
234.69697604471608   853.1909110676233
233.91973417542536   823.4217745317305
235.28941914788172   826.6902319250655
236.29630066037194   866.197038176001
237.25589542976545   863.6234740471531
236.61018679989317   861.5424937098127
236.73436153640708   856.9268223622431
237.27245206130064   873.8918697088951
236.0720962749996   832.391746652999
236.0720962749996   830.4767340726245
238.91628904943704   859.8007441724243
238.22445837457386   852.9591337513478
237.14827732478673   826.7530984996738
240.06293433462687   866.9860942855072
240.500995210662   871.4674146792541
240.57860442098317   864.0426490230795
240.69967478908424   861.670161215171
240.67032439681734   856.0295787057039
241.11669494587673   874.5885169136147
241.139115384414   851.5817685521697
241.9910920488288   859.2627168284143
243.80714757034454   868.0455572640014
244.3452380952381   870.3196347031964
244.3452380952381   865.5587006492094
244.14345414840304   863.2568859246243
244.14345414840304   860.9953472582771
244.44239332889944   856.7194990629432
244.14345414840304   854.2928032269659
245.00439898823274   874.4688286273413
244.35869035836046   872.3303979125897
244.54702204207322   851.8211451247165
245.93708923138158   858.6167800453514
248.2035917453272   868.6464166405458
247.3719972977644   866.0640511912527
246.47517975627514   863.5638958779858
248.03426255917188   854.6680895751346
248.74711752804794   875.1248977520993
248.44817834755153   872.5994115845947
248.3136557163281   870.5989073711676
248.6499622943866   852.2068073804865
249.52435939733866   857.7580640866914
250.18662465874607   749.6370149745883
251.3538671819767   752.5250830925977
251.2628057085332   734.8447703633614
251.97022541958208   855.3912411789124
252.2148120218064   876.7296073680614
252.41659596864153   873.6110625757152
251.94576675935966   871.6495045506787
251.13863097201934   869.6281023825055
252.08028939058303   852.7121579225297
253.07575686163617   754.6847917249091
254.06823494088425   749.283746984334
254.591378506753   882.6741255863076
254.36717412138066   879.6439221481156
255.10704859310934   885.6796314416177
255.3088325399444   751.070205479452
255.36057201349186   736.1803688809559
253.8290835964871   734.3537414965986
255.3088325399444   855.1790664896096
255.88361105517166   876.2822875102718
256.0890638010401   873.6070729661727
256.1056204325753   851.9797065296086
256.0792803369511   757.7981379351243
256.51953622095493   754.924928223083
256.92310411462506   753.3442829186469
257.3511306685177   740.2728712904837
257.7424692320766   747.6137528485865
257.73023990196543   744.5072977821266
258.2579825321495   882.0429488971563
258.13380779563556   878.8232024708121
258.13380779563556   763.9247274252166
258.80642095175256   742.5723371540397
258.6718983205292   885.4345554268674
258.6718983205292   761.2703072096418
258.7316861566285   751.1455647708094
258.8961027059015   736.1889618861243
258.6718983205292   733.692606200993
259.9274428786141   876.9689839406082
259.7894709491543   873.5972523888374
258.761580074678   851.6748594414935
259.7480793703163   758.317996148231
260.51037428058214   754.3017892088342
261.04846480547565   896.0925123474046
261.04846480547565   765.5258907215854
260.9856875775714   738.9497716894977
260.9484351566173   615.9298545550992
261.54171445329484   748.2730459002474
261.36235094499693   745.7936618874555
261.30256310889774   610.1970925356443
261.5580202267764   607.2810506518921
262.0471934312251   882.9558161994561
261.90044146989055   880.1454730620233
261.90044146989055   743.4044557157501
261.9901232240394   741.3843200902887
262.5154020697688   885.3889598892395
262.63420127656354   761.6716861090638
262.73747117528046   750.8263960074136
262.43853199478417   734.9956253429834
263.71038232635067   876.8045636685558
263.27012644234685   873.7289374031056
263.8136522250676   759.2666366394351
263.5147130445712   756.5815660902325
263.8136522250676   612.224405236473
264.2545875162998   754.5012696859566
264.45637146313493   752.2271922467617
264.8843980170275   896.4189349463322
263.5147130445712   894.8956294846705
264.71506883087227   766.4793051045497
264.9137484092945   763.4938495946324
263.78375830701793   738.7822080887149
264.8843980170275   616.4789141061156
264.48327598937954   614.0590345727333
265.35318900462414   887.4377193799894
265.2485602914504   748.2198511063482
265.451838934188   609.5268381325133
264.36028386940393   607.0737982081287
265.7912498806594   880.6435166268825
265.9899294590816   877.6285993849594
265.56924050325574   843.3353665251904
264.0528035694648   741.8542074363992
266.20516566903905   884.2414721922689
264.85993935680506   735.231455595937
266.42937005441127   633.7703654521168
266.07064303781556   630.5341271782686
266.9674605793049   832.4981362407976
267.0856774370467   750.210625968943
267.44950000785536   874.4588546034852
267.57485064149535   840.9125854575952
267.5055511041984   761.40329419439
267.28134671882617   758.3141965200953
268.0212211905548   756.0971135029354
267.8194372437197   753.6634516820427
268.1781642603154   751.3228807504737
268.0212211905548   628.3298679060665
268.3575277686133   897.015821984371
268.3575277686133   894.8044384094146
268.5817321539855   844.9457180132326
267.5503919812729   767.2281241263629
268.3575277686133   764.6519762503827
268.6564669491097   617.0237577527205
268.3575277686133   614.5970619167432
268.3575277686133   612.3628805729728
268.8956182935068   888.1246921469175
268.8956182935068   885.8905108031471
268.8956182935068   610.1286992292024
268.8956182935068   608.1908888800137
269.55788355491427   882.3535246553837
269.4337088184004   879.142371234208
269.7565631333365   876.9264281054888
270.0959740798079   891.6343794279214
270.19600372866626   836.4079535923959
269.8103721858258   826.2466840617525
270.2946536582301   823.2741589786599
269.792435834996   813.0997680655214
270.19600372866626   634.9060743018667
269.9717993432939   631.8777706777428
270.0614810974429   629.7727766905849
270.71167381502255   833.4157464355605
270.3081059213524   830.9621365669556
270.2408446057407   750.6579458267325
271.1197257964002   874.2241325754046
271.04798039308105   841.5199732861181
271.172155129595   809.653018214662
271.34691957357745   762.3164714896612
271.24976433991617   759.3546296943434
272.2138431970171   838.4807773946717
271.90892523291075   814.5608517379554
271.04798039308105   757.5573105954711
271.04798039308105   755.1699282452707
271.04798039308105   752.9293635262325
271.37083470801724   628.1662939148262
272.12416144286817   896.9246309091151
272.12416144286817   894.6904495653447
272.12416144286817   844.6265492498369
272.44701575780437   829.4021992358587
272.4231006233646   807.3192671284647
272.0165433378894   763.8555741931475
271.58607091797455   616.9315534432951
272.12416144286817   614.825039604883
272.4231006233646   612.3461622091759
272.9611911482582   888.3881330309902
272.6622519677617   885.7081286526352
272.95575589043096   821.2256758245016
271.4784528129959   609.9162240238561
273.32451722916926   882.9759037440054
273.2003424926553   881.3043596434007
273.2003424926553   878.4766763848396
273.5231968075915   876.3519243313764
274.061287332485   892.7571987699189
273.63081491257014   890.0453281769328
273.78327389462333   825.609410430839
274.0971600341445   823.5614108657161
274.0319369402181   636.2383620945265
273.7384330175488   633.4280189570936
273.7384330175488   631.1938376133232
273.7384330175488   629.1876339576927
274.5993778573785   835.4664057403784
274.2765235424424   832.7261139289375
274.8146140673359   873.60251341241
275.03881845270826   869.441920603858
275.1081179900052   842.1892605111783
274.6352505590381   811.1492922892139
273.46938775510205   761.562878576088
275.55448853906466   839.4001607492312
275.35270459222954   837.1260833100363
275.5769089776019   814.2789193302892
275.35270459222954   896.0446370328954
276.3616243264049   844.8293544015779
276.21364943205924   830.7746249184605
275.980476871272   827.9765787593576
275.89079511712305   807.8195514996605
274.96835421730555   614.2094998469054
276.5756376033512   887.366148202743
277.1207163168798   872.1753730846546
276.6306695888518   847.4990681203988
276.653090027389   822.284735812133
277.2061275113074   884.2744023027781
276.9669761669102   882.0376878735839
275.35270459222954   880.3734507501631
276.04453526709267   877.4097408043452
277.79857061447296   893.3916675844268
277.5050666918038   890.4956601035717
277.8040058723002   825.157254682695
277.5050666918038   637.8051905693784
277.5050666918038   635.571009225608
277.5050666918038   633.3368278818376
277.79857061447296   630.5078320244661
276.42888564201667   629.0280495759948
277.8817300592293   867.5747833379927
278.33666113936647   833.9779186892689
278.80545212696313   810.6084785512378
279.4421925814206   841.2114434815022
279.1193382664844   838.5623427453173
279.0296565123356   836.4877457832448
279.4128421891536   815.32105370168
278.7157703728143   813.1884260553536
279.85921273821305   843.9084195321964
279.9509327140472   830.0318321600122
279.65742879137804   827.2090538759535
279.85921273821305   807.6428687913522
280.19551931627154   887.3685661479203
280.19551931627154   873.6253111812239
280.19551931627154   871.3911298374535
280.19551931627154   869.1569484936831
280.4197237016439   847.8980290746435
279.83679229967584   845.4776659522256
280.4197237016439   821.4735152051688
280.90176313019435   883.2559436445811
281.27170036605867   894.8728317158566
281.27170036605867   892.6386503720862
281.27170036605867   890.4044690283158
281.57063954655507   823.9515060209776
281.27170036605867   637.4860218059827
281.27170036605867   635.2062449245843
281.27170036605867   633.0480561435272
280.73360984116516   630.8433219178082
281.8770522065639   867.3673236417854
281.97121804842027   832.7215543751747
282.49463337718043   809.6630619869367
283.2088262556755   840.5731059547106
282.8859719407394   837.7416230680138
282.8859719407394   835.5074417242434
283.1794758634086   815.4371150701875
282.8859719407394   812.6640773726319
283.62584641246804   843.190289814556
283.7175663883021   829.4515253174744
283.4240624656329   826.479525273906
283.4240624656329   807.507222066909
284.081728662725   888.3514877285262
284.0863277270404   872.958914862046
283.96215299052653   869.7952860204747
283.96215299052653   848.7301476363539
283.96215299052653   846.4959662925835
283.6034259739308   844.4137700742397
283.90236515442723   821.3272295219457
284.44045567932073   885.4624193665289
283.0653354490372   882.8204112695306
285.1625087768275   893.7335278333321
284.2311982529733   890.7464355605256
285.1055953559253   824.3194366787811
283.4240624656329   637.0072686608889
283.4240624656329   634.1347497903271
285.6212654422817   867.3008301494114
285.51663672910786   833.455642530985
286.60776473791987   809.6376735625756
286.8768100003666   876.0380750473705
286.592817778895   839.2716066639746
286.9754599299305   836.394122945982
286.6526056149943   816.3573159204973
286.6526056149943   814.1231345767269
286.3297513000581   811.9436678781101
287.1906961398879   841.9820080674148
287.1906961398879   830.1769088706466
287.1906961398879   827.3914360264654
287.4059323498452   808.337060851738
286.38356035254753   889.7091370794893
287.8529614012954   871.6576883651247
288.0516409797176   868.6280402571988
287.7287866647814   848.6845520987259
287.7287866647814   846.4503707549555
287.7287866647814   844.2161894111852
287.8115698224574   822.0637728220898
287.45974140233466   894.0179153853322
288.80496771456853   824.6329059999733
289.66591255439823   867.175822383748
289.55829444941946   832.6524011431056
290.41923928924916   876.982282639083
290.41923928924916   874.6740085466672
290.11175898931003   840.4089620192499
289.6121035019089   835.9823952412015
289.0740129770153   815.2364256204764
289.9708305185046   812.6564781163606
289.47758087068553   810.4887902649645
291.2562689946392   842.5785496847141
291.2019164163671   829.3934946332206
290.9573298141428   826.547918580348
289.34305823946204   808.7200633678128
291.7943595195328   872.1459892937388
291.6747838473342   869.8408815581026
290.41923928924916   846.8607305936073
291.6972042858714   845.1252504426428
290.41923928924916   821.8059826670394
292.79580577419574   881.4772427235735
293.15453279079145   867.4604145311092
292.5716013888234   832.4981362407976
294.18587296350415   877.5009318796011
294.18587296350415   875.2667505358307
293.9706367535467   829.9235082160718
293.51325980738716   827.0722672630695
295.4638379601264   873.1522574783338
295.2620540132913   870.7071967730341
293.64778243861053   845.2648867766284
296.46240979959225   882.362117660552
294.72396348839766   880.8522038952567
296.8763255879719   868.1538466658678
298.076681374273   877.6461945860184
298.13187014605694   874.5220234212406
299.32762686804256   872.3233052734031
299.19011484501425   866.6811108004846
299.6909529489536   786.9429331268861
300.1048687373333   883.0635874702131
300.1048687373333   880.8294061264427
300.965813577163   869.8089646817631
300.76713399874075   794.492501953363
301.78640162762565   878.3420745581337
301.719140312014   875.9050880626223
301.84331504852787   802.8277169666602
302.48143522227986   850.0657169260398
303.0888252844703   873.2937072712024
303.0888252844703   866.8958243322236
302.79532136180114   847.1207940304482
302.61595785350323   785.4916700317874
303.557616272067   788.5858338769298
303.9956771481021   882.2884633305376
304.0732863584233   791.6844306215637
304.73244725141797   869.3940452893486
304.53376767299574   795.9336716773116
304.4095929364818   793.320170533967
305.27053777631147   846.2223930668157
305.687557933104   879.289606824465
305.4857739862689   876.8169988151816
305.4857739862689   802.952227857875
305.60994872278286   772.1445506548246
306.0238645111625   850.5995646791006
306.14803924767637   819.7313857049669
306.14803924767637   813.7040063654545
306.8608942165524   874.6638762049721
306.561955036056   872.075062901873
306.6217428721553   866.9328994916079
306.561955036056   848.3197877977022
306.8608942165524   786.1122759606126
306.78615942142835   776.4973169633149
307.3935494836188   807.6755110512449
307.30182950778465   788.6523273693039
307.7053974014549   770.539500046594
307.1000455609495   883.2672475382847
307.5305179808644   880.7947535178455
307.83992003267826   791.0859891901966
307.7623108223571   781.332928324122
307.99686310243885   778.5586152269127
308.49908092567284   869.968549063461
308.6470558200185   804.9219550834032
308.3004013472506   797.3159179372486
308.35559011903456   794.3397374170368
307.81749959414105   792.6020408163265
308.9161010824654   846.6014059733482
309.4969942627482   878.4294228276616
309.5513468410203   802.5849304714275
309.54591158319306   773.1327462491846
309.37658239703774   674.4113925865394
309.7904981854174   850.5539691414726
309.7904981854174   820.0277566995487
309.6663234489034   814.0108994071812
310.45276344682486   874.3583471323198
310.3883765464102   868.1563797512916
310.5591989352654   848.59336102347
310.3285887103109   785.4207436399217
310.6275278908074   775.9343387278808
311.1656184157009   808.2413102227192
311.06846318203964   787.4155484111452
310.8666792352045   770.3894147352353
311.1601831578737   678.4847002312756
311.404769760098   789.9119040962764
311.5026044009878   782.4466710719157
311.404769760098   779.6985036676118
311.404769760098   778.079862081819
312.2657145999277   870.7026372192712
312.24179946548804   805.7529759747633
312.16706467036397   799.277987450688
311.64392110449523   795.9001180380828
312.2657145999277   793.8148821172305
312.24179946548804   681.5667743505317
312.28528152810566   672.4495090688828
312.77445473255443   846.7591768961631
312.68273475672027   684.1445054049017
313.1432160712927   881.5764714737318
313.01904133477876   878.4128426321605
313.1984048430767   876.3838412077159
313.1432160712927   818.0496118363046
313.31798051527517   803.3119259880511
313.7723680696297   795.0596402944739
313.31254525744794   772.6394854330275
313.31798051527517   675.0415462988848
313.85063578234144   821.8204903381029
313.7813362450446   768.0792408287516
313.25819267917586   764.6688634865412
314.0952223845659   873.4429290307121
314.0952223845659   850.006822689937
314.3941615650623   774.9768324376935
314.9322520899558   824.7228305325174
314.8575172948317   813.2052710734217
314.498790278236   809.8471280635541
314.92681683212857   787.4373099177404
314.6333129094594   784.5772261938043
314.9322520899558   762.8661510266206
314.6333129094594   677.7924770691055
314.8126764177573   789.1975740067717
315.373187381188   782.308848196813
315.171403434353   779.8808858181237
315.171403434353   777.6467044743533
316.0323482741827   870.9420137918181
314.90235817190626   869.2025440313112
315.93369834461885   806.7252585965894
315.8073286001362   800.1460297693175
315.44044869679976   797.0704035038673
315.8336686957605   680.9911794011598
315.93369834461885   672.4084040008697
316.24758448414013   846.6669495586884
316.24758448414013   684.3582344875327
316.9098497455476   882.2270847221923
315.171403434353   880.6128273227099
316.1280088119415   877.2704211060375
317.0791789317028   818.3096339407493
316.78567500903364   815.5365962431939
317.08461418953004   803.2409995961855
317.0302616112581   794.5122175063466
316.9813442908131   770.5793961420184
317.08461418953004   675.8217366094078
317.52554948076227   821.1277490448234
317.52554948076227   767.587188985183
317.32376553392726   765.1991227019183
317.86185605882076   849.961227152309
317.9860307953347   827.1704730364221
318.0860604441931   774.2232395241201
318.6988857642108   823.3131684941861
318.6241509690866   811.7433008210894
318.4896283378632   808.8796477495107
318.5793100920122   792.1410192691993
318.3999465837144   785.394146242972
318.3999465837144   762.7452537677586
318.72280089865046   678.4353741496598
319.2369762891043   788.9138684393088
319.02771886275684   781.6838093684962
318.9380371086079   778.4598248953854
319.34160500227813   776.8829792190849
319.4761276335015   871.1631521493138
319.7750668139979   806.468150426076
319.8604780084254   801.2879907344543
319.7696315561707   682.3147253920248
319.4761276335015   673.0733389246109
320.3077220810642   848.2824823578248
320.014218158395   845.5156622335822
319.6554911417993   683.9782716739663
319.8124342115599   882.2685152828254
320.8458126059578   817.5842503875772
320.55230868328863   814.6246854906345
320.85124786378503   803.8947045078812
320.55230868328863   794.8362221600969
320.77651306866085   770.685785729817
321.32955055257935   675.4671046500791
321.09039920818213   820.3697232317584
321.29218315501726   767.6669811760321
321.09039920818213   765.1991227019183
321.83027367991076   827.870189171559
321.62848973307575   825.5220189837187
321.85269411844797   774.7817848600628
320.55230868328863   881.1713726586524
322.40573160236636   822.9939997307903
322.48943457290545   811.9372845028422
322.16658025796926   809.3128053569765
322.48943457290545   792.570123939987
322.2907549944832   786.3536984867709
322.30110288919263   763.2983587270525
322.3683642048044   679.2572337154039
322.7046707828629   789.7751174833926
321.3594444706289   783.4259388686982
322.435625520416   778.1596542726679
321.80785324137355   871.1707514055851
322.7046707828629   806.7093001584195
323.2427613077564   800.227894484604
323.43843058953587   681.8408081372856
323.51180657020313   849.3608859068742
323.67323372767123   846.733063088249
322.16658025796926   683.7654924983692
324.44311709405747   816.670639102146
324.6417966724797   814.2416829745597
322.97371604530963   804.1719084894231
323.85772190763475   771.308924744066
324.53417856750093   676.8076134563414
324.1575152000754   673.8712608331003
324.9339029574219   845.926022072234
324.8570328824371   819.9137678554788
324.62642265748264   768.2996192606201
324.58798761999026   765.8716568819308
325.29728876644094   828.0878042375107
325.39512340733063   825.3396368332068
326.25606824716033   822.6783772869878
324.74941477745836   810.1563228030939
324.3189423575435   792.6020408163265
324.4983058658414   787.1229770446992
324.8570328824371   763.8768521107072
324.8570328824371   790.527443854254
325.57448691562854   800.3152859317242
326.202259194671   680.2546361010156
327.18875849030917   678.2864287267419
326.8748723507879   815.0635425403037
328.16835918947436   675.246141660036
328.51604845171323   820.8803932531916
328.623666556692   673.9510530239493
328.623666556692   827.5031450936539
329.1617570815855   825.3396368332068
329.8074657114579   822.7475305190569
330.77602865626625   678.6131967464089
332.13919131932994   675.8820240424936
332.9283907558405   826.0691654352543
333.38369812305814   823.4141022056873
335.61884338030825   678.2940279830132
335.4946686437944   675.3934503200647
335.61884338030825   825.6360078277886
338.20167789979735   677.1906159724164
352.4238243885226   854.1893364300408
354.9901022764765   847.1229049349681
356.3891376411997   854.4569471624266
355.8644993794285   851.8078464262417
356.6043738511571   850.3237116764514
358.75673595073135   848.6839821545057
358.6670541965825   845.4244711583264
359.8329170005185   855.5653332316738
359.8329170005185   852.742554947615
361.31266594397573   843.7355364520237
361.69177517742355   850.5892020569124
362.2787830227619   857.4803458120483
363.92240498970955   854.2973627807287
364.8999361099328   845.3446789674774
364.6757317245605   842.8255255135322
365.5366765643903   851.9993476842792
365.2138222494541   849.1405074750056
365.7519127743476   857.9860417748313
367.56796829586347   855.9969364458111
368.76521971375155   847.2511803808281
368.1488614761463   843.8721503545378
369.30331023864517   853.8186096356351
368.980455923709   851.0099245177523
368.57688803003884   848.8954314602553
369.60822820275143   857.4996893734663
370.5947274983897   842.9167165887882
372.2762603886821   844.9856141086572
372.9712939833362   855.1857158388469
372.74708959796396   852.0586218831955
372.62291486145   849.0458090507013
372.8712643344778   838.2922768685978
373.28518012285747   856.5953778771782
374.8994516975382   843.190289814556
375.97563274732534   847.5081872279244
375.97563274732534   845.2648867766284
376.51372327221884   854.2016121517099
376.51372327221884   851.9674308079395
376.51372327221884   849.7332494641691
376.7827685346656   839.3762230919765
376.51372327221884   836.6295985669763
377.05181379711246   856.4357934954803
378.6660853717931   843.030705432858
379.2041758966867   866.7973794214358
379.7422664215802   847.51730633545
379.7422664215802   845.2648867766284
380.48214089330884   854.4010926288323
380.28035694647383   851.9218352703116
380.28035694647383   849.6876539265412
380.4045316829877   839.4952975921665
380.1009934381759   836.0976506279833
380.6390839630694   856.3825987015811
381.6255832587077   865.3725188705619
382.53055368693776   860.2222956430393
382.54033715102673   843.4456248252725
382.59414620351606   835.3227797968502
383.269748751438   867.2343366570373
383.61651820081386   846.65859037679
384.13667237487755   853.4834824340695
384.0469906207287   850.5083736038447
384.1815132519521   848.8555353648309
384.0469906207287   839.8789138943248
384.3698449356649   837.7963377131674
384.5850811456222   856.6181756459922
385.7854369319233   862.0580740199135
386.2666140359146   858.4438969651787
386.4235571056753   844.1743935016929
385.66126219540934   841.9934069518218
386.2890344744518   836.4877457832448
386.73744324519646   866.7745816526219
387.9750514524517   854.2335290280496
387.8136242949836   851.51147543166
387.8136242949836   849.2772940878896
387.9929878032815   847.2463928493771
387.8136242949836   840.0236797262936
387.9929878032815   838.0835896002236
389.1887445252671   856.8968150426076
389.7213997923335   863.5019964814485
389.4278958696643   860.6852976024069
390.32471341115354   857.818858136862
390.14534990285574   845.1348550582079
389.96598639455783   842.6659411318343
390.2350316570046   836.2164523343583
390.3022929726163   866.9284665921163
391.68787607421723   853.7292423818842
391.5802579692386   850.8731379048684
391.5802579692386   848.6845520987259
391.5802579692386   839.8390177989004
393.1347417078199   865.4079820664948
392.90102562125   862.1808312366043
394.026123991482   857.520967291026
392.38739375657883   855.6272326282111
394.0315592493092   846.64795141801
393.7326200688128   844.0338072606734
393.82230182296166   841.8072251731743
394.0315592493092   837.7112260429285
393.7326200688128   835.3250595737316
395.40667947959275   866.9328994916079
395.64583082398985   860.542431584506
395.2572098893446   853.3717733668809
395.34689164349345   850.5995646791006
395.4545097484722   848.5204081632653
395.8177208527753   840.3576670394185
397.140526726472   863.7293907923392
397.7927576657369   858.159788406853
397.7927576657369   846.1063316983082
396.6921179557273   843.8765026558568
397.6337763742911   837.4541178724153
398.6732694337445   854.9415033759456
399.2113599586381   866.7072246083987
399.2377000542623   850.3715869909607
398.72917494282444   841.1156928524834
400.2569676831472   861.1847587208399
400.72779689242907   863.5258995966292
401.5648265978191   858.2444164880563
401.58874173225877   846.8288137172677
400.4587516299823   845.1053023949305
401.06410347048757   838.1194960861056
402.23445036213104   835.6100316839064
402.2972275900353   855.3878560556642
402.977993632893   867.0263933717945
402.96984074615216   864.7607787407201
403.10436337737565   851.1961062963999
402.9877770969821   848.4246575342465
405.03252109157756   858.5331882263669
405.03252109157756   838.6307360517592
405.3015663540243   835.90925239959
404.85315758327965   834.5727332028702
406.4076413218611   856.3294039076818
406.1087021413647   853.7000612378023
405.57061161647107   867.4471158326344
406.3478534857618   864.7519129417368
406.8485766130933   851.4886776628459
406.6467926662582   849.0949119373777
406.1087021413647   847.562901873078
408.0219128965417   863.5638958779858
409.87533581561956   856.2990068825965
409.87533581561956   854.0648255388261
410.6152102873482   851.8424230422762
410.8438987604279   848.8076600503215
411.34285542896566   865.2854728441812
412.17444987652846   862.5145076710634
413.10387896498094   867.6522957519603
413.8661738752468   857.672572453639
413.50744685865106   854.6005731059547
414.18006001476806   851.023223216227
413.97827606793294   848.356834172025
415.3160289006545   865.4257136644612
415.68671348447003   862.8191687633957
417.61038711096455   858.1912216941571
417.2548630141598   856.1166247320846
416.78083088508697   853.4568850371198
416.3324221143423   852.1270151896375
418.82109079197505   863.5971426241729
419.9914376836185   857.4252166620072
426.1422262989403   838.6605485186698
428.49326797693675   836.3760367160562
429.90885997319526   843.3989770829301
429.7846852366813   840.0669954870402
430.18825313035154   838.0037974093747
431.7218111262981   833.902478799739
432.09078748622517   836.2825658639189
433.5513189109363   843.8514251101615
433.5513189109363   841.6172437663911
433.4167962797128   839.2006802721088
435.3001131168403   833.4157464355605
435.8112991154892   836.5515795359239
437.44212732170513   844.8966151265564
437.31795258519116   841.708434841647
437.31795258519116   839.4742534978766
439.2311633403683   833.2783265513207
439.7931689997015   837.7803792749976
439.1474603698292   834.9238188426056
440.54649573455254   845.8393905507409
440.2774504721058   843.6956403565993
441.08458625944604   841.3892660782512
441.4881541531163   839.2006802721088
442.64504878163734   833.2481828347777
443.2967361951196   837.480715269365
444.38999948379217   834.3903510523583
445.07542431907325   840.7433292951883
447.13810466449866   837.4851481688565
447.33988861133366   834.7722136799925
448.2815470298974   833.0965776721647
448.7523762391793   841.8072251731743
448.70753536210486   839.413459447706
450.9719996543653   837.4053559780076
451.4324809689376   845.4612983233335
452.1453359378137   835.3706551113596
451.8463967573173   832.7717094665654
452.3844872822109   841.5716482287631
452.3844872822109   839.3602646538067
454.2678041193383   846.2223930668157
454.2678041193383   844.2807830894915
455.79239393987007   836.3990877934126
455.61303043157216   833.7428944180411
455.9119696120687   841.2220824402821
455.79239393987007   832.7109154163949
457.0735618562833   839.5882423419465
459.47749874671683   836.5747918096255
458.7518918267847   833.907798279129
460.1867998931675   839.413459447706
557.436314372969   833.7134326860354
560.6648575223304   831.4915270639341
561.07877331071   834.5499354340561
564.083112074699   832.2321622713011
565.0247704932627   835.4415815032253
565.682436690355   838.3141003737873
567.2219734699115   829.5990199732861
568.3968044492624   832.9130556332121
568.8426508841742   835.1882729608477
568.8810859216666   838.7751219209144
568.7465632904432   836.8202132451154
570.854084512943   829.8915913397323
572.5028490699887   834.1676343877909
572.7822422271449   831.1416689963656
573.1185488052034   837.1659794054608
573.5790301197758   825.2309090127094
574.8245403557182   829.4515253174744
575.3626308806117   838.7944654823324
576.1453080077297   832.9084960794494
576.6833985326232   835.1426774232198
577.187858399711   826.5436439986953
578.5966092878004   830.9377556197517
578.8357606321974   839.3374668849928
578.8357606321974   837.1032855412224
580.2347959969206   833.4237256546454
581.0957408367505   835.8174913801137
581.0957408367505   828.2673769660071
582.7369169376758   838.6421349361663
583.6785753562395   831.9794870002795
584.4184498279682   836.6074340695181
584.306347635282   834.359954027273
585.0536955865231   830.0157125254973
584.608004444692   826.8111291839276
586.4587097348563   838.4027583636193
587.6694134158668   825.6218225494155
588.3061538703241   836.2643276488677
587.983299555388   833.455642530985
588.7231740271167   831.3012533780635
588.5213900802815   828.8504932305602
589.3285258676219   824.0667614077594
591.7499332296429   836.7385212401986
591.7499332296429   834.5043398964282
591.8097210657422   826.297987485202
592.4898077013715   832.2986557636754
592.2880237545364   829.8535950583756
591.8844558608663   827.9499813624079
593.5435683126215   823.4550212779176
595.8155060843943   835.7057823129251
596.2564413756265   833.2162659584382
596.0546574287914   830.7655058109349
595.7557182482949   828.7035742759813
596.5927479536849   823.3448320619833
597.9624329261412   838.5130166637016
600.1147950257155   835.4577011377403
599.8212911030463   832.4981362407976
599.6971163665324   829.7238231435883
600.9647334684452   823.9803198676731
601.435562677727   838.4711516700613
603.7120995138151   834.6913985123379
603.5879247773013   831.5406299506103
603.3861408304662   829.4660329885378
604.3053788104927   824.7848911253999
603.3188795148544   822.6836967663778
605.525050666918   838.1740207498524
606.5474226642158   835.410551206784
607.7730733042512   830.4944656705909
605.7402868768755   828.9872798434442
607.2349827793577   825.9197133952515
608.8709953853471   839.3167416406163
609.372397919907   837.4253040257198
610.9970173892972   830.3130577837036
612.466418438045   838.6953297300655
612.1973731755982   837.0303326810176
