    2.17411E+36    5.09050E+02
    2.25243E+36    5.13010E+02
    2.33089E+36    5.16970E+02
    2.33089E+36    5.20940E+02
    2.40936E+36    5.24900E+02
    2.40936E+36    5.28860E+02
    2.40936E+36    5.32830E+02
    2.40936E+36    5.32830E+02
    2.40936E+36    5.34820E+02
    2.40936E+36    5.38780E+02
    2.33089E+36    5.32840E+02
    2.33089E+36    5.28870E+02
    2.33089E+36    5.30860E+02
    2.48782E+36    5.36790E+02
    2.40936E+36    5.40770E+02
    2.40936E+36    5.46720E+02
    2.40936E+36    5.46720E+02
    2.40936E+36    5.46720E+02
    2.40936E+36    5.46720E+02
    2.40936E+36    5.50690E+02
    2.25243E+36    5.46740E+02
    2.33089E+36    5.46730E+02
    2.33089E+36    5.44750E+02
    2.33089E+36    5.52680E+02
    2.33089E+36    5.48710E+02
    2.48782E+36    5.50680E+02
    2.48782E+36    5.46710E+02
    2.48782E+36    5.56630E+02
    2.48782E+36    5.58620E+02
    2.17411E+36    5.58650E+02
    2.17411E+36    5.54680E+02
    2.33089E+36    5.56650E+02
    2.56628E+36    5.68530E+02
    2.56628E+36    5.70510E+02
    2.56628E+36    5.72500E+02
    2.56628E+36    5.72500E+02
    2.56628E+36    5.78450E+02
    2.56628E+36    5.80430E+02
    2.56628E+36    5.84400E+02
    2.56628E+36    5.84400E+02
    2.56628E+36    5.84400E+02
    2.56628E+36    5.86390E+02
    2.56628E+36    5.92340E+02
    2.40936E+36    5.86400E+02
    2.40936E+36    5.80450E+02
    2.40936E+36    5.78470E+02
    2.33089E+36    5.82440E+02
    2.56628E+36    5.96310E+02
    2.56628E+36    6.00280E+02
    2.56628E+36    6.10200E+02
    2.56628E+36    6.14160E+02
    2.56628E+36    6.16150E+02
    2.64474E+36    6.16140E+02
    2.64474E+36    6.12170E+02
    2.64474E+36    6.20110E+02
    2.64474E+36    6.28040E+02
    2.64474E+36    6.24080E+02
    2.72306E+36    6.26050E+02
    2.72306E+36    6.30020E+02
    2.64474E+36    6.30030E+02
    2.64474E+36    6.35980E+02
    2.64474E+36    6.39950E+02
    2.64474E+36    6.47890E+02
    2.64474E+36    6.45900E+02
    2.72306E+36    6.43910E+02
    2.72306E+36    6.51850E+02
    2.72306E+36    6.47880E+02
    2.80166E+36    6.49850E+02
    2.80166E+36    6.51840E+02
    2.80166E+36    6.53820E+02
    2.80166E+36    6.55810E+02
    2.64474E+36    6.55820E+02
    2.72306E+36    6.61770E+02
    2.72306E+36    6.67720E+02
    2.72306E+36    6.73670E+02
    2.72306E+36    6.75660E+02
    2.72306E+36    6.77640E+02
    2.80166E+36    6.79610E+02
    3.66433E+36    4.29520E+02
    3.89998E+36    4.29490E+02
    3.89998E+36    4.35450E+02
    3.74292E+36    4.35460E+02
    3.74292E+36    4.35460E+02
    3.74292E+36    4.41420E+02
    3.82139E+36    4.45380E+02
    3.82139E+36    4.47360E+02
    3.82139E+36    4.47360E+02
    3.82139E+36    4.51330E+02
    3.82139E+36    4.51330E+02
    3.82139E+36    4.55300E+02
    3.74292E+36    4.55300E+02
    3.74292E+36    4.55300E+02
    3.74292E+36    4.63240E+02
    3.82139E+36    4.65220E+02
    3.89998E+36    4.65210E+02
    3.89998E+36    4.59260E+02
    3.89998E+36    4.57270E+02
    3.89998E+36    4.55290E+02
    3.89998E+36    4.55290E+02
    3.89998E+36    4.53300E+02
    3.89998E+36    4.53300E+02
    3.89998E+36    4.51320E+02
    3.89998E+36    4.51320E+02
    3.89998E+36    4.51320E+02
    3.89998E+36    4.49330E+02
    3.89998E+36    4.49330E+02
    3.89998E+36    4.47350E+02
    3.89998E+36    4.43380E+02
    3.89998E+36    4.43380E+02
    3.89998E+36    4.43380E+02
    3.89998E+36    4.43380E+02
    3.89998E+36    4.43380E+02
    3.89998E+36    4.39410E+02
    3.89998E+36    4.39410E+02
    3.89998E+36    4.39410E+02
    3.89998E+36    4.39410E+02
    3.89998E+36    4.37430E+02
    3.89998E+36    4.35450E+02
    3.89998E+36    4.35450E+02
    3.89998E+36    4.35450E+02
    3.89998E+36    4.35450E+02
    3.89998E+36    4.31480E+02
    4.13537E+36    4.61210E+02
    3.89998E+36    4.67190E+02
    4.05677E+36    4.73130E+02
    4.05677E+36    4.75110E+02
    4.05677E+36    4.77100E+02
    3.97831E+36    4.81070E+02
    3.74292E+36    4.85070E+02
    3.89998E+36    4.83060E+02
    3.97831E+36    4.87020E+02
    3.97831E+36    4.90990E+02
    3.97831E+36    4.94960E+02
    4.05677E+36    4.94950E+02
    4.13537E+36    4.94940E+02
    4.21355E+36    4.92950E+02
    4.13537E+36    4.98910E+02
    3.89998E+36    4.98940E+02
    3.82139E+36    4.98950E+02
    3.82139E+36    5.02910E+02
    3.89998E+36    5.00920E+02
    3.89998E+36    5.06870E+02
    3.89998E+36    5.10840E+02
    3.74292E+36    5.14830E+02
    3.74292E+36    5.10860E+02
    4.05677E+36    5.08840E+02
    4.05677E+36    5.12810E+02
    3.97831E+36    5.12820E+02
    3.97831E+36    5.16790E+02
    3.89998E+36    5.22750E+02
    4.05677E+36    5.22730E+02
    3.97831E+36    5.26710E+02
    4.05677E+36    5.20750E+02
    4.05677E+36    5.18760E+02
    4.13537E+36    5.18750E+02
    4.13537E+36    5.20740E+02
    4.13537E+36    5.22720E+02
    3.82139E+36    5.36640E+02
    3.82139E+36    5.42600E+02
    3.82139E+36    5.40610E+02
    3.89998E+36    5.40600E+02
    3.89998E+36    5.36640E+02
    3.74292E+36    5.40620E+02
    3.74292E+36    5.50540E+02
    3.82139E+36    5.56490E+02
    3.89998E+36    5.52510E+02
    4.13537E+36    5.52480E+02
    4.21355E+36    5.58430E+02
    4.21355E+36    5.60410E+02
    4.05677E+36    5.58440E+02
    4.05677E+36    5.54480E+02
    4.21355E+36    5.54460E+02
    4.05677E+36    5.54480E+02
    4.13537E+36    5.54470E+02
    4.13537E+36    5.58440E+02
    4.13537E+36    5.56450E+02
    4.21355E+36    5.60410E+02
    4.13537E+36    5.98120E+02
    4.13537E+36    6.02090E+02
    4.21355E+36    5.98110E+02
    4.21355E+36    5.94140E+02
    4.05677E+36    5.94160E+02
    4.05677E+36    5.98130E+02
    5.78264E+36    6.57460E+02
    5.78264E+36    6.63410E+02
    5.78264E+36    6.61430E+02
    5.78264E+36    6.67380E+02
    5.78264E+36    6.67380E+02
    5.78264E+36    6.67380E+02
    5.78264E+36    6.61430E+02
    5.78264E+36    6.67380E+02
    5.78264E+36    6.65400E+02
    5.78264E+36    6.67380E+02
    5.78264E+36    6.69360E+02
    5.78264E+36    6.71350E+02
    5.78264E+36    6.71350E+02
    5.78264E+36    6.73330E+02
    5.78264E+36    6.73330E+02
    5.78264E+36    6.73330E+02
    5.78264E+36    6.77300E+02
    5.78264E+36    6.77300E+02
    5.78264E+36    6.77300E+02
    5.78264E+36    6.77300E+02
    5.78264E+36    6.79290E+02
    5.78264E+36    6.79290E+02
    5.78264E+36    6.79290E+02
    5.78264E+36    6.81270E+02
    5.78264E+36    6.81270E+02
    5.78264E+36    6.85240E+02
    5.86083E+36    6.61420E+02
    5.86083E+36    6.61420E+02
    5.86083E+36    6.61420E+02
    5.86083E+36    6.67370E+02
    5.86083E+36    6.65390E+02
    5.86083E+36    6.65390E+02
    5.86083E+36    6.65390E+02
    5.86083E+36    6.71340E+02
    5.86083E+36    6.71340E+02
    5.86083E+36    6.71340E+02
    5.86083E+36    6.75310E+02
    5.86083E+36    6.79280E+02
    5.86083E+36    6.79280E+02
    5.86083E+36    6.79280E+02
    5.86083E+36    6.81260E+02
    5.86083E+36    6.81260E+02
    5.86083E+36    6.85230E+02
    5.86083E+36    6.85230E+02
    5.86083E+36    6.85230E+02
    5.86083E+36    6.87210E+02
    5.86083E+36    6.87210E+02
    5.86083E+36    6.89200E+02
    5.86083E+36    6.91180E+02
    5.86083E+36    6.91180E+02
    5.86083E+36    6.95150E+02
    5.86083E+36    6.95150E+02
    5.86083E+36    6.95150E+02
    5.86083E+36    6.97130E+02
    5.86083E+36    7.01100E+02
    5.93943E+36    6.95140E+02
    5.93943E+36    6.95140E+02
    5.93943E+36    6.95140E+02
    5.93943E+36    6.95140E+02
    5.93943E+36    6.95140E+02
    5.93943E+36    6.93160E+02
    5.93943E+36    6.91170E+02
    5.93943E+36    6.87200E+02
    5.93943E+36    6.87200E+02
    5.93943E+36    6.87200E+02
    5.93943E+36    6.87200E+02
    5.93943E+36    6.87200E+02
    5.93943E+36    6.85220E+02
    5.93943E+36    6.83240E+02
    5.93943E+36    6.83240E+02
    5.93943E+36    6.81250E+02
    5.93943E+36    6.81250E+02
    5.93943E+36    6.81250E+02
    5.93943E+36    6.81250E+02
    5.93943E+36    6.81250E+02
    5.93943E+36    6.79270E+02
    5.93943E+36    6.79270E+02
    5.93943E+36    6.79270E+02
    5.93943E+36    6.77280E+02
    5.93943E+36    6.77280E+02
    5.93943E+36    6.75300E+02
    5.93943E+36    6.75300E+02
    5.93943E+36    6.75300E+02
    5.93943E+36    6.73320E+02
    5.93943E+36    6.73320E+02
    5.93943E+36    6.73320E+02
    5.93943E+36    6.73320E+02
    5.93943E+36    6.71330E+02
    5.93943E+36    6.69350E+02
    5.93943E+36    6.69350E+02
    5.93943E+36    6.67360E+02
    5.93943E+36    6.67360E+02
    5.93943E+36    6.67360E+02
    5.93943E+36    6.65380E+02
    5.93943E+36    6.65380E+02
    5.93943E+36    6.65380E+02
    5.93943E+36    6.65380E+02
    5.93943E+36    6.65380E+02
    5.93943E+36    6.63400E+02
    6.01789E+36    6.85210E+02
    7.42992E+36    7.62440E+02
    7.42992E+36    7.64420E+02
    7.35132E+36    7.66410E+02
    7.50838E+36    7.74330E+02
    7.50838E+36    7.74330E+02
    7.50838E+36    7.74330E+02
    7.35132E+36    7.72370E+02
    7.58671E+36    7.72340E+02
    7.66517E+36    7.66380E+02
    7.66517E+36    7.66380E+02
    7.50838E+36    7.68380E+02
    7.66517E+36    7.68360E+02
    7.50838E+36    7.64410E+02
    7.50838E+36    7.74330E+02
    7.50838E+36    7.74330E+02
    7.50838E+36    7.74330E+02
    7.50838E+36    7.74330E+02
    7.50838E+36    7.74330E+02
    7.50838E+36    7.78300E+02
    7.50838E+36    7.84250E+02
    7.50838E+36    7.84250E+02
    7.50838E+36    7.86240E+02
    7.50838E+36    7.86240E+02
    7.50838E+36    7.86240E+02
    7.50838E+36    7.92190E+02
    7.50838E+36    7.92190E+02
    7.50838E+36    7.92190E+02
    7.50838E+36    7.92190E+02
    7.50838E+36    7.94170E+02
    7.50838E+36    7.94170E+02
    7.50838E+36    7.98140E+02
    7.42992E+36    7.92200E+02
    7.42992E+36    7.92200E+02
    7.42992E+36    7.92200E+02
    7.42992E+36    7.86250E+02
    7.42992E+36    7.86250E+02
    7.42992E+36    7.84260E+02
    7.42992E+36    7.82280E+02
    7.42992E+36    7.82280E+02
    7.42992E+36    7.80290E+02
    7.42992E+36    7.80290E+02
    7.42992E+36    7.76330E+02
    7.35132E+36    7.80300E+02
    7.35132E+36    7.74350E+02
    7.35132E+36    7.74350E+02
    7.35132E+36    7.68400E+02
    7.35132E+36    7.68400E+02
    7.35132E+36    7.76330E+02
    7.35132E+36    7.74350E+02
    7.58671E+36    7.68370E+02
    7.58671E+36    7.68370E+02
    7.58671E+36    7.68370E+02
    7.58671E+36    7.74320E+02
    7.58671E+36    7.74320E+02
    7.58671E+36    7.76310E+02
    7.58671E+36    7.82260E+02
    7.58671E+36    7.82260E+02
    7.58671E+36    7.86230E+02
    7.58671E+36    7.86230E+02
    7.58671E+36    7.92180E+02
    7.58671E+36    7.92180E+02
    7.58671E+36    7.92180E+02
    7.58671E+36    7.92180E+02
    7.58671E+36    7.92180E+02
    7.58671E+36    7.94170E+02
    7.58671E+36    7.96150E+02
    7.58671E+36    8.00120E+02
    7.74377E+36    7.94150E+02
    7.74377E+36    7.94150E+02
    7.74377E+36    7.94150E+02
    7.74377E+36    8.00100E+02
    7.74377E+36    8.04070E+02
    7.74377E+36    8.04070E+02
    7.74377E+36    8.04070E+02
    7.74377E+36    8.04070E+02
    7.74377E+36    8.06050E+02
    7.74377E+36    8.12010E+02
    7.74377E+36    8.12010E+02
    7.74377E+36    8.12010E+02
    7.74377E+36    8.12010E+02
    7.74377E+36    8.15970E+02
    7.82195E+36    8.10010E+02
    7.82195E+36    8.08030E+02
    7.82195E+36    8.08030E+02
    7.82195E+36    8.06040E+02
    7.82195E+36    8.06040E+02
    7.82195E+36    8.06040E+02
    7.82195E+36    8.06040E+02
    7.82195E+36    8.06040E+02
    7.82195E+36    8.02080E+02
    7.82195E+36    8.02080E+02
    7.82195E+36    8.02080E+02
    7.82195E+36    8.02080E+02
    7.82195E+36    7.98110E+02
    7.82195E+36    7.98110E+02
    7.82195E+36    7.98110E+02
    7.82195E+36    7.96120E+02
    7.66517E+36    7.68360E+02
    7.66517E+36    7.68360E+02
    7.66517E+36    7.68360E+02
    7.66517E+36    7.70350E+02
    7.66517E+36    7.70350E+02
    7.66517E+36    7.76300E+02
    7.66517E+36    7.78280E+02
    7.66517E+36    7.78280E+02
    7.66517E+36    7.78280E+02
    7.66517E+36    7.78280E+02
    7.66517E+36    7.80270E+02
    8.52797E+36    6.96840E+02
    8.52797E+36    7.00810E+02
    8.52797E+36    7.06760E+02
    8.52797E+36    7.10730E+02
    8.52797E+36    7.10730E+02
    8.52797E+36    7.12710E+02
    8.52797E+36    7.12710E+02
    8.52797E+36    7.16680E+02
    8.52797E+36    7.18660E+02
    8.52797E+36    7.18660E+02
    8.52797E+36    7.20650E+02
    8.52797E+36    7.20650E+02
    8.52797E+36    7.26600E+02
    8.52797E+36    7.30570E+02
    8.52797E+36    7.30570E+02
    8.52797E+36    7.32550E+02
    8.52797E+36    7.32550E+02
    8.52797E+36    7.34540E+02
    8.52797E+36    7.34540E+02
    8.52797E+36    7.34540E+02
    8.52797E+36    7.36520E+02
    8.52797E+36    7.36520E+02
    8.52797E+36    7.36520E+02
    8.44978E+36    7.44470E+02
    8.44978E+36    7.40500E+02
    8.44978E+36    7.38510E+02
    8.44978E+36    7.38510E+02
    8.44978E+36    7.36530E+02
    8.44978E+36    7.36530E+02
    8.44978E+36    7.34550E+02
    8.44978E+36    7.32560E+02
    8.44978E+36    7.32560E+02
    8.44978E+36    7.32560E+02
    8.44978E+36    7.32560E+02
    8.44978E+36    7.30580E+02
    8.44978E+36    7.20660E+02
    8.44978E+36    7.14710E+02
    8.44978E+36    7.12720E+02
    8.44978E+36    7.12720E+02
    8.44978E+36    7.10740E+02
    8.44978E+36    7.10740E+02
    8.44978E+36    7.10740E+02
    8.44978E+36    7.08750E+02
    8.44978E+36    7.08750E+02
    8.44978E+36    7.06770E+02
    8.44978E+36    7.06770E+02
    8.44978E+36    7.06770E+02
    8.44978E+36    7.02800E+02
    8.44978E+36    7.02800E+02
    8.44978E+36    7.02800E+02
    8.44978E+36    7.02800E+02
    8.44978E+36    7.02800E+02
    8.44978E+36    7.00820E+02
    8.44978E+36    6.98830E+02
    8.60657E+36    7.00800E+02
    8.60657E+36    7.06750E+02
    8.60657E+36    7.06750E+02
    8.60657E+36    7.10720E+02
    8.60657E+36    7.10720E+02
    8.60657E+36    7.18660E+02
    8.60657E+36    7.24610E+02
    8.60657E+36    7.24610E+02
    8.60657E+36    7.30560E+02
    8.60657E+36    7.30560E+02
    8.60657E+36    7.34530E+02
    8.60657E+36    7.34530E+02
    8.60657E+36    7.40480E+02
    8.60657E+36    7.42470E+02
    8.60657E+36    7.42470E+02
    8.60657E+36    7.26590E+02
    8.60657E+36    7.22620E+02
    8.60657E+36    7.22620E+02
    8.60657E+36    7.18660E+02
    8.60657E+36    7.18660E+02
    8.60657E+36    7.16670E+02
    8.60657E+36    7.14690E+02
    8.60657E+36    7.14690E+02
    8.60657E+36    7.12700E+02
    8.60657E+36    7.12700E+02
    8.60657E+36    7.10720E+02
    8.68503E+36    7.08730E+02
    8.68503E+36    7.08730E+02
    8.68503E+36    7.08730E+02
    8.68503E+36    7.08730E+02
    8.68503E+36    7.08730E+02
    8.68503E+36    7.08730E+02
    8.68503E+36    7.12690E+02
    8.68503E+36    7.12690E+02
    8.68503E+36    7.12690E+02
    8.68503E+36    7.12690E+02
    8.68503E+36    7.14680E+02
    8.68503E+36    7.16660E+02
    8.68503E+36    7.16660E+02
    8.68503E+36    7.18650E+02
    8.68503E+36    7.18650E+02
    8.68503E+36    7.18650E+02
    8.68503E+36    7.26580E+02
    8.68503E+36    7.24600E+02
    8.68503E+36    7.24600E+02
    8.68503E+36    7.24600E+02
    8.68503E+36    7.22620E+02
    8.68503E+36    7.22620E+02
    8.68503E+36    7.22620E+02
    8.68503E+36    7.26580E+02
    8.68503E+36    7.26580E+02
    8.68503E+36    7.26580E+02
    8.68503E+36    7.26580E+02
    8.68503E+36    7.30550E+02
    8.68503E+36    7.30550E+02
    8.68503E+36    7.30550E+02
    8.68503E+36    7.32540E+02
    8.68503E+36    7.32540E+02
    8.68503E+36    7.34520E+02
    8.68503E+36    7.34520E+02
    8.68503E+36    7.34520E+02
    8.68503E+36    7.34520E+02
    8.68503E+36    7.34520E+02
    8.68503E+36    7.38490E+02
    8.68503E+36    7.38490E+02
    8.68503E+36    7.38490E+02
    8.68503E+36    7.38490E+02
    8.68503E+36    7.38490E+02
    8.68503E+36    7.46430E+02
    8.68503E+36    7.46430E+02
    8.68503E+36    7.46430E+02
    8.76335E+36    7.42450E+02
    8.76335E+36    7.40460E+02
    8.76335E+36    7.40460E+02
    8.76335E+36    7.38480E+02
    8.76335E+36    7.38480E+02
    8.76335E+36    7.38480E+02
    8.76335E+36    7.36500E+02
    8.76335E+36    7.36500E+02
    8.76335E+36    7.34510E+02
    8.76335E+36    7.34510E+02
    8.76335E+36    7.34510E+02
    8.76335E+36    7.32530E+02
    8.76335E+36    7.32530E+02
    8.76335E+36    7.32530E+02
    8.76335E+36    7.32530E+02
    8.76335E+36    7.30540E+02
    8.76335E+36    7.30540E+02
    8.76335E+36    7.30540E+02
    8.76335E+36    7.28560E+02
    8.76335E+36    7.28560E+02
    8.76335E+36    7.26580E+02
    8.76335E+36    7.26580E+02
    8.76335E+36    7.26580E+02
    8.76335E+36    7.24590E+02
    8.76335E+36    7.24590E+02
    8.76335E+36    7.24590E+02
    8.76335E+36    7.22610E+02
    8.76335E+36    7.22610E+02
    8.76335E+36    7.22610E+02
    8.76335E+36    7.22610E+02
    8.76335E+36    7.16650E+02
    8.76335E+36    7.16650E+02
    8.76335E+36    7.16650E+02
    8.76335E+36    7.16650E+02
    8.76335E+36    7.16650E+02
    8.76335E+36    7.16650E+02
    8.76335E+36    7.12690E+02
    8.84181E+36    7.18630E+02
    8.84181E+36    7.18630E+02
    8.84181E+36    7.18630E+02
    8.84181E+36    7.18630E+02
    8.84181E+36    7.18630E+02
    8.84181E+36    7.22600E+02
    8.84181E+36    7.22600E+02
    8.84181E+36    7.22600E+02
    8.84181E+36    7.26570E+02
    8.84181E+36    7.26570E+02
    8.84181E+36    7.30530E+02
    8.84181E+36    7.30530E+02
    8.84181E+36    7.30530E+02
    8.84181E+36    7.30530E+02
    8.84181E+36    7.30530E+02
    8.84181E+36    7.32520E+02
    8.84181E+36    7.34500E+02
    8.84181E+36    7.34500E+02
    8.84181E+36    7.36490E+02
    8.84181E+36    7.36490E+02
    8.84181E+36    7.36490E+02
    8.84181E+36    7.36490E+02
    8.84181E+36    7.36490E+02
    8.84181E+36    7.40460E+02
    8.84181E+36    7.40460E+02
    8.84181E+36    7.40460E+02
    8.84181E+36    7.40460E+02
    8.84181E+36    7.40460E+02
    8.84181E+36    7.42440E+02
    8.84181E+36    7.42440E+02
    8.84181E+36    7.42440E+02
    8.84181E+36    7.44420E+02
    8.84181E+36    7.44420E+02
    8.84181E+36    7.48390E+02
    8.84181E+36    7.48390E+02
    8.84181E+36    7.48390E+02
    8.84181E+36    7.48390E+02
    8.84181E+36    7.48390E+02
    8.84181E+36    7.50380E+02
    8.84181E+36    7.50380E+02
    8.84181E+36    7.50380E+02
    8.84181E+36    7.50380E+02
    8.84181E+36    7.50380E+02
    8.84181E+36    7.54340E+02
    8.92041E+36    7.54340E+02
    8.92041E+36    7.50370E+02
    8.92041E+36    7.50370E+02
    8.92041E+36    7.50370E+02
    8.92041E+36    7.50370E+02
    8.92041E+36    7.46400E+02
    8.92041E+36    7.46400E+02
    8.92041E+36    7.46400E+02
    8.92041E+36    7.46400E+02
    8.92041E+36    7.46400E+02
    8.92041E+36    7.42430E+02
    8.92041E+36    7.42430E+02
    8.92041E+36    7.42430E+02
    8.92041E+36    7.42430E+02
    8.92041E+36    7.42430E+02
    8.92041E+36    7.40450E+02
    8.92041E+36    7.40450E+02
    8.92041E+36    7.40450E+02
    8.92041E+36    7.36480E+02
    8.92041E+36    7.36480E+02
    8.92041E+36    7.36480E+02
    8.92041E+36    7.34490E+02
    8.92041E+36    7.34490E+02
    8.92041E+36    7.32510E+02
    8.92041E+36    7.32510E+02
    8.92041E+36    7.32510E+02
    8.92041E+36    7.32510E+02
    8.92041E+36    7.32510E+02
    8.92041E+36    7.30530E+02
    8.92041E+36    7.30530E+02
    8.92041E+36    7.30530E+02
    8.92041E+36    7.28540E+02
    8.92041E+36    7.28540E+02
    8.92041E+36    7.26560E+02
    8.92041E+36    7.26560E+02
    8.92041E+36    7.26560E+02
    8.92041E+36    7.26560E+02
    8.92041E+36    7.26560E+02
    8.92041E+36    7.24570E+02
    8.99887E+36    7.32500E+02
    8.99887E+36    7.32500E+02
    8.99887E+36    7.32500E+02
    8.99887E+36    7.36470E+02
    8.99887E+36    7.36470E+02
    8.99887E+36    7.38450E+02
    8.99887E+36    7.40440E+02
    8.99887E+36    7.40440E+02
    8.99887E+36    7.44410E+02
    8.99887E+36    7.44410E+02
    8.99887E+36    7.46390E+02
    8.99887E+36    7.48370E+02
    8.99887E+36    7.48370E+02
    8.99887E+36    7.48370E+02
    8.99887E+36    7.48370E+02
    8.99887E+36    7.52340E+02
    8.99887E+36    7.56310E+02
    8.99887E+36    7.56310E+02
    9.07720E+36    7.54320E+02
    9.07720E+36    7.54320E+02
    9.07720E+36    7.54320E+02
    9.07720E+36    7.54320E+02
    9.07720E+36    7.54320E+02
    9.07720E+36    7.48370E+02
    9.07720E+36    7.48370E+02
    9.07720E+36    7.48370E+02
    9.07720E+36    7.42410E+02
    9.07720E+36    7.42410E+02
    9.07720E+36    7.42410E+02
    9.07720E+36    7.40430E+02
    9.07720E+36    7.40430E+02
    9.07720E+36    7.38450E+02
    9.07720E+36    7.38450E+02
    9.07720E+36    7.36460E+02
    9.07720E+36    7.34480E+02
    9.07720E+36    7.34480E+02
    9.07720E+36    7.34480E+02
    9.07720E+36    7.34480E+02
    9.07720E+36    7.32490E+02
    9.31245E+36    7.38420E+02
    9.15566E+36    7.38440E+02
    9.07720E+36    7.40430E+02
    9.07720E+36    7.40430E+02
    9.15566E+36    7.40420E+02
    9.15566E+36    7.42400E+02
    9.15566E+36    7.42400E+02
    9.15566E+36    7.46370E+02
    9.15566E+36    7.46370E+02
    9.15566E+36    7.50340E+02
    9.15566E+36    7.50340E+02
    9.15566E+36    7.50340E+02
    9.15566E+36    7.52330E+02
    9.15566E+36    7.52330E+02
    9.15566E+36    7.54310E+02
    9.15566E+36    7.54310E+02
    9.15566E+36    7.54310E+02
    9.15566E+36    7.56290E+02
    9.23426E+36    7.54300E+02
    9.23426E+36    7.52320E+02
    9.23426E+36    7.58270E+02
    9.31245E+36    7.56280E+02
    8.84181E+36    7.60300E+02
    8.84181E+36    7.68230E+02
    8.84181E+36    7.62280E+02
    8.84181E+36    7.62280E+02
    8.84181E+36    7.64260E+02
    8.68503E+36    7.62300E+02
    8.92041E+36    7.60290E+02
    8.92041E+36    7.60290E+02
    8.92041E+36    7.60290E+02
    8.92041E+36    7.60290E+02
    8.92041E+36    7.60290E+02
    8.92041E+36    7.68220E+02
    8.92041E+36    7.68220E+02
    8.92041E+36    7.68220E+02
    8.92041E+36    7.70210E+02
    8.92041E+36    7.66240E+02
    8.92041E+36    7.64260E+02
    8.92041E+36    7.64260E+02
    8.92041E+36    7.62270E+02
    8.92041E+36    7.60290E+02
    8.99887E+36    7.60280E+02
    8.99887E+36    7.66230E+02
    8.99887E+36    7.66230E+02
    8.99887E+36    7.66230E+02
    8.99887E+36    7.66230E+02
    8.92041E+36    7.74180E+02
    8.92041E+36    7.74180E+02
    8.92041E+36    7.74180E+02
    9.07720E+36    7.66220E+02
    8.99887E+36    7.74170E+02
    8.99887E+36    7.74170E+02
    8.99887E+36    7.74170E+02
    8.99887E+36    7.74170E+02
    8.99887E+36    7.82100E+02
    9.07720E+36    7.60270E+02
    9.07720E+36    7.66220E+02
    9.07720E+36    7.66220E+02
    9.07720E+36    7.68210E+02
    9.07720E+36    7.68210E+02
    9.07720E+36    7.76140E+02
    9.07720E+36    7.78130E+02
    9.07720E+36    7.78130E+02
    9.07720E+36    7.82100E+02
    9.07720E+36    7.82100E+02
    9.07720E+36    7.86060E+02
    9.07720E+36    7.70190E+02
    9.07720E+36    7.66220E+02
    9.07720E+36    7.66220E+02
    9.07720E+36    7.66220E+02
    9.07720E+36    7.66220E+02
    9.07720E+36    7.62250E+02
    9.07720E+36    7.62250E+02
    9.07720E+36    7.62250E+02
    9.15566E+36    7.60260E+02
    9.15566E+36    7.66210E+02
    9.15566E+36    7.66210E+02
    9.15566E+36    7.68200E+02
    9.15566E+36    7.68200E+02
    9.15566E+36    7.70180E+02
    9.15566E+36    7.74150E+02
    9.15566E+36    7.74150E+02
    9.15566E+36    7.76140E+02
    9.15566E+36    7.76140E+02
    9.15566E+36    7.78120E+02
    9.15566E+36    7.78120E+02
    9.15566E+36    7.78120E+02
    9.15566E+36    7.66210E+02
    9.23426E+36    7.60250E+02
    9.23426E+36    7.64220E+02
    9.23426E+36    7.64220E+02
    9.23426E+36    7.66210E+02
    9.23426E+36    7.66210E+02
    9.23426E+36    7.68190E+02
    9.23426E+36    7.70170E+02
    9.23426E+36    7.70170E+02
    9.23426E+36    7.72160E+02
    9.23426E+36    7.72160E+02
    9.23426E+36    7.76130E+02
    9.23426E+36    7.80090E+02
    9.23426E+36    7.80090E+02
    9.31245E+36    7.82070E+02
    9.31245E+36    7.82070E+02
    9.23426E+36    7.84060E+02
    9.23426E+36    7.84060E+02
    9.23426E+36    7.84060E+02
    9.39104E+36    7.86030E+02
    9.39104E+36    7.91980E+02
    9.39104E+36    7.91980E+02
    9.39104E+36    7.91980E+02
    9.39104E+36    7.91980E+02
    9.39104E+36    7.93970E+02
    9.54783E+36    7.93950E+02
    9.62643E+36    7.93940E+02
    9.62643E+36    7.93940E+02
    9.62643E+36    7.93940E+02
    9.62643E+36    7.93940E+02
    9.70489E+36    7.93930E+02
    9.70489E+36    7.93930E+02
    9.70489E+36    7.93930E+02
    9.70489E+36    7.91950E+02
    9.46951E+36    7.91970E+02
    9.46951E+36    7.91970E+02
    9.46951E+36    7.91970E+02
    9.46951E+36    7.91970E+02
    9.46951E+36    7.86020E+02
    9.46951E+36    7.84040E+02
    9.46951E+36    7.84040E+02
    9.46951E+36    7.78080E+02
    9.46951E+36    7.78080E+02
    9.46951E+36    7.72130E+02
    9.46951E+36    7.70150E+02
    9.46951E+36    7.70150E+02
    9.46951E+36    7.70150E+02
    9.46951E+36    7.70150E+02
    9.46951E+36    7.68160E+02
    9.46951E+36    7.64200E+02
    9.46951E+36    7.64200E+02
    9.23426E+36    7.64220E+02
    9.23426E+36    7.64220E+02
    9.46951E+36    7.66180E+02
    9.46951E+36    7.76100E+02
    9.46951E+36    7.76100E+02
    9.46951E+36    7.74120E+02
    9.46951E+36    7.68160E+02
    9.46951E+36    7.68160E+02
    9.46951E+36    7.62210E+02
    9.46951E+36    7.62210E+02
    9.46951E+36    7.88010E+02
    9.46951E+36    7.80070E+02
    9.46951E+36    7.80070E+02
    9.46951E+36    7.80070E+02
    9.46951E+36    7.80070E+02
    9.46951E+36    7.97930E+02
    9.70489E+36    7.95920E+02
    9.70489E+36    7.97900E+02
    9.54783E+36    7.80060E+02
    9.62643E+36    7.80050E+02
    9.62643E+36    7.82040E+02
    9.86167E+36    7.83990E+02
    9.78321E+36    7.84000E+02
    9.78321E+36    7.89950E+02
    9.78321E+36    7.85990E+02
    9.54783E+36    7.64190E+02
    9.54783E+36    7.72120E+02
    9.54783E+36    7.68160E+02
    9.62643E+36    7.70130E+02
    9.70489E+36    7.72110E+02
    9.70489E+36    7.76070E+02
    9.86167E+36    7.70100E+02
    9.70489E+36    7.68140E+02
    1.00642E+37    7.07540E+02
    1.00642E+37    7.11510E+02
    1.00642E+37    7.15480E+02
    9.98617E+36    7.17460E+02
    1.00642E+37    7.21430E+02
    9.98617E+36    7.17460E+02
    9.98617E+36    7.15480E+02
    9.98617E+36    7.07540E+02
    1.01424E+37    7.07540E+02
    1.01424E+37    7.09520E+02
    1.01424E+37    7.13490E+02
    1.01424E+37    7.17460E+02
    1.01424E+37    7.15480E+02
    1.01424E+37    7.11510E+02
    9.90812E+36    7.23410E+02
    1.02985E+37    7.19440E+02
    1.02985E+37    7.13490E+02
    1.02205E+37    7.17460E+02
    1.02205E+37    7.11510E+02
    1.02205E+37    7.13490E+02
    1.02205E+37    7.17460E+02
    1.02205E+37    7.09520E+02
    1.02985E+37    7.19440E+02
    1.02985E+37    7.19440E+02
    1.02985E+37    7.17460E+02
    1.02985E+37    7.13490E+02
    1.02985E+37    7.09520E+02
    1.03767E+37    7.09520E+02
    1.03767E+37    7.13490E+02
    1.03767E+37    7.17460E+02
    1.03767E+37    7.19440E+02
    1.03767E+37    7.23410E+02
    1.05328E+37    7.17460E+02
    9.98617E+36    7.27380E+02
    9.98617E+36    7.29370E+02
    9.98617E+36    7.33330E+02
    1.00642E+37    7.29370E+02
    1.00642E+37    7.31350E+02
    1.00642E+37    7.33330E+02
    1.00642E+37    7.37300E+02
    1.01424E+37    7.29370E+02
    1.02985E+37    7.29370E+02
    1.02985E+37    7.31350E+02
    1.02205E+37    7.31350E+02
    1.02205E+37    7.29370E+02
    1.02205E+37    7.33330E+02
    1.02205E+37    7.37300E+02
    1.02205E+37    7.39290E+02
    1.01424E+37    7.43250E+02
    1.02205E+37    7.41270E+02
    1.02205E+37    7.43250E+02
    1.02205E+37    7.49210E+02
    1.02205E+37    7.45240E+02
    1.02985E+37    7.43250E+02
    1.02985E+37    7.53170E+02
    1.02985E+37    7.51190E+02
    1.02985E+37    7.43250E+02
    1.02985E+37    7.47220E+02
    1.04547E+37    7.43250E+02
    1.04547E+37    7.47220E+02
    1.04547E+37    7.55160E+02
    1.04547E+37    7.49210E+02
    1.04547E+37    7.51190E+02
    1.04547E+37    7.57140E+02
    1.04547E+37    7.61110E+02
    1.05328E+37    7.57140E+02
    1.05328E+37    7.59130E+02
    1.05328E+37    7.61110E+02
    1.05328E+37    7.63100E+02
    1.05328E+37    7.67060E+02
    1.06890E+37    7.59130E+02
    1.06890E+37    7.61110E+02
    1.06890E+37    7.65080E+02
    1.06890E+37    7.69050E+02
    1.06890E+37    7.73020E+02
    1.06890E+37    7.75000E+02
    1.06890E+37    7.82940E+02
    1.06890E+37    7.92860E+02
    1.06890E+37    7.86900E+02
    1.06890E+37    7.86900E+02
    1.06890E+37    7.92860E+02
    1.07673E+37    7.69050E+02
    1.07673E+37    7.71030E+02
    1.07673E+37    7.78970E+02
    1.07673E+37    7.76980E+02
    1.07673E+37    7.80950E+02
    1.07673E+37    7.84920E+02
    1.07673E+37    7.84920E+02
    1.07673E+37    7.88890E+02
    1.07673E+37    7.92860E+02
    1.07673E+37    7.98810E+02
    1.08454E+37    8.02780E+02
    1.08454E+37    7.96830E+02
    1.08454E+37    7.98810E+02
    1.08454E+37    7.92860E+02
    1.08454E+37    7.90870E+02
    1.08454E+37    7.88890E+02
    1.08454E+37    7.88890E+02
    1.08454E+37    7.86900E+02
    1.08454E+37    7.86900E+02
    1.08454E+37    7.86900E+02
    1.08454E+37    7.84920E+02
    1.08454E+37    7.80950E+02
    1.08454E+37    7.78970E+02
    1.08454E+37    7.76980E+02
    1.09233E+37    7.76980E+02
    1.09233E+37    7.84920E+02
    1.09233E+37    7.80950E+02
    1.09233E+37    7.78970E+02
    1.09233E+37    7.86900E+02
    1.09233E+37    7.90870E+02
    1.09233E+37    7.94840E+02
    1.09233E+37    7.98810E+02
    1.09233E+37    8.00790E+02
    1.10016E+37    8.02780E+02
    1.10016E+37    7.98810E+02
    1.10016E+37    7.96830E+02
    1.10016E+37    7.96830E+02
    1.10016E+37    7.92860E+02
    1.10016E+37    7.92860E+02
    1.10016E+37    7.90870E+02
    1.10016E+37    7.86900E+02
    1.10016E+37    7.82940E+02
    1.10016E+37    7.78970E+02
    1.10016E+37    7.76980E+02
    1.10016E+37    7.76980E+02
    1.10797E+37    7.98810E+02
    1.10797E+37    7.94840E+02
    1.10797E+37    7.88890E+02
    1.10797E+37    7.86900E+02
    1.10797E+37    7.86900E+02
    1.10797E+37    7.82940E+02
    1.10797E+37    7.82940E+02
    1.10797E+37    7.80950E+02
    1.10797E+37    7.75000E+02
    1.10797E+37    7.75000E+02
    1.10797E+37    7.75000E+02
    1.10797E+37    7.65080E+02
    1.10797E+37    7.57140E+02
    1.11577E+37    7.94840E+02
    1.11577E+37    7.84920E+02
    1.11577E+37    7.80950E+02
    1.11577E+37    7.76980E+02
    1.11577E+37    7.76980E+02
    1.11577E+37    7.71030E+02
    1.11577E+37    7.71030E+02
    1.11577E+37    7.67060E+02
    1.11577E+37    7.63100E+02
    1.11577E+37    7.63100E+02
    1.11577E+37    7.59130E+02
    1.11577E+37    7.59130E+02
    1.11577E+37    7.57140E+02
    1.11577E+37    7.53170E+02
    1.13140E+37    7.53170E+02
    1.13140E+37    7.57140E+02
    1.13140E+37    7.63100E+02
    1.13140E+37    7.67060E+02
    1.13140E+37    7.67060E+02
    1.13140E+37    7.71030E+02
    1.13140E+37    7.71030E+02
    1.13140E+37    7.78970E+02
    1.13140E+37    7.78970E+02
    1.13140E+37    7.78970E+02
    1.13140E+37    7.84920E+02
    1.13140E+37    7.86900E+02
    1.13920E+37    7.90870E+02
    1.13920E+37    7.86900E+02
    1.13920E+37    7.80950E+02
    1.13920E+37    7.80950E+02
    1.13920E+37    7.76980E+02
    1.13920E+37    7.73020E+02
    1.13920E+37    7.73020E+02
    1.13920E+37    7.69050E+02
    1.13920E+37    7.69050E+02
    1.13920E+37    7.63100E+02
    1.13920E+37    7.55160E+02
    1.13920E+37    7.53170E+02
    1.14702E+37    7.53170E+02
    1.14702E+37    7.55160E+02
    1.14702E+37    7.73020E+02
    1.14702E+37    7.80950E+02
    1.14702E+37    7.84920E+02
    1.14702E+37    7.84920E+02
    1.14702E+37    7.86900E+02
    1.14702E+37    7.86900E+02
    1.15483E+37    7.76980E+02
    1.15483E+37    7.82940E+02
    1.15483E+37    7.82940E+02
    1.15483E+37    7.82940E+02
    1.15483E+37    7.82940E+02
    1.15483E+37    7.78970E+02
    1.15483E+37    7.82940E+02
    1.16263E+37    7.88890E+02
    1.16263E+37    7.84920E+02
    1.16263E+37    7.80950E+02
    1.16263E+37    7.80950E+02
    1.16263E+37    7.78970E+02
    1.16263E+37    7.78970E+02
    1.16263E+37    7.76980E+02
    1.17045E+37    7.80950E+02
    1.17825E+37    7.80950E+02
    1.17825E+37    7.84920E+02
    1.17825E+37    7.78970E+02
    1.19388E+37    7.80950E+02
    1.00642E+37    6.34130E+02
    1.01424E+37    6.30160E+02
    1.01424E+37    6.30160E+02
    1.00642E+37    6.28170E+02
    1.00642E+37    6.30160E+02
    1.00642E+37    6.24210E+02
    9.98617E+36    6.24210E+02
    9.82993E+36    6.24210E+02
    9.90812E+36    6.20240E+02
    9.75188E+36    6.20240E+02
    9.75188E+36    6.16270E+02
    9.59551E+36    6.12300E+02
    9.67383E+36    6.12300E+02
    9.75188E+36    6.12300E+02
    9.98617E+36    6.12300E+02
    1.00642E+37    6.12300E+02
    1.02205E+37    6.12300E+02
    1.02205E+37    6.16270E+02
    1.00642E+37    6.16270E+02
    1.01424E+37    6.16270E+02
    9.90812E+36    6.10320E+02
    9.90812E+36    6.04370E+02
    9.90812E+36    6.02380E+02
    9.90812E+36    5.96430E+02
    9.90812E+36    5.96430E+02
    9.90812E+36    5.94440E+02
    9.90812E+36    5.94440E+02
    9.90812E+36    5.90480E+02
    9.90812E+36    5.88490E+02
    9.90812E+36    5.88490E+02
    9.90812E+36    5.86510E+02
    9.90812E+36    5.86510E+02
    1.00642E+37    5.86510E+02
    1.00642E+37    5.94440E+02
    1.00642E+37    5.94440E+02
    1.00642E+37    5.96430E+02
    1.00642E+37    5.96430E+02
    1.00642E+37    5.92460E+02
    1.00642E+37    5.98410E+02
    1.00642E+37    6.00400E+02
    1.00642E+37    6.00400E+02
    1.00642E+37    6.00400E+02
    1.00642E+37    6.00400E+02
    1.00642E+37    6.06350E+02
    1.00642E+37    6.08330E+02
    1.00642E+37    6.08330E+02
    1.00642E+37    6.10320E+02
    1.00642E+37    6.10320E+02
    1.00642E+37    6.16270E+02
    1.02205E+37    6.06350E+02
    1.02205E+37    6.12300E+02
    1.02205E+37    6.10320E+02
    1.02205E+37    6.10320E+02
    1.02205E+37    6.04370E+02
    1.02205E+37    6.04370E+02
    1.02205E+37    5.98410E+02
    1.02205E+37    5.98410E+02
    1.02205E+37    5.98410E+02
    1.02205E+37    5.96430E+02
    1.02205E+37    5.88490E+02
    1.02205E+37    5.88490E+02
    1.03767E+37    5.98410E+02
    1.03767E+37    6.02380E+02
    1.03767E+37    6.02380E+02
    1.03767E+37    6.02380E+02
    1.03767E+37    6.02380E+02
    1.02985E+37    6.06350E+02
    1.02985E+37    6.10320E+02
    1.02985E+37    6.10320E+02
    1.02985E+37    6.12300E+02
    1.02985E+37    6.12300E+02
    9.75188E+36    5.88490E+02
    9.59551E+36    5.86510E+02
    9.59551E+36    5.74600E+02
    9.59551E+36    5.72620E+02
    9.59551E+36    5.72620E+02
    9.59551E+36    5.68650E+02
    9.59551E+36    5.68650E+02
    9.59551E+36    5.64680E+02
    9.59551E+36    5.62700E+02
    9.59551E+36    5.62700E+02
    9.59551E+36    5.58730E+02
    9.59551E+36    5.58730E+02
    9.59551E+36    5.54760E+02
    9.59551E+36    5.50790E+02
    9.59551E+36    5.50790E+02
    9.59551E+36    5.46830E+02
    9.59551E+36    5.46830E+02
    9.43955E+36    5.50790E+02
    9.43955E+36    5.54760E+02
    9.43955E+36    5.54760E+02
    9.43955E+36    5.56750E+02
    9.43955E+36    5.56750E+02
    9.43955E+36    5.62700E+02
    9.43955E+36    5.68650E+02
    9.43955E+36    5.68650E+02
    9.43955E+36    5.68650E+02
    9.43955E+36    5.68650E+02
    9.43955E+36    5.74600E+02
    9.43955E+36    5.68650E+02
    9.43955E+36    5.66670E+02
    9.43955E+36    5.66670E+02
    9.43955E+36    5.60710E+02
    9.43955E+36    5.60710E+02
    9.43955E+36    5.60710E+02
    9.67383E+36    5.74600E+02
    9.67383E+36    5.72620E+02
    9.67383E+36    5.72620E+02
    9.67383E+36    5.70630E+02
    9.67383E+36    5.70630E+02
    9.67383E+36    5.68650E+02
    9.67383E+36    5.68650E+02
    9.67383E+36    5.68650E+02
    9.67383E+36    5.64680E+02
    9.67383E+36    5.64680E+02
    9.67383E+36    5.64680E+02
    9.67383E+36    5.62700E+02
    9.67383E+36    5.62700E+02
    9.67383E+36    5.60710E+02
    9.67383E+36    5.60710E+02
    9.67383E+36    5.60710E+02
    9.67383E+36    5.58730E+02
    9.67383E+36    5.58730E+02
    9.75188E+36    5.62700E+02
    9.75188E+36    5.62700E+02
    9.75188E+36    5.62700E+02
    9.75188E+36    5.66670E+02
    9.75188E+36    5.66670E+02
    9.75188E+36    5.68650E+02
    9.75188E+36    5.74600E+02
    9.75188E+36    5.74600E+02
    9.75188E+36    5.74600E+02
    9.75188E+36    5.74600E+02
    9.90812E+36    5.78570E+02
    9.90812E+36    5.72620E+02
    9.90812E+36    5.72620E+02
    9.90812E+36    5.68650E+02
    9.90812E+36    5.68650E+02
    9.90812E+36    5.62700E+02
    9.90812E+36    5.60710E+02
    9.90812E+36    5.60710E+02
    9.98617E+36    5.80560E+02
    9.98617E+36    5.70630E+02
    9.98617E+36    5.70630E+02
    9.98617E+36    5.70630E+02
    9.98617E+36    5.70630E+02
    9.98617E+36    5.80560E+02
    9.98617E+36    5.70630E+02
    9.98617E+36    5.70630E+02
    9.98617E+36    5.74600E+02
    9.98617E+36    5.68650E+02
    9.98617E+36    5.64680E+02
    9.98617E+36    5.64680E+02
    9.98617E+36    5.62700E+02
    9.98617E+36    5.62700E+02
    9.98617E+36    5.60710E+02
    9.98617E+36    5.60710E+02
    9.98617E+36    5.60710E+02
    9.98617E+36    5.56750E+02
    9.98617E+36    5.56750E+02
    9.98617E+36    5.54760E+02
    9.98617E+36    5.54760E+02
    9.98617E+36    5.54760E+02
    9.98617E+36    5.50790E+02
    9.98617E+36    5.46830E+02
    9.98617E+36    5.46830E+02
    9.98617E+36    5.46830E+02
    1.01424E+37    5.42860E+02
    1.00642E+37    5.42860E+02
    1.00642E+37    5.46830E+02
    1.00642E+37    5.50790E+02
    1.00642E+37    5.62700E+02
    1.00642E+37    5.64680E+02
    1.00642E+37    5.64680E+02
    1.00642E+37    5.68650E+02
    1.00642E+37    5.68650E+02
    1.00642E+37    5.74600E+02
    1.00642E+37    5.74600E+02
    1.00642E+37    5.74600E+02
    1.00642E+37    5.82540E+02
    1.00642E+37    5.82540E+02
    1.01424E+37    5.80560E+02
    1.01424E+37    5.78570E+02
    1.01424E+37    5.78570E+02
    1.01424E+37    5.72620E+02
    1.01424E+37    5.72620E+02
    1.01424E+37    5.68650E+02
    1.01424E+37    5.66670E+02
    1.01424E+37    5.66670E+02
    1.01424E+37    5.64680E+02
    1.01424E+37    5.64680E+02
    1.01424E+37    5.60710E+02
    1.02205E+37    5.70630E+02
    1.02205E+37    5.72620E+02
    1.02205E+37    5.72620E+02
    1.02205E+37    5.76590E+02
    1.02205E+37    5.76590E+02
    1.02205E+37    5.78570E+02
    1.02205E+37    5.80560E+02
    1.02205E+37    5.74600E+02
    1.02985E+37    5.72620E+02
    1.02985E+37    5.72620E+02
    1.02985E+37    5.72620E+02
    1.03767E+37    5.74600E+02
    1.03767E+37    5.74600E+02
    1.03767E+37    5.78570E+02
    1.03767E+37    5.80560E+02
    1.03767E+37    5.80560E+02
    1.03767E+37    5.82540E+02
    1.03767E+37    5.82540E+02
    1.03767E+37    5.82540E+02
    1.02985E+37    5.84520E+02
    1.02985E+37    5.78570E+02
    1.02985E+37    5.78570E+02
    1.02985E+37    5.78570E+02
    1.02985E+37    5.78570E+02
    1.01424E+37    5.15080E+02
    9.67383E+36    5.19050E+02
    9.67383E+36    5.23020E+02
    9.43955E+36    5.17060E+02
    1.00642E+37    5.28970E+02
    1.00642E+37    5.26980E+02
    9.98617E+36    5.30950E+02
    9.82993E+36    5.30950E+02
    1.00642E+37    5.34920E+02
    9.75188E+36    5.38890E+02
    9.43955E+36    5.54760E+02
    9.43955E+36    5.48810E+02
    9.51760E+36    5.48810E+02
    9.51760E+36    5.54760E+02
    9.51760E+36    5.50790E+02
    9.59551E+36    5.46830E+02
    9.67383E+36    5.46830E+02
    9.75188E+36    5.46830E+02
    9.82993E+36    5.46830E+02
    9.90812E+36    5.48810E+02
    9.98617E+36    5.46830E+02
    9.98617E+36    5.46830E+02
    1.00642E+37    5.42860E+02
    1.00642E+37    5.48810E+02
    1.00642E+37    5.46830E+02
    1.12359E+37    6.55950E+02
    1.12359E+37    6.48020E+02
    1.12359E+37    6.51980E+02
    1.13140E+37    6.46030E+02
    1.13140E+37    6.48020E+02
    1.13140E+37    6.48020E+02
    1.13140E+37    6.51980E+02
    1.13140E+37    6.51980E+02
    1.13140E+37    6.55950E+02
    1.13140E+37    6.57940E+02
    1.13140E+37    6.57940E+02
    1.13140E+37    6.61900E+02
    1.13140E+37    6.61900E+02
    1.14702E+37    6.61900E+02
    1.14702E+37    6.61900E+02
    1.14702E+37    6.61900E+02
    1.14702E+37    6.57940E+02
    1.14702E+37    6.57940E+02
    1.14702E+37    6.53970E+02
    1.14702E+37    6.50000E+02
    1.14702E+37    6.50000E+02
    1.14702E+37    6.48020E+02
    1.14702E+37    6.48020E+02
    1.14702E+37    6.46030E+02
    1.14702E+37    6.44050E+02
    1.14702E+37    6.44050E+02
    1.14702E+37    6.44050E+02
    1.14702E+37    6.42060E+02
    1.14702E+37    6.42060E+02
    1.14702E+37    6.40080E+02
    1.15483E+37    6.40080E+02
    1.15483E+37    6.40080E+02
    1.15483E+37    6.40080E+02
    1.15483E+37    6.44050E+02
    1.15483E+37    6.44050E+02
    1.15483E+37    6.50000E+02
    1.15483E+37    6.51980E+02
    1.15483E+37    6.51980E+02
    1.15483E+37    6.57940E+02
    1.15483E+37    6.57940E+02
    1.15483E+37    6.63890E+02
    1.15483E+37    6.63890E+02
    1.15483E+37    6.63890E+02
    1.15483E+37    6.65870E+02
    1.16263E+37    6.73810E+02
    1.16263E+37    6.69840E+02
    1.16263E+37    6.69840E+02
    1.16263E+37    6.69840E+02
    1.16263E+37    6.69840E+02
    1.16263E+37    6.65870E+02
    1.16263E+37    6.63890E+02
    1.16263E+37    6.63890E+02
    1.16263E+37    6.59920E+02
    1.16263E+37    6.59920E+02
    1.16263E+37    6.57940E+02
    1.16263E+37    6.57940E+02
    1.16263E+37    6.57940E+02
    1.16263E+37    6.55950E+02
    1.16263E+37    6.55950E+02
    1.16263E+37    6.55950E+02
    1.16263E+37    6.51980E+02
    1.16263E+37    6.51980E+02
    1.16263E+37    6.50000E+02
    1.16263E+37    6.50000E+02
    1.16263E+37    6.48020E+02
    1.16263E+37    6.46030E+02
    1.16263E+37    6.46030E+02
    1.17045E+37    6.42060E+02
    1.17045E+37    6.42060E+02
    1.17045E+37    6.40080E+02
    1.17045E+37    6.38100E+02
    1.17045E+37    6.38100E+02
    1.17045E+37    6.34130E+02
    1.17045E+37    6.34130E+02
    1.17825E+37    6.38100E+02
    1.17825E+37    6.42060E+02
    1.17825E+37    6.42060E+02
    1.17825E+37    6.44050E+02
    1.17825E+37    6.44050E+02
    1.17825E+37    6.48020E+02
    1.17825E+37    6.51980E+02
    1.17825E+37    6.51980E+02
    1.17825E+37    6.53970E+02
    1.17825E+37    6.53970E+02
    1.17825E+37    6.55950E+02
    1.17825E+37    6.57940E+02
    1.17825E+37    6.57940E+02
    1.17825E+37    6.61900E+02
    1.17825E+37    6.61900E+02
    1.17825E+37    6.67860E+02
    1.17825E+37    6.69840E+02
    1.17825E+37    6.69840E+02
    1.17825E+37    6.69840E+02
    1.17825E+37    6.69840E+02
    1.17825E+37    6.69840E+02
    1.17825E+37    6.73810E+02
    1.17825E+37    6.79760E+02
    1.17825E+37    6.79760E+02
    1.17825E+37    6.85710E+02
    1.17825E+37    6.85710E+02
    1.17825E+37    6.85710E+02
    1.17825E+37    6.85710E+02
    1.17825E+37    6.91670E+02
    1.17825E+37    6.91670E+02
    1.17825E+37    6.91670E+02
    1.16263E+37    6.85710E+02
    1.16263E+37    6.89680E+02
    1.17825E+37    6.75790E+02
    1.17825E+37    6.69840E+02
    1.17825E+37    6.69840E+02
    1.17825E+37    6.69840E+02
    1.17825E+37    6.69840E+02
    1.17825E+37    6.63890E+02
    1.17825E+37    6.59920E+02
    1.17825E+37    6.59920E+02
    1.17825E+37    6.55950E+02
    1.17825E+37    6.55950E+02
    1.18606E+37    6.36110E+02
    1.18606E+37    6.42060E+02
    1.18606E+37    6.42060E+02
    1.18606E+37    6.44050E+02
    1.18606E+37    6.44050E+02
    1.18606E+37    6.50000E+02
    1.18606E+37    6.51980E+02
    1.18606E+37    6.51980E+02
    1.18606E+37    6.53970E+02
    1.18606E+37    6.53970E+02
    1.19388E+37    6.55950E+02
    1.18606E+37    6.55950E+02
    1.18606E+37    6.55950E+02
    1.18606E+37    6.55950E+02
    1.18606E+37    6.55950E+02
    1.18606E+37    6.55950E+02
    1.18606E+37    6.59920E+02
    1.18606E+37    6.69840E+02
    1.18606E+37    6.69840E+02
    1.18606E+37    6.75790E+02
    1.18606E+37    6.75790E+02
    1.18606E+37    6.75790E+02
    1.18606E+37    6.75790E+02
    1.18606E+37    6.67860E+02
    1.18606E+37    6.67860E+02
    1.18606E+37    6.67860E+02
    1.18606E+37    6.77780E+02
    1.18606E+37    6.77780E+02
    1.18606E+37    6.77780E+02
    1.18606E+37    6.91670E+02
    1.18606E+37    6.93650E+02
    1.18606E+37    6.93650E+02
    1.18606E+37    6.36110E+02
    1.18606E+37    6.38100E+02
    1.18606E+37    6.38100E+02
    1.18606E+37    6.42060E+02
    1.18606E+37    6.42060E+02
    1.18606E+37    6.50000E+02
    1.18606E+37    6.51980E+02
    1.18606E+37    6.51980E+02
    1.18606E+37    6.51980E+02
    1.18606E+37    6.51980E+02
    1.18606E+37    6.55950E+02
    1.18606E+37    6.55950E+02
    1.18606E+37    6.55950E+02
    1.18606E+37    6.61900E+02
    1.18606E+37    6.61900E+02
    1.18606E+37    6.63890E+02
    1.18606E+37    6.67860E+02
    1.18606E+37    6.67860E+02
    1.18606E+37    6.67860E+02
    1.18606E+37    6.67860E+02
    1.18606E+37    6.71830E+02
    1.18606E+37    6.77780E+02
    1.18606E+37    6.77780E+02
    1.18606E+37    6.81750E+02
    1.18606E+37    6.81750E+02
    1.18606E+37    6.83730E+02
    1.18606E+37    6.87700E+02
    1.18606E+37    6.87700E+02
    1.18606E+37    6.89680E+02
    1.18606E+37    6.89680E+02
    1.20168E+37    6.93650E+02
    1.19388E+37    6.89680E+02
    1.19388E+37    6.89680E+02
    1.20168E+37    6.89680E+02
    1.20168E+37    6.89680E+02
    1.20168E+37    6.89680E+02
    1.20168E+37    6.87700E+02
    1.20168E+37    6.87700E+02
    1.20168E+37    6.81750E+02
    1.20168E+37    6.75790E+02
    1.20168E+37    6.73810E+02
    1.20168E+37    6.73810E+02
    1.20168E+37    6.69840E+02
    1.20168E+37    6.69840E+02
    1.20168E+37    6.69840E+02
    1.20168E+37    6.63890E+02
    1.20168E+37    6.63890E+02
    1.20168E+37    6.57940E+02
    1.20168E+37    6.57940E+02
    1.20168E+37    6.53970E+02
    1.20168E+37    6.53970E+02
    1.20168E+37    6.50000E+02
    1.20168E+37    6.48020E+02
    1.20168E+37    6.48020E+02
    1.20168E+37    6.42060E+02
    1.20168E+37    6.42060E+02
    1.20168E+37    6.40080E+02
    1.20168E+37    6.36110E+02
    1.20949E+37    6.44050E+02
    1.20949E+37    6.46030E+02
    1.20949E+37    6.48020E+02
    1.20949E+37    6.50000E+02
    1.20949E+37    6.63890E+02
    1.20949E+37    6.63890E+02
    1.20949E+37    6.63890E+02
    1.20949E+37    6.69840E+02
    1.20949E+37    6.69840E+02
    1.20949E+37    6.77780E+02
    1.20949E+37    6.81750E+02
    1.20949E+37    6.81750E+02
    1.20949E+37    6.81750E+02
    1.20949E+37    6.81750E+02
    1.20949E+37    6.83730E+02
    1.20949E+37    6.85710E+02
    1.20949E+37    6.85710E+02
    1.21732E+37    6.91670E+02
    1.21732E+37    6.91670E+02
    1.21732E+37    6.91670E+02
    1.21732E+37    6.91670E+02
    1.21732E+37    6.91670E+02
    1.21732E+37    6.97620E+02
    1.23292E+37    6.77780E+02
    1.23292E+37    6.77780E+02
    1.23292E+37    6.77780E+02
    1.22511E+37    6.85710E+02
    1.22511E+37    6.81750E+02
    1.22511E+37    6.87700E+02
    1.22511E+37    6.97620E+02
    1.22511E+37    6.97620E+02
    1.22511E+37    6.97620E+02
    1.22511E+37    6.97620E+02
    1.22511E+37    7.01590E+02
    1.23292E+37    7.09520E+02
    1.23292E+37    7.05560E+02
    1.23292E+37    7.05560E+02
    1.23292E+37    6.99600E+02
    1.23292E+37    6.99600E+02
    1.23292E+37    6.95630E+02
    1.23292E+37    6.91670E+02
    1.23292E+37    6.91670E+02
    1.23292E+37    6.91670E+02
    1.23292E+37    6.91670E+02
    1.23292E+37    6.85710E+02
    1.23292E+37    6.81750E+02
    1.23292E+37    6.81750E+02
    1.23292E+37    6.77780E+02
    1.23292E+37    6.77780E+02
    1.23292E+37    6.77780E+02
    1.24075E+37    6.85710E+02
    1.24075E+37    6.85710E+02
    1.24075E+37    6.85710E+02
    1.24075E+37    6.91670E+02
    1.24075E+37    6.91670E+02
    1.24075E+37    6.93650E+02
    1.24075E+37    6.99600E+02
    1.24075E+37    6.99600E+02
    1.24075E+37    7.03570E+02
    1.24075E+37    7.03570E+02
    1.24075E+37    7.07540E+02
    1.24075E+37    7.11510E+02
    1.24075E+37    7.11510E+02
    1.24075E+37    7.11510E+02
    1.24075E+37    7.11510E+02
    1.25637E+37    7.13490E+02
    1.25637E+37    7.11510E+02
    1.25637E+37    7.11510E+02
    1.25637E+37    7.07540E+02
    1.25637E+37    7.07540E+02
    1.25637E+37    6.99600E+02
    1.25637E+37    6.99600E+02
    1.25637E+37    6.99600E+02
    1.25637E+37    6.97620E+02
    1.25637E+37    6.97620E+02
    1.27198E+37    6.99600E+02
    1.27198E+37    7.07540E+02
    1.27198E+37    7.07540E+02
    1.27198E+37    7.11510E+02
    1.27198E+37    7.11510E+02
    1.27198E+37    7.07540E+02
    1.27198E+37    7.03570E+02
    1.27198E+37    6.99600E+02
    1.27198E+37    6.99600E+02
    1.27198E+37    7.29370E+02
    1.27198E+37    7.39290E+02
    1.27198E+37    7.39290E+02
    1.27198E+37    7.39290E+02
    1.27198E+37    7.39290E+02
    1.27198E+37    7.33330E+02
    1.27198E+37    7.39290E+02
    1.27198E+37    7.39290E+02
    1.27198E+37    7.45240E+02
    1.27198E+37    7.45240E+02
    1.27198E+37    7.47220E+02
    1.27198E+37    7.47220E+02
    1.27198E+37    7.51190E+02
    1.27198E+37    7.57140E+02
    1.27198E+37    7.57140E+02
    1.27198E+37    7.59130E+02
    1.27198E+37    7.59130E+02
    1.27198E+37    7.61110E+02
    1.27198E+37    7.61110E+02
    1.27198E+37    7.63100E+02
    1.27980E+37    7.67060E+02
    1.27980E+37    7.63100E+02
    1.27980E+37    7.63100E+02
    1.27980E+37    7.57140E+02
    1.27980E+37    7.57140E+02
    1.28760E+37    7.51190E+02
    1.28760E+37    7.49210E+02
    1.28760E+37    7.49210E+02
    1.28760E+37    7.45240E+02
    1.28760E+37    7.45240E+02
    1.28760E+37    7.45240E+02
    1.27980E+37    7.53170E+02
    1.27980E+37    7.53170E+02
    1.27980E+37    7.53170E+02
    1.27980E+37    7.45240E+02
    1.27980E+37    7.45240E+02
    1.27980E+37    7.39290E+02
    1.27980E+37    7.39290E+02
    1.27980E+37    7.39290E+02
    1.27980E+37    7.37300E+02
    1.27980E+37    7.37300E+02
    1.27980E+37    7.35320E+02
    1.27980E+37    7.31350E+02
    1.27980E+37    7.31350E+02
    1.27980E+37    7.31350E+02
    1.27980E+37    7.31350E+02
    1.27980E+37    7.29370E+02
    1.28760E+37    7.29370E+02
    1.28760E+37    7.31350E+02
    1.28760E+37    7.31350E+02
    1.28760E+37    7.37300E+02
    1.28760E+37    7.37300E+02
    1.28760E+37    7.43250E+02
    1.28760E+37    7.45240E+02
    1.28760E+37    7.45240E+02
    1.28760E+37    7.47220E+02
    1.28760E+37    7.47220E+02
    1.28760E+37    7.51190E+02
    1.28760E+37    7.55160E+02
    1.28760E+37    7.55160E+02
    1.28760E+37    7.55160E+02
    1.28760E+37    7.55160E+02
    1.28760E+37    7.59130E+02
    1.28760E+37    7.59130E+02
    1.28760E+37    7.59130E+02
    1.28760E+37    7.61110E+02
    1.28760E+37    7.61110E+02
    1.28760E+37    7.63100E+02
    1.28760E+37    7.67060E+02
    1.28760E+37    7.67060E+02
    1.28760E+37    7.67060E+02
    1.28760E+37    7.67060E+02
    1.28760E+37    7.71030E+02
    1.28760E+37    7.71030E+02
    1.28760E+37    7.71030E+02
    1.28760E+37    7.73020E+02
    1.30323E+37    7.76980E+02
    1.30323E+37    7.71030E+02
    1.30323E+37    7.71030E+02
    1.30323E+37    7.67060E+02
    1.30323E+37    7.67060E+02
    1.30323E+37    7.63100E+02
    1.30323E+37    7.61110E+02
    1.30323E+37    7.61110E+02
    1.30323E+37    7.57140E+02
    1.30323E+37    7.57140E+02
    1.30323E+37    7.57140E+02
    1.30323E+37    7.57140E+02
    1.30323E+37    7.57140E+02
    1.31103E+37    7.53170E+02
    1.31103E+37    7.53170E+02
    1.31103E+37    7.47220E+02
    1.31103E+37    7.43250E+02
    1.31103E+37    7.37300E+02
    1.30323E+37    7.33330E+02
    1.30323E+37    7.33330E+02
    1.32666E+37    7.41270E+02
    1.32666E+37    7.41270E+02
    1.32666E+37    7.41270E+02
    1.32666E+37    7.41270E+02
    1.32666E+37    7.41270E+02
    1.32666E+37    7.49210E+02
    1.32666E+37    7.53170E+02
    1.32666E+37    7.53170E+02
    1.32666E+37    7.57140E+02
    1.32666E+37    7.57140E+02
    1.32666E+37    7.59130E+02
    1.31884E+37    7.63100E+02
    1.32666E+37    7.59130E+02
    1.32666E+37    7.61110E+02
    1.32666E+37    7.61110E+02
    1.32666E+37    7.69050E+02
    1.32666E+37    7.69050E+02
    1.32666E+37    7.75000E+02
    1.32666E+37    7.76980E+02
    1.32666E+37    7.76980E+02
    1.32666E+37    7.78970E+02
    1.32666E+37    7.78970E+02
    1.32666E+37    7.80950E+02
    1.34227E+37    7.82940E+02
    1.34227E+37    7.75000E+02
    1.34227E+37    7.75000E+02
    1.34227E+37    7.73020E+02
    1.34227E+37    7.73020E+02
    1.34227E+37    7.67060E+02
    1.34227E+37    7.61110E+02
    1.34227E+37    7.61110E+02
    1.34227E+37    7.61110E+02
    1.34227E+37    7.61110E+02
    1.34227E+37    7.55160E+02
    1.34227E+37    7.51190E+02
    1.34227E+37    7.51190E+02
    1.34227E+37    7.51190E+02
    1.34227E+37    7.51190E+02
    1.34227E+37    7.51190E+02
    1.34227E+37    7.49210E+02
    1.35010E+37    7.65080E+02
    1.35010E+37    7.67060E+02
    1.35010E+37    7.67060E+02
    1.35010E+37    7.71030E+02
    1.35010E+37    7.71030E+02
    1.35010E+37    7.71030E+02
    1.35010E+37    7.73020E+02
    1.35010E+37    7.73020E+02
    1.35010E+37    7.75000E+02
    1.35010E+37    7.75000E+02
    1.35010E+37    7.75000E+02
    1.35010E+37    7.76980E+02
    1.35789E+37    7.76980E+02
    1.35789E+37    7.76980E+02
    1.35789E+37    7.76980E+02
    1.35789E+37    7.71030E+02
    1.35789E+37    7.71030E+02
    1.35789E+37    7.71030E+02
    1.35789E+37    7.67060E+02
    1.35789E+37    7.67060E+02
    1.35789E+37    7.65080E+02
    1.36570E+37    7.65080E+02
    1.36570E+37    7.69050E+02
    1.36570E+37    7.71030E+02
    1.36570E+37    7.71030E+02
    1.36570E+37    7.69050E+02
    1.36570E+37    7.65080E+02
    1.32666E+37    8.06750E+02
    1.32666E+37    8.10710E+02
    1.32666E+37    8.10710E+02
    1.34227E+37    8.14680E+02
    1.34227E+37    8.06750E+02
    1.34227E+37    8.06750E+02
    1.34227E+37    8.02780E+02
    1.34227E+37    8.02780E+02
    1.34227E+37    8.00790E+02
    1.34227E+37    8.00790E+02
    1.34227E+37    8.10710E+02
    1.33446E+37    8.12700E+02
    1.33446E+37    8.10710E+02
    1.33446E+37    8.10710E+02
    1.33446E+37    8.06750E+02
    1.33446E+37    8.06750E+02
    1.33446E+37    8.02780E+02
    1.33446E+37    8.00790E+02
    1.33446E+37    8.00790E+02
    1.35010E+37    7.96830E+02
    1.35010E+37    8.00790E+02
    1.35010E+37    8.00790E+02
    1.35010E+37    8.06750E+02
    1.35010E+37    8.06750E+02
    1.35010E+37    8.06750E+02
    1.35010E+37    8.10710E+02
    1.35010E+37    8.10710E+02
    1.35010E+37    8.10710E+02
    1.35010E+37    8.10710E+02
    1.35010E+37    8.14680E+02
    1.36570E+37    8.20630E+02
    1.36570E+37    8.16670E+02
    1.36570E+37    8.16670E+02
    1.36570E+37    8.16670E+02
    1.36570E+37    8.16670E+02
    1.36570E+37    8.12700E+02
    1.36570E+37    8.08730E+02
    1.36570E+37    8.08730E+02
    1.36570E+37    8.08730E+02
    1.36570E+37    8.08730E+02
    1.36570E+37    8.06750E+02
    1.36570E+37    8.04760E+02
    1.36570E+37    8.04760E+02
    1.36570E+37    8.02780E+02
    1.36570E+37    8.02780E+02
    1.36570E+37    7.98810E+02
    1.36570E+37    7.94840E+02
    1.36570E+37    7.92860E+02
    1.36570E+37    7.92860E+02
    1.36570E+37    7.90870E+02
    1.36570E+37    7.90870E+02
    1.37353E+37    7.90870E+02
    1.37353E+37    7.92860E+02
    1.37353E+37    7.92860E+02
    1.37353E+37    7.96830E+02
    1.37353E+37    7.96830E+02
    1.37353E+37    7.98810E+02
    1.37353E+37    8.00790E+02
    1.37353E+37    8.00790E+02
    1.37353E+37    8.04760E+02
    1.37353E+37    8.04760E+02
    1.37353E+37    8.08730E+02
    1.37353E+37    8.10710E+02
    1.37353E+37    8.10710E+02
    1.37353E+37    8.12700E+02
    1.37353E+37    8.12700E+02
    1.37353E+37    8.12700E+02
    1.36570E+37    8.16670E+02
    1.36570E+37    8.16670E+02
    1.37353E+37    8.20630E+02
    1.37353E+37    8.14680E+02
    1.37353E+37    8.14680E+02
    1.37353E+37    8.14680E+02
    1.37353E+37    8.14680E+02
    1.37353E+37    8.12700E+02
    1.37353E+37    8.10710E+02
    1.37353E+37    8.10710E+02
    1.37353E+37    8.10710E+02
    1.37353E+37    8.10710E+02
    1.38139E+37    7.94840E+02
    1.38908E+37    7.94840E+02
    1.38908E+37    7.94840E+02
    1.38908E+37    7.94840E+02
    1.38908E+37    8.00790E+02
    1.38908E+37    8.00790E+02
    1.38908E+37    8.02780E+02
    1.38908E+37    8.02780E+02
    1.38908E+37    7.92860E+02
    1.38908E+37    7.92860E+02
    1.38908E+37    7.92860E+02
    1.38908E+37    8.02780E+02
    1.38908E+37    8.08730E+02
    1.38908E+37    8.08730E+02
    1.38908E+37    8.08730E+02
    1.38908E+37    8.08730E+02
    1.38908E+37    8.14680E+02
    1.38908E+37    8.16670E+02
    1.38908E+37    8.16670E+02
    1.38908E+37    8.18650E+02
    1.38908E+37    8.18650E+02
    1.38908E+37    8.22620E+02
    1.39691E+37    8.18650E+02
    1.39691E+37    8.14680E+02
    1.39691E+37    8.14680E+02
    1.39691E+37    8.12700E+02
    1.39691E+37    8.12700E+02
    1.39691E+37    8.08730E+02
    1.39691E+37    8.06750E+02
    1.39691E+37    8.06750E+02
    1.39691E+37    8.04760E+02
    1.39691E+37    8.04760E+02
    1.39691E+37    8.00790E+02
    1.39691E+37    7.98810E+02
    1.39691E+37    7.98810E+02
    1.39691E+37    7.96830E+02
    1.39691E+37    7.96830E+02
    1.39691E+37    7.94840E+02
    1.41258E+37    7.98810E+02
    1.41258E+37    8.02780E+02
    1.41258E+37    8.02780E+02
    1.41258E+37    8.04760E+02
    1.41258E+37    8.04760E+02
    1.41258E+37    8.04760E+02
    1.41258E+37    8.08730E+02
    1.41258E+37    8.08730E+02
    1.41258E+37    8.14680E+02
    1.41258E+37    8.14680E+02
    1.41258E+37    8.16670E+02
    1.41258E+37    8.16670E+02
    1.41258E+37    8.16670E+02
    1.41258E+37    8.20630E+02
    1.42824E+37    8.18650E+02
    1.42824E+37    8.16670E+02
    1.42824E+37    8.16670E+02
    1.42824E+37    8.14680E+02
    1.42824E+37    8.14680E+02
    1.42824E+37    8.12700E+02
    1.42824E+37    8.12700E+02
    1.42824E+37    8.12700E+02
    1.42824E+37    8.10710E+02
    1.42824E+37    8.10710E+02
    1.42824E+37    8.08730E+02
    1.42824E+37    8.08730E+02
    1.42824E+37    8.08730E+02
    1.42824E+37    8.04760E+02
    1.42824E+37    8.04760E+02
    1.42824E+37    8.04760E+02
    1.42824E+37    8.02780E+02
    1.42824E+37    8.02780E+02
    1.42824E+37    8.02780E+02
    1.42824E+37    8.02780E+02
    1.42824E+37    8.00790E+02
    1.25637E+37    6.44050E+02
    1.25637E+37    6.48020E+02
    1.25637E+37    6.51980E+02
    1.25637E+37    6.55950E+02
    1.25637E+37    6.55950E+02
    1.25637E+37    6.57940E+02
    1.25637E+37    6.57940E+02
    1.24854E+37    6.51980E+02
    1.24854E+37    6.50000E+02
    1.24854E+37    6.46030E+02
    1.26418E+37    6.59920E+02
    1.26418E+37    6.59920E+02
    1.26418E+37    6.59920E+02
    1.26418E+37    6.57940E+02
    1.26418E+37    6.57940E+02
    1.26418E+37    6.55950E+02
    1.26418E+37    6.51980E+02
    1.26418E+37    6.51980E+02
    1.26418E+37    6.51980E+02
    1.26418E+37    6.51980E+02
    1.27198E+37    6.53970E+02
    1.27198E+37    6.57940E+02
    1.27198E+37    6.57940E+02
    1.27198E+37    6.57940E+02
    1.27198E+37    6.57940E+02
    1.27198E+37    6.61900E+02
    1.27198E+37    6.63890E+02
    1.27198E+37    6.63890E+02
    1.27980E+37    6.59920E+02
    1.27980E+37    6.61900E+02
    1.28760E+37    6.57940E+02
    1.28760E+37    6.61900E+02
    1.28760E+37    6.63890E+02
    1.28760E+37    6.63890E+02
    1.29541E+37    6.65870E+02
    1.29541E+37    6.65870E+02
    1.29541E+37    6.69840E+02
    1.29541E+37    6.67860E+02
    1.29541E+37    6.65870E+02
    1.29541E+37    6.65870E+02
    1.29541E+37    6.61900E+02
    1.29541E+37    6.61900E+02
    1.30323E+37    6.65870E+02
    1.30323E+37    6.65870E+02
    1.30323E+37    6.65870E+02
    1.30323E+37    6.71830E+02
    1.30323E+37    6.71830E+02
    1.30323E+37    6.71830E+02
    1.30323E+37    6.71830E+02
    1.30323E+37    6.69840E+02
    1.30323E+37    6.67860E+02
    1.30323E+37    6.85710E+02
    1.30323E+37    6.93650E+02
    1.30323E+37    6.87700E+02
    1.30323E+37    6.93650E+02
    1.30323E+37    6.93650E+02
    1.30323E+37    7.03570E+02
    1.30323E+37    7.03570E+02
    1.29541E+37    7.03570E+02
    1.29541E+37    7.03570E+02
    1.30323E+37    7.01590E+02
    1.30323E+37    6.97620E+02
    1.30323E+37    6.97620E+02
    1.30323E+37    6.97620E+02
    1.30323E+37    6.97620E+02
    1.30323E+37    6.97620E+02
    1.30323E+37    6.95630E+02
    1.28760E+37    6.93650E+02
    1.28760E+37    6.95630E+02
    1.28760E+37    6.97620E+02
    1.29541E+37    7.01590E+02
    1.29541E+37    6.97620E+02
    1.29541E+37    6.97620E+02
    1.29541E+37    6.97620E+02
    1.29541E+37    6.95630E+02
    1.29541E+37    6.95630E+02
    1.29541E+37    6.93650E+02
    1.31103E+37    6.97620E+02
    1.31103E+37    7.03570E+02
    1.31103E+37    7.05560E+02
    1.31103E+37    7.01590E+02
    1.31103E+37    7.01590E+02
    1.31103E+37    7.01590E+02
    1.31103E+37    6.99600E+02
    1.31103E+37    6.99600E+02
    1.36570E+37    7.27380E+02
    1.36570E+37    7.31350E+02
    1.36570E+37    7.31350E+02
    1.36570E+37    7.31350E+02
    1.36570E+37    7.35320E+02
    1.35010E+37    7.37300E+02
    1.35010E+37    7.37300E+02
    1.35789E+37    7.37300E+02
    1.35789E+37    7.41270E+02
    1.36570E+37    7.41270E+02
    1.36570E+37    7.45240E+02
    1.36570E+37    7.47220E+02
    1.35010E+37    7.29370E+02
    1.38908E+37    7.45240E+02
    1.38908E+37    7.45240E+02
    1.38908E+37    7.45240E+02
    1.38908E+37    7.53170E+02
    1.38908E+37    7.51190E+02
    1.38908E+37    7.47220E+02
    1.39691E+37    7.53170E+02
    1.39691E+37    7.55160E+02
    1.39691E+37    7.55160E+02
    1.39691E+37    7.55160E+02
    1.39691E+37    7.55160E+02
    1.39691E+37    7.61110E+02
    1.39691E+37    7.57140E+02
    1.40475E+37    7.55160E+02
    1.40475E+37    7.80950E+02
    1.40475E+37    7.78970E+02
    1.40475E+37    7.76980E+02
    1.40475E+37    7.75000E+02
    1.40475E+37    7.71030E+02
    1.40475E+37    7.69050E+02
    1.41258E+37    7.65080E+02
    1.41258E+37    7.69050E+02
    1.41258E+37    7.69050E+02
    1.41258E+37    7.69050E+02
    1.40475E+37    7.73020E+02
    1.40475E+37    7.73020E+02
    1.41258E+37    7.73020E+02
    1.41258E+37    7.75000E+02
    1.41258E+37    7.78970E+02
    1.41258E+37    7.78970E+02
    1.38908E+37    7.76980E+02
    1.38908E+37    7.71030E+02
    1.42041E+37    7.76980E+02
    1.42041E+37    7.73020E+02
    1.42041E+37    7.71030E+02
    1.42041E+37    7.71030E+02
    1.42041E+37    7.69050E+02
    1.42041E+37    7.69050E+02
    1.42041E+37    7.65080E+02
    1.42824E+37    7.71030E+02
    1.42824E+37    7.73020E+02
    1.42824E+37    7.73020E+02
    1.42824E+37    7.76980E+02
    1.42824E+37    7.76980E+02
    1.42824E+37    7.76980E+02
    1.42824E+37    7.75000E+02
    1.43608E+37    7.73020E+02
    1.43608E+37    7.75000E+02
    1.43608E+37    7.75000E+02
    1.43608E+37    7.80950E+02
    1.43608E+37    7.80950E+02
    1.43608E+37    7.82940E+02
    1.43608E+37    7.82940E+02
    1.43608E+37    7.82940E+02
    1.44377E+37    7.84920E+02
    1.44377E+37    7.84920E+02
    1.44377E+37    7.84920E+02
    1.44377E+37    7.82940E+02
    1.44377E+37    7.82940E+02
    1.44377E+37    7.82940E+02
    1.44377E+37    7.78970E+02
    1.44377E+37    7.78970E+02
    1.44377E+37    7.69050E+02
    1.44377E+37    7.75000E+02
    1.44377E+37    7.78970E+02
    1.44377E+37    7.78970E+02
    1.44377E+37    7.82940E+02
    1.44377E+37    7.82940E+02
    1.45160E+37    7.82940E+02
    1.45160E+37    7.78970E+02
    1.45160E+37    7.78970E+02
    1.45160E+37    7.76980E+02
    1.45160E+37    7.76980E+02
    1.45160E+37    7.75000E+02
    1.45160E+37    7.73020E+02
    1.45160E+37    7.73020E+02
    1.48293E+37    7.96830E+02
    1.48293E+37    8.00790E+02
    1.48293E+37    8.00790E+02
    1.48293E+37    8.04760E+02
    1.48293E+37    8.04760E+02
    1.48293E+37    8.08730E+02
    1.48293E+37    8.12700E+02
    1.48293E+37    8.12700E+02
    1.48293E+37    8.16670E+02
    1.48293E+37    8.16670E+02
    1.48293E+37    8.20630E+02
    1.48293E+37    8.22620E+02
    1.48293E+37    8.22620E+02
    1.48293E+37    8.26590E+02
    1.48293E+37    8.26590E+02
    1.48293E+37    8.28570E+02
    1.48293E+37    8.32540E+02
    1.48293E+37    8.32540E+02
    1.48293E+37    8.36510E+02
    1.48293E+37    8.36510E+02
    1.48293E+37    8.40480E+02
    1.48293E+37    8.44440E+02
    1.48293E+37    8.44440E+02
    1.47510E+37    8.44440E+02
    1.47510E+37    8.44440E+02
    1.47510E+37    8.50400E+02
    1.47510E+37    8.40480E+02
    1.46727E+37    8.30560E+02
    1.46727E+37    8.18650E+02
    1.46727E+37    8.16670E+02
    1.46727E+37    8.16670E+02
    1.46727E+37    8.14680E+02
    1.46727E+37    8.14680E+02
    1.46727E+37    8.12700E+02
    1.46727E+37    8.10710E+02
    1.46727E+37    8.10710E+02
    1.46727E+37    8.08730E+02
    1.46727E+37    8.08730E+02
    1.46727E+37    8.06750E+02
    1.46727E+37    8.06750E+02
    1.46727E+37    8.06750E+02
    1.46727E+37    8.06750E+02
    1.46727E+37    8.06750E+02
    1.46727E+37    8.04760E+02
    1.45944E+37    8.04760E+02
    1.45944E+37    8.04760E+02
    1.45944E+37    8.04760E+02
    1.45944E+37    8.04760E+02
    1.45944E+37    8.04760E+02
    1.45944E+37    8.10710E+02
    1.45944E+37    8.12700E+02
    1.45944E+37    8.12700E+02
    1.45944E+37    8.16670E+02
    1.45944E+37    8.16670E+02
    1.45160E+37    8.12700E+02
    1.45160E+37    8.12700E+02
    1.45160E+37    8.12700E+02
    1.45160E+37    8.10710E+02
    1.45160E+37    8.10710E+02
    1.45160E+37    8.08730E+02
    1.45160E+37    8.06750E+02
    1.45160E+37    8.06750E+02
    1.45160E+37    8.04760E+02
    1.45160E+37    8.04760E+02
    1.49846E+37    8.00790E+02
    1.49846E+37    8.02780E+02
    1.49846E+37    8.04760E+02
    1.49846E+37    8.04760E+02
    1.49846E+37    8.08730E+02
    1.49846E+37    8.08730E+02
    1.49063E+37    8.50400E+02
    1.49063E+37    8.40480E+02
    1.49063E+37    8.40480E+02
    1.49063E+37    8.36510E+02
    1.49063E+37    8.36510E+02
    1.49063E+37    8.32540E+02
    1.49063E+37    8.32540E+02
    1.49063E+37    8.28570E+02
    1.49063E+37    8.24600E+02
    1.49063E+37    8.24600E+02
    1.49063E+37    8.20630E+02
    1.49063E+37    8.20630E+02
    1.49063E+37    8.18650E+02
    1.49846E+37    8.18650E+02
    1.49846E+37    8.24600E+02
    1.49846E+37    8.24600E+02
    1.49846E+37    8.26590E+02
    1.49846E+37    8.26590E+02
    1.50629E+37    8.30560E+02
    1.50629E+37    8.36510E+02
    1.50629E+37    8.36510E+02
    1.50629E+37    8.36510E+02
    1.50629E+37    8.36510E+02
    1.50629E+37    8.38490E+02
    1.50629E+37    8.46430E+02
    1.50629E+37    8.46430E+02
    1.50629E+37    8.46430E+02
    1.50629E+37    8.46430E+02
    1.50629E+37    8.42460E+02
    1.50629E+37    8.34520E+02
    1.50629E+37    8.34520E+02
    1.50629E+37    8.32540E+02
    1.50629E+37    8.32540E+02
    1.49846E+37    8.32540E+02
    1.49063E+37    8.32540E+02
    1.49846E+37    8.46430E+02
    1.50629E+37    8.44440E+02
    1.50629E+37    8.40480E+02
    1.50629E+37    8.40480E+02
    1.50629E+37    8.38490E+02
    1.50629E+37    8.38490E+02
    1.50629E+37    8.32540E+02
    1.50629E+37    8.32540E+02
    1.50629E+37    8.32540E+02
    1.50629E+37    8.28570E+02
    1.50629E+37    8.28570E+02
    1.50629E+37    8.24600E+02
    1.50629E+37    8.22620E+02
    1.50629E+37    8.22620E+02
    1.50629E+37    8.20630E+02
    1.50629E+37    8.20630E+02
    1.50629E+37    8.16670E+02
    1.51413E+37    8.16670E+02
    1.51413E+37    8.16670E+02
    1.51413E+37    8.16670E+02
    1.51413E+37    8.20630E+02
    1.51413E+37    8.20630E+02
    1.51413E+37    8.22620E+02
    1.51413E+37    8.26590E+02
    1.51413E+37    8.26590E+02
    1.51413E+37    8.28570E+02
    1.51413E+37    8.28570E+02
    1.51413E+37    8.30560E+02
    1.52196E+37    8.34520E+02
    1.52196E+37    8.34520E+02
    1.52196E+37    8.34520E+02
    1.52196E+37    8.34520E+02
    1.52196E+37    8.34520E+02
    1.52196E+37    8.38490E+02
    1.52196E+37    8.40480E+02
    1.52196E+37    8.40480E+02
    1.52196E+37    8.42460E+02
    1.52196E+37    8.42460E+02
    1.52196E+37    8.44440E+02
    1.52196E+37    8.44440E+02
    1.52196E+37    8.44440E+02
    1.52196E+37    8.48410E+02
    1.52196E+37    8.50400E+02
    1.52196E+37    8.50400E+02
    1.52196E+37    8.52380E+02
    1.52196E+37    8.52380E+02
    1.52196E+37    8.54370E+02
    1.51413E+37    8.54370E+02
    1.51413E+37    8.54370E+02
    1.51413E+37    8.54370E+02
    1.51413E+37    8.54370E+02
    1.51413E+37    8.56350E+02
    1.51413E+37    8.14680E+02
    1.53749E+37    8.14680E+02
    1.53749E+37    8.14680E+02
    1.53749E+37    8.14680E+02
    1.54532E+37    8.14680E+02
    1.55315E+37    8.14680E+02
    1.55315E+37    8.18650E+02
    1.55315E+37    8.20630E+02
    1.55315E+37    8.20630E+02
    1.53749E+37    8.26590E+02
    1.53749E+37    8.22620E+02
    1.53749E+37    8.16670E+02
    1.52196E+37    8.18650E+02
    1.52196E+37    8.26590E+02
    1.52196E+37    8.26590E+02
    1.52196E+37    8.26590E+02
    1.52196E+37    8.26590E+02
    1.52196E+37    8.28570E+02
    1.52196E+37    8.34520E+02
    1.52196E+37    8.34520E+02
    1.52196E+37    8.40480E+02
    1.52196E+37    8.40480E+02
    1.52196E+37    8.42460E+02
    1.52196E+37    8.42460E+02
    1.52196E+37    8.44440E+02
    1.51413E+37    8.50400E+02
    1.51413E+37    8.50400E+02
    1.51413E+37    8.50400E+02
    1.51413E+37    8.50400E+02
    1.51413E+37    8.52380E+02
    1.52979E+37    8.42460E+02
    1.52979E+37    8.46430E+02
    1.52979E+37    8.46430E+02
    1.52979E+37    8.46430E+02
    1.52979E+37    8.46430E+02
    1.52979E+37    8.56350E+02
    1.52979E+37    8.56350E+02
    1.52979E+37    8.56350E+02
    1.52979E+37    8.52380E+02
    1.52979E+37    8.50400E+02
    1.52979E+37    8.50400E+02
    1.52979E+37    8.46430E+02
    1.52979E+37    8.46430E+02
    1.52979E+37    8.44440E+02
    1.53749E+37    8.44440E+02
    1.53749E+37    8.50400E+02
    1.53749E+37    8.50400E+02
    1.53749E+37    8.52380E+02
    1.53749E+37    8.52380E+02
    1.53749E+37    8.54370E+02
    1.53749E+37    8.54370E+02
    1.53749E+37    8.54370E+02
    1.53749E+37    8.50400E+02
    1.53749E+37    8.48410E+02
    1.53749E+37    8.48410E+02
    1.53749E+37    8.46430E+02
    1.53749E+37    8.46430E+02
    1.55315E+37    8.46430E+02
    1.55315E+37    8.46430E+02
    1.55315E+37    8.46430E+02
    1.55315E+37    8.48410E+02
    1.55315E+37    8.48410E+02
    1.55315E+37    8.50400E+02
    1.55315E+37    8.52380E+02
    1.55315E+37    8.52380E+02
    1.56098E+37    8.56350E+02
    1.56098E+37    8.56350E+02
    1.56098E+37    8.62300E+02
    1.56098E+37    8.62300E+02
    1.56098E+37    8.62300E+02
    1.56098E+37    8.62300E+02
    1.56098E+37    8.62300E+02
    1.56882E+37    8.66270E+02
    1.56882E+37    8.62300E+02
    1.56882E+37    8.68250E+02
    1.56882E+37    8.60320E+02
    1.56882E+37    8.56350E+02
    1.85779E+37    8.22620E+02
    1.85779E+37    8.28570E+02
    1.85779E+37    8.32540E+02
    1.86562E+37    8.32540E+02
    1.86562E+37    8.24600E+02
    1.87332E+37    8.28570E+02
    1.88898E+37    8.38490E+02
    1.88898E+37    8.36510E+02
    1.88898E+37    8.30560E+02
    1.88898E+37    8.30560E+02
    1.88898E+37    8.28570E+02
    1.88898E+37    8.28570E+02
    1.88898E+37    8.24600E+02
    1.88115E+37    8.22620E+02
    1.88115E+37    8.22620E+02
    1.88115E+37    8.22620E+02
    1.88115E+37    8.24600E+02
    1.88115E+37    8.24600E+02
    1.88115E+37    8.28570E+02
    1.88115E+37    8.28570E+02
    1.88115E+37    8.28570E+02
    1.88115E+37    8.32540E+02
    1.88115E+37    8.32540E+02
    1.88115E+37    8.34520E+02
    1.88115E+37    8.36510E+02
    1.88115E+37    8.36510E+02
    1.91248E+37    8.36510E+02
    1.91248E+37    8.32540E+02
    1.91248E+37    8.32540E+02
    1.91248E+37    8.30560E+02
    1.91248E+37    8.30560E+02
    1.91248E+37    8.30560E+02
    1.91248E+37    8.26590E+02
    1.91248E+37    8.26590E+02
    1.91248E+37    8.26590E+02
    1.91248E+37    8.26590E+02
    1.91248E+37    8.20630E+02
    1.92801E+37    8.20630E+02
    1.92801E+37    8.22620E+02
    1.92801E+37    8.22620E+02
    1.92801E+37    8.26590E+02
    1.92801E+37    8.26590E+02
    1.92801E+37    8.26590E+02
    1.92801E+37    8.28570E+02
    1.92801E+37    8.28570E+02
    1.92801E+37    8.30560E+02
    1.92801E+37    8.30560E+02
    1.92801E+37    8.32540E+02
    1.92801E+37    8.34520E+02
    1.92801E+37    8.34520E+02
    1.92801E+37    8.34520E+02
    1.92801E+37    8.34520E+02
    1.92801E+37    8.36510E+02
    1.92031E+37    8.36510E+02
    1.92031E+37    8.36510E+02
    1.92031E+37    8.32540E+02
    1.92031E+37    8.32540E+02
    1.92031E+37    8.30560E+02
    1.92031E+37    8.30560E+02
    1.92031E+37    8.26590E+02
    1.92031E+37    8.22620E+02
    1.92031E+37    8.22620E+02
    1.92031E+37    8.22620E+02
    1.94367E+37    8.22620E+02
    1.94367E+37    8.26590E+02
    1.94367E+37    8.26590E+02
    1.94367E+37    8.26590E+02
    1.94367E+37    8.26590E+02
    1.94367E+37    8.30560E+02
    1.94367E+37    8.30560E+02
    1.94367E+37    8.30560E+02
    1.94367E+37    8.30560E+02
    1.94367E+37    8.30560E+02
    1.94367E+37    8.30560E+02
    1.94367E+37    8.32540E+02
    1.94367E+37    8.32540E+02
    1.95150E+37    8.24600E+02
    1.95934E+37    8.24600E+02
    1.96717E+37    8.24600E+02
    1.90465E+37    8.36510E+02
    1.92031E+37    8.46430E+02
    1.95934E+37    8.46430E+02
    1.93584E+37    8.44440E+02
    1.93584E+37    8.46430E+02
    1.93584E+37    8.46430E+02
    1.93584E+37    8.46430E+02
    1.95934E+37    8.46430E+02
    1.97486E+37    8.46430E+02
    1.99053E+37    8.46430E+02
    1.99836E+37    8.46430E+02
    1.99836E+37    8.46430E+02
    1.99836E+37    8.44440E+02
    2.01403E+37    8.50400E+02
    2.01403E+37    8.50400E+02
    2.01403E+37    8.50400E+02
    1.97486E+37    8.48410E+02
    1.97486E+37    8.48410E+02
    1.95150E+37    8.48410E+02
    1.93584E+37    8.48410E+02
    1.93584E+37    8.48410E+02
    1.96717E+37    8.48410E+02
    1.98270E+37    8.48410E+02
    1.98270E+37    8.48410E+02
    1.99053E+37    8.48410E+02
    1.99053E+37    8.48410E+02
    1.99836E+37    8.48410E+02
    2.01403E+37    8.50400E+02
    1.99053E+37    8.50400E+02
    1.99053E+37    8.50400E+02
    1.97486E+37    8.50400E+02
    1.97486E+37    8.50400E+02
    1.96717E+37    8.50400E+02
    1.95150E+37    8.50400E+02
    1.95150E+37    8.50400E+02
    1.94367E+37    8.50400E+02
    1.94367E+37    8.50400E+02
    1.94367E+37    8.52380E+02
    1.95150E+37    8.52380E+02
    1.95150E+37    8.52380E+02
    1.96717E+37    8.52380E+02
    1.96717E+37    8.52380E+02
    1.98270E+37    8.52380E+02
    1.98270E+37    8.52380E+02
    1.98270E+37    8.52380E+02
    1.99053E+37    8.52380E+02
    1.99053E+37    8.52380E+02
    2.00619E+37    8.52380E+02
    2.00619E+37    8.52380E+02
    2.00619E+37    8.52380E+02
    2.01403E+37    8.52380E+02
    2.01403E+37    8.52380E+02
    2.02186E+37    8.52380E+02
    2.02186E+37    8.52380E+02
    2.02186E+37    8.52380E+02
    2.03739E+37    8.54370E+02
    2.03739E+37    8.54370E+02
    2.03739E+37    8.54370E+02
    2.02186E+37    8.54370E+02
    2.02186E+37    8.54370E+02
    2.00619E+37    8.54370E+02
    1.99836E+37    8.54370E+02
    1.99836E+37    8.54370E+02
    1.99053E+37    8.54370E+02
    1.99053E+37    8.54370E+02
    1.98270E+37    8.54370E+02
    1.97486E+37    8.54370E+02
    1.97486E+37    8.54370E+02
    1.97486E+37    8.54370E+02
    1.97486E+37    8.54370E+02
    1.97486E+37    8.54370E+02
    1.95934E+37    8.54370E+02
    1.95934E+37    8.54370E+02
    1.94367E+37    8.54370E+02
    1.94367E+37    8.54370E+02
    1.99836E+37    8.58330E+02
    2.00619E+37    8.58330E+02
    1.99836E+37    8.60320E+02
    1.98270E+37    8.60320E+02
    1.96717E+37    8.62300E+02
    1.98270E+37    8.62300E+02
    1.99836E+37    8.62300E+02
    1.99836E+37    8.64290E+02
    1.98270E+37    8.64290E+02
    1.96717E+37    8.64290E+02
    1.96717E+37    8.64290E+02
    1.95934E+37    8.64290E+02
    1.95934E+37    8.64290E+02
    1.95934E+37    8.64290E+02
    1.94367E+37    8.68250E+02
    1.95934E+37    8.68250E+02
    1.97486E+37    8.68250E+02
    1.97486E+37    8.68250E+02
    1.98270E+37    8.68250E+02
    1.98270E+37    8.68250E+02
    1.99053E+37    8.68250E+02
    1.99053E+37    8.68250E+02
    1.99053E+37    8.68250E+02
    1.99836E+37    8.68250E+02
    1.99836E+37    8.68250E+02
    2.00619E+37    8.68250E+02
    2.01403E+37    8.68250E+02
    2.01403E+37    8.70240E+02
    2.01403E+37    8.72220E+02
    1.98270E+37    8.72220E+02
    1.98270E+37    8.72220E+02
    1.96717E+37    8.72220E+02
    1.96717E+37    8.72220E+02
    1.98270E+37    8.76190E+02
    1.98270E+37    8.76190E+02
    1.98270E+37    8.76190E+02
    1.99836E+37    8.76190E+02
    1.99836E+37    8.76190E+02
    2.01403E+37    8.76190E+02
    2.01403E+37    8.80160E+02
    2.01403E+37    8.80160E+02
    2.01403E+37    8.80160E+02
    1.99836E+37    8.80160E+02
    1.99836E+37    8.80160E+02
    1.98270E+37    8.80160E+02
    1.96717E+37    8.82140E+02
    1.96717E+37    8.82140E+02
    1.95934E+37    8.82140E+02
    1.95934E+37    8.82140E+02
    1.95934E+37    8.82140E+02
    1.93584E+37    8.82140E+02
    1.94367E+37    8.82140E+02
    1.98270E+37    8.84130E+02
    1.99053E+37    8.84130E+02
    1.99053E+37    8.84130E+02
    1.99053E+37    8.84130E+02
    1.99836E+37    8.84130E+02
    1.99836E+37    8.84130E+02
    2.00619E+37    8.84130E+02
    2.01403E+37    8.84130E+02
    2.01403E+37    8.84130E+02
    2.01403E+37    8.84130E+02
    2.01403E+37    8.84130E+02
    2.01403E+37    8.86110E+02
    2.01403E+37    8.86110E+02
    2.01403E+37    8.86110E+02
    2.01403E+37    8.86110E+02
    1.99836E+37    8.86110E+02
    1.99836E+37    8.86110E+02
    1.99053E+37    8.86110E+02
    1.98270E+37    8.86110E+02
    1.98270E+37    8.86110E+02
    1.98270E+37    8.88100E+02
    1.99053E+37    8.88100E+02
    1.99053E+37    8.88100E+02
    1.99836E+37    8.88100E+02
    1.99836E+37    8.88100E+02
    2.01403E+37    8.88100E+02
    2.02186E+37    8.88100E+02
    2.02186E+37    8.88100E+02
    2.02186E+37    8.88100E+02
    2.02186E+37    8.88100E+02
    2.02955E+37    8.90080E+02
    2.02955E+37    8.90080E+02
    2.00619E+37    8.90080E+02
    2.00619E+37    8.90080E+02
    1.99836E+37    8.90080E+02
    1.99836E+37    8.90080E+02
    1.97486E+37    8.90080E+02
    1.95934E+37    8.92060E+02
    1.95934E+37    8.92060E+02
    1.97486E+37    8.92060E+02
    1.98270E+37    8.92060E+02
    1.98270E+37    8.92060E+02
    1.99836E+37    8.92060E+02
    1.99836E+37    8.92060E+02
    1.99836E+37    8.92060E+02
    2.01403E+37    8.92060E+02
    2.02955E+37    8.92060E+02
    2.02955E+37    8.96030E+02
