    0.13939E+37    0.76178E+03
    0.13637E+37    0.76346E+03
    0.14093E+37    0.76346E+03
    0.13793E+37    0.76514E+03
    0.13796E+37    0.76682E+03
    0.13796E+37    0.76682E+03
    0.13797E+37    0.76766E+03
    0.13797E+37    0.76766E+03
    0.13799E+37    0.76935E+03
    0.13802E+37    0.77103E+03
    0.13802E+37    0.77103E+03
    0.13805E+37    0.77271E+03
    0.13805E+37    0.77271E+03
    0.13806E+37    0.77355E+03
    0.13808E+37    0.77439E+03
    0.13808E+37    0.77439E+03
    0.13811E+37    0.77607E+03
    0.13811E+37    0.77607E+03
    0.13812E+37    0.77692E+03
    0.13815E+37    0.77860E+03
    0.13815E+37    0.77860E+03
    0.13818E+37    0.78028E+03
    0.13818E+37    0.78028E+03
    0.13818E+37    0.78028E+03
    0.13818E+37    0.78112E+03
    0.13509E+37    0.77692E+03
    0.13508E+37    0.77607E+03
    0.13503E+37    0.77355E+03
    0.13500E+37    0.77187E+03
    0.13500E+37    0.77187E+03
    0.13646E+37    0.76850E+03
    0.13799E+37    0.76850E+03
    0.13799E+37    0.76850E+03
    0.13799E+37    0.76850E+03
    0.13803E+37    0.77187E+03
    0.13803E+37    0.77187E+03
    0.13805E+37    0.77271E+03
    0.13806E+37    0.77355E+03
    0.13806E+37    0.77355E+03
    0.13809E+37    0.77523E+03
    0.13809E+37    0.77523E+03
    0.13809E+37    0.77523E+03
    0.13811E+37    0.77607E+03
    0.13811E+37    0.77607E+03
    0.13971E+37    0.78112E+03
    0.13969E+37    0.78028E+03
    0.13969E+37    0.78028E+03
    0.13965E+37    0.77776E+03
    0.13965E+37    0.77776E+03
    0.13963E+37    0.77692E+03
    0.13960E+37    0.77439E+03
    0.13960E+37    0.77439E+03
    0.13960E+37    0.77439E+03
    0.13960E+37    0.77439E+03
    0.13959E+37    0.77355E+03
    0.13957E+37    0.77271E+03
    0.13957E+37    0.77271E+03
    0.13954E+37    0.77103E+03
    0.13954E+37    0.77103E+03
    0.13954E+37    0.77103E+03
    0.13953E+37    0.77019E+03
    0.13953E+37    0.77019E+03
    0.13949E+37    0.76850E+03
    0.13949E+37    0.76850E+03
    0.14102E+37    0.76850E+03
    0.14102E+37    0.76850E+03
    0.14102E+37    0.76850E+03
    0.14105E+37    0.77103E+03
    0.14105E+37    0.77103E+03
    0.14108E+37    0.77271E+03
    0.14109E+37    0.77355E+03
    0.14109E+37    0.77355E+03
    0.14112E+37    0.77523E+03
    0.14112E+37    0.77523E+03
    0.14114E+37    0.77607E+03
    0.14117E+37    0.77776E+03
    0.14117E+37    0.77776E+03
    0.14119E+37    0.77860E+03
    0.14119E+37    0.77860E+03
    0.14122E+37    0.78028E+03
    0.14122E+37    0.78028E+03
    0.14122E+37    0.78028E+03
    0.14123E+37    0.78112E+03
    0.14125E+37    0.78196E+03
    0.14125E+37    0.78196E+03
    0.14125E+37    0.78280E+03
    0.14125E+37    0.78280E+03
    0.14126E+37    0.78364E+03
    0.14128E+37    0.78449E+03
    0.14128E+37    0.78449E+03
    0.14129E+37    0.78533E+03
    0.14129E+37    0.78533E+03
    0.14272E+37    0.78028E+03
    0.14269E+37    0.77860E+03
    0.14265E+37    0.77523E+03
    0.14262E+37    0.77355E+03
    0.14262E+37    0.77355E+03
    0.14260E+37    0.77271E+03
    0.14260E+37    0.77271E+03
    0.14260E+37    0.77271E+03
    0.14260E+37    0.77271E+03
    0.14260E+37    0.77271E+03
    0.14257E+37    0.77103E+03
    0.14257E+37    0.77103E+03
    0.14256E+37    0.77019E+03
    0.14254E+37    0.76935E+03
    0.14254E+37    0.76935E+03
    0.14254E+37    0.76935E+03
    0.14254E+37    0.76935E+03
    0.14251E+37    0.76766E+03
    0.14251E+37    0.76766E+03
    0.14251E+37    0.76766E+03
    0.14250E+37    0.76682E+03
    0.14250E+37    0.76682E+03
    0.14407E+37    0.76935E+03
    0.14408E+37    0.77019E+03
    0.14410E+37    0.77103E+03
    0.14410E+37    0.77103E+03
    0.14408E+37    0.77019E+03
    0.14740E+37    0.78785E+03
    0.14437E+37    0.78785E+03
    0.14740E+37    0.78785E+03
    0.14589E+37    0.78785E+03
    0.14592E+37    0.78953E+03
    0.14592E+37    0.78953E+03
    0.14594E+37    0.79037E+03
    0.14594E+37    0.79037E+03
    0.14595E+37    0.79206E+03
    0.14597E+37    0.79290E+03
    0.14597E+37    0.79290E+03
    0.14599E+37    0.79374E+03
    0.14583E+37    0.78449E+03
    0.14586E+37    0.78617E+03
    0.15274E+37    0.74411E+03
    0.15274E+37    0.74411E+03
    0.15274E+37    0.74411E+03
    0.15280E+37    0.74748E+03
    0.15280E+37    0.74748E+03
    0.15284E+37    0.75000E+03
    0.15287E+37    0.75168E+03
    0.15287E+37    0.75168E+03
    0.15287E+37    0.75252E+03
    0.15287E+37    0.75252E+03
    0.15292E+37    0.75505E+03
    0.15132E+37    0.75000E+03
    0.15129E+37    0.74832E+03
    0.15129E+37    0.74832E+03
    0.15126E+37    0.74664E+03
    0.15126E+37    0.74664E+03
    0.15124E+37    0.74579E+03
    0.14976E+37    0.74748E+03
    0.15432E+37    0.74832E+03
    0.15429E+37    0.74664E+03
    0.15432E+37    0.74832E+03
    0.15438E+37    0.75168E+03
    0.15438E+37    0.75168E+03
    0.15441E+37    0.75336E+03
    0.15441E+37    0.75336E+03
    0.15443E+37    0.75421E+03
    0.15443E+37    0.75421E+03
    0.15449E+37    0.75757E+03
    0.15450E+37    0.75925E+03
    0.15450E+37    0.75925E+03
    0.15455E+37    0.76178E+03
    0.15455E+37    0.76178E+03
    0.15456E+37    0.76262E+03
    0.15459E+37    0.76430E+03
    0.15459E+37    0.76430E+03
    0.15462E+37    0.76598E+03
    0.15462E+37    0.76598E+03
    0.15464E+37    0.76682E+03
    0.15469E+37    0.76935E+03
    0.15469E+37    0.76935E+03
    0.15470E+37    0.77019E+03
    0.15470E+37    0.77019E+03
    0.15312E+37    0.76682E+03
    0.15306E+37    0.76262E+03
    0.15306E+37    0.76262E+03
    0.15302E+37    0.76093E+03
    0.15302E+37    0.76093E+03
    0.15299E+37    0.75925E+03
    0.15299E+37    0.75925E+03
    0.15298E+37    0.75841E+03
    0.15149E+37    0.76009E+03
    0.15153E+37    0.76262E+03
    0.15153E+37    0.76262E+03
    0.15155E+37    0.76346E+03
    0.15155E+37    0.76346E+03
    0.15156E+37    0.76430E+03
    0.15625E+37    0.77271E+03
    0.15619E+37    0.76935E+03
    0.15619E+37    0.76935E+03
    0.15615E+37    0.76682E+03
    0.15615E+37    0.76682E+03
    0.15610E+37    0.76346E+03
    0.15610E+37    0.76346E+03
    0.15604E+37    0.76009E+03
    0.15604E+37    0.76009E+03
    0.15595E+37    0.75505E+03
    0.15592E+37    0.75336E+03
    0.15592E+37    0.75336E+03
    0.15592E+37    0.75336E+03
    0.15592E+37    0.75336E+03
    0.15743E+37    0.75252E+03
    0.15743E+37    0.75252E+03
    0.15743E+37    0.75252E+03
    0.15749E+37    0.75589E+03
    0.15749E+37    0.75589E+03
    0.15752E+37    0.75757E+03
    0.15755E+37    0.76009E+03
    0.15755E+37    0.76009E+03
    0.15758E+37    0.76178E+03
    0.15758E+37    0.76178E+03
    0.15760E+37    0.76262E+03
    0.16060E+37    0.76009E+03
    0.16057E+37    0.75841E+03
    0.16057E+37    0.75841E+03
    0.16054E+37    0.75673E+03
    0.16054E+37    0.75673E+03
    0.15900E+37    0.75589E+03
    0.15898E+37    0.75505E+03
    0.15898E+37    0.75505E+03
    0.15898E+37    0.75505E+03
    0.15898E+37    0.75505E+03
    0.15906E+37    0.75925E+03
    0.15912E+37    0.76262E+03
    0.15912E+37    0.76262E+03
    0.15913E+37    0.76346E+03
    0.15913E+37    0.76346E+03
    0.15923E+37    0.76935E+03
    0.15926E+37    0.77103E+03
    0.15926E+37    0.77103E+03
    0.15927E+37    0.77187E+03
    0.15927E+37    0.77187E+03
    0.15929E+37    0.77271E+03
    0.15930E+37    0.77355E+03
    0.15930E+37    0.77355E+03
    0.15933E+37    0.77523E+03
    0.15933E+37    0.77523E+03
    0.15936E+37    0.77692E+03
    0.15939E+37    0.77860E+03
    0.15939E+37    0.77860E+03
    0.15942E+37    0.78112E+03
    0.15942E+37    0.78112E+03
    0.15945E+37    0.78280E+03
    0.15947E+37    0.78364E+03
    0.15947E+37    0.78364E+03
    0.15799E+37    0.78617E+03
    0.15799E+37    0.78617E+03
    0.15776E+37    0.77271E+03
    0.15779E+37    0.77439E+03
    0.15779E+37    0.77439E+03
    0.15784E+37    0.77692E+03
    0.15784E+37    0.77692E+03
    0.15785E+37    0.77776E+03
    0.15788E+37    0.77944E+03
    0.15788E+37    0.77944E+03
    0.15793E+37    0.78196E+03
    0.15793E+37    0.78196E+03
    0.15795E+37    0.78280E+03
    0.15796E+37    0.78364E+03
    0.15796E+37    0.78364E+03
    0.15798E+37    0.78533E+03
    0.15798E+37    0.78533E+03
    0.15799E+37    0.78617E+03
    0.15802E+37    0.78785E+03
    0.15802E+37    0.78785E+03
    0.15810E+37    0.79206E+03
    0.15810E+37    0.79206E+03
    0.15816E+37    0.79626E+03
    0.15816E+37    0.79626E+03
    0.15822E+37    0.79963E+03
    0.15822E+37    0.79963E+03
    0.15828E+37    0.80299E+03
    0.15828E+37    0.80299E+03
    0.15828E+37    0.80299E+03
    0.15828E+37    0.80299E+03
    0.15830E+37    0.80383E+03
    0.15670E+37    0.79879E+03
    0.15664E+37    0.79542E+03
    0.15664E+37    0.79542E+03
    0.15656E+37    0.79121E+03
    0.15656E+37    0.79121E+03
    0.15651E+37    0.78785E+03
    0.15651E+37    0.78785E+03
    0.15647E+37    0.78533E+03
    0.15647E+37    0.78533E+03
    0.15490E+37    0.78196E+03
    0.15488E+37    0.78112E+03
    0.15488E+37    0.78112E+03
    0.15487E+37    0.78028E+03
    0.15487E+37    0.78028E+03
    0.15485E+37    0.77944E+03
    0.15484E+37    0.77860E+03
    0.15484E+37    0.77860E+03
    0.15331E+37    0.77860E+03
    0.15337E+37    0.78196E+03
    0.15337E+37    0.78196E+03
    0.15342E+37    0.78449E+03
    0.15342E+37    0.78449E+03
    0.15348E+37    0.78869E+03
    0.15348E+37    0.78869E+03
    0.15351E+37    0.79037E+03
    0.15351E+37    0.79037E+03
    0.15356E+37    0.79290E+03
    0.15356E+37    0.79290E+03
    0.16092E+37    0.77944E+03
    0.16095E+37    0.78112E+03
    0.16095E+37    0.78112E+03
    0.16099E+37    0.78364E+03
    0.16099E+37    0.78364E+03
    0.16102E+37    0.78617E+03
    0.16105E+37    0.78785E+03
    0.16105E+37    0.78785E+03
    0.16108E+37    0.78953E+03
    0.16108E+37    0.78953E+03
    0.16111E+37    0.79121E+03
    0.16115E+37    0.79290E+03
    0.16115E+37    0.79290E+03
    0.16118E+37    0.79458E+03
    0.16118E+37    0.79458E+03
    0.16121E+37    0.79626E+03
    0.16122E+37    0.79794E+03
    0.16122E+37    0.79794E+03
    0.16127E+37    0.80047E+03
    0.16127E+37    0.80047E+03
    0.16128E+37    0.80131E+03
    0.16131E+37    0.80299E+03
    0.16131E+37    0.80299E+03
    0.16134E+37    0.80467E+03
    0.16134E+37    0.80467E+03
    0.15985E+37    0.80636E+03
    0.15987E+37    0.80720E+03
    0.15987E+37    0.80720E+03
    0.16134E+37    0.80467E+03
    0.16136E+37    0.80551E+03
    0.16136E+37    0.80551E+03
    0.16139E+37    0.80720E+03
    0.16139E+37    0.80720E+03
    0.16140E+37    0.80804E+03
    0.16145E+37    0.81140E+03
    0.16145E+37    0.81140E+03
    0.16151E+37    0.81477E+03
    0.16151E+37    0.81477E+03
    0.16151E+37    0.81477E+03
    0.16151E+37    0.81477E+03
    0.16151E+37    0.81477E+03
    0.16151E+37    0.81477E+03
    0.16151E+37    0.81477E+03
    0.16151E+37    0.81477E+03
    0.16151E+37    0.81477E+03
    0.16151E+37    0.81477E+03
    0.16151E+37    0.81477E+03
    0.16151E+37    0.81477E+03
    0.16314E+37    0.82150E+03
    0.16319E+37    0.82402E+03
    0.16319E+37    0.82402E+03
    0.16320E+37    0.82486E+03
    0.16320E+37    0.82486E+03
    0.16322E+37    0.82570E+03
    0.16174E+37    0.82822E+03
    0.16174E+37    0.82822E+03
    0.16777E+37    0.82654E+03
    0.16626E+37    0.82654E+03
    0.16626E+37    0.82654E+03
    0.16474E+37    0.82654E+03
    0.16474E+37    0.82654E+03
    0.16471E+37    0.82486E+03
    0.16471E+37    0.82486E+03
    0.16471E+37    0.82486E+03
    0.16931E+37    0.82738E+03
    0.16931E+37    0.82738E+03
    0.16924E+37    0.82318E+03
    0.16917E+37    0.81981E+03
    0.16917E+37    0.81981E+03
    0.16916E+37    0.81813E+03
    0.16916E+37    0.81813E+03
    0.16913E+37    0.81645E+03
    0.16913E+37    0.81645E+03
    0.16910E+37    0.81477E+03
    0.16907E+37    0.81308E+03
    0.16907E+37    0.81308E+03
    0.16904E+37    0.81140E+03
    0.16904E+37    0.81140E+03
    0.16902E+37    0.81056E+03
    0.16901E+37    0.80972E+03
    0.16901E+37    0.80972E+03
    0.16898E+37    0.80804E+03
    0.16898E+37    0.80804E+03
    0.16896E+37    0.80720E+03
    0.16742E+37    0.80551E+03
    0.16602E+37    0.81224E+03
    0.16608E+37    0.81561E+03
    0.16608E+37    0.81561E+03
    0.16613E+37    0.81897E+03
    0.16613E+37    0.81897E+03
    0.16608E+37    0.81561E+03
    0.16608E+37    0.81561E+03
    0.16604E+37    0.81308E+03
    0.16601E+37    0.81140E+03
    0.16601E+37    0.81140E+03
    0.16593E+37    0.80720E+03
    0.16593E+37    0.80720E+03
    0.16591E+37    0.80551E+03
    0.16591E+37    0.80551E+03
    0.16591E+37    0.80551E+03
    0.16591E+37    0.80551E+03
    0.16598E+37    0.80972E+03
    0.16608E+37    0.81561E+03
    0.16611E+37    0.81813E+03
    0.16611E+37    0.81813E+03
    0.16610E+37    0.81645E+03
    0.16610E+37    0.81645E+03
    0.16605E+37    0.81393E+03
    0.16594E+37    0.80804E+03
    0.16593E+37    0.80720E+03
    0.16593E+37    0.80720E+03
    0.16442E+37    0.80720E+03
    0.16450E+37    0.81224E+03
    0.16450E+37    0.81224E+03
    0.16456E+37    0.81561E+03
    0.16456E+37    0.81561E+03
    0.16462E+37    0.81897E+03
    0.16462E+37    0.81897E+03
    0.16465E+37    0.82065E+03
    0.16465E+37    0.82065E+03
    0.16470E+37    0.82402E+03
    0.16470E+37    0.82402E+03
    0.16473E+37    0.82570E+03
    0.16473E+37    0.82570E+03
    0.16727E+37    0.79626E+03
    0.16727E+37    0.79626E+03
    0.16727E+37    0.79626E+03
    0.16724E+37    0.79458E+03
    0.16724E+37    0.79458E+03
    0.16724E+37    0.79458E+03
    0.16421E+37    0.79458E+03
    0.16421E+37    0.79458E+03
    0.16421E+37    0.79458E+03
    0.16421E+37    0.79458E+03
    0.16421E+37    0.79458E+03
    0.16416E+37    0.79206E+03
    0.16416E+37    0.79206E+03
    0.16413E+37    0.79037E+03
    0.16413E+37    0.79037E+03
    0.16412E+37    0.78953E+03
    0.16409E+37    0.78785E+03
    0.16409E+37    0.78785E+03
    0.28342E+37    0.75757E+03
    0.28343E+37    0.75841E+03
    0.28343E+37    0.75841E+03
    0.28348E+37    0.76093E+03
    0.28348E+37    0.76093E+03
    0.28351E+37    0.76346E+03
    0.28354E+37    0.76514E+03
    0.28354E+37    0.76514E+03
    0.28506E+37    0.76514E+03
    0.28809E+37    0.76514E+03
    0.28809E+37    0.76514E+03
    0.28802E+37    0.76093E+03
    0.28657E+37    0.76430E+03
    0.28200E+37    0.76346E+03
    0.28345E+37    0.75925E+03
    0.28342E+37    0.75757E+03
    0.28342E+37    0.75757E+03
    0.28038E+37    0.75757E+03
    0.28038E+37    0.75757E+03
    0.27885E+37    0.75673E+03
    0.27885E+37    0.75673E+03
    0.27885E+37    0.75673E+03
    0.27889E+37    0.75925E+03
    0.27889E+37    0.75925E+03
    0.27891E+37    0.76009E+03
    0.27894E+37    0.76178E+03
    0.27894E+37    0.76178E+03
    0.27895E+37    0.76262E+03
    0.27895E+37    0.76262E+03
    0.27900E+37    0.76514E+03
    0.27903E+37    0.76766E+03
    0.27903E+37    0.76766E+03
    0.27904E+37    0.76850E+03
    0.27904E+37    0.76850E+03
    0.27907E+37    0.77019E+03
    0.27760E+37    0.77187E+03
    0.27760E+37    0.77187E+03
    0.27760E+37    0.77271E+03
    0.27760E+37    0.77271E+03
    0.27764E+37    0.77523E+03
    0.27764E+37    0.77523E+03
    0.27764E+37    0.77523E+03
    0.28067E+37    0.77523E+03
    0.28067E+37    0.77523E+03
    0.27447E+37    0.76682E+03
    0.28061E+37    0.77103E+03
    0.28061E+37    0.77103E+03
    0.27749E+37    0.76598E+03
    0.27749E+37    0.76598E+03
    0.27749E+37    0.76598E+03
    0.27750E+37    0.76682E+03
    0.27750E+37    0.76682E+03
    0.27447E+37    0.76682E+03
    0.27447E+37    0.76682E+03
    0.27446E+37    0.76598E+03
    0.27443E+37    0.76430E+03
    0.27443E+37    0.76430E+03
    0.27292E+37    0.76430E+03
    0.27292E+37    0.76430E+03
    0.27290E+37    0.76346E+03
    0.27286E+37    0.76093E+03
    0.27286E+37    0.76093E+03
    0.27286E+37    0.76093E+03
    0.27286E+37    0.76093E+03
    0.27284E+37    0.76009E+03
    0.27283E+37    0.75925E+03
    0.27283E+37    0.75925E+03
    0.27290E+37    0.76346E+03
    0.27293E+37    0.76598E+03
    0.27293E+37    0.76598E+03
    0.27295E+37    0.76682E+03
    0.27295E+37    0.76682E+03
    0.27298E+37    0.76850E+03
    0.27303E+37    0.77103E+03
    0.27303E+37    0.77103E+03
    0.27304E+37    0.77187E+03
    0.27304E+37    0.77187E+03
    0.27307E+37    0.77355E+03
    0.27309E+37    0.77439E+03
    0.27309E+37    0.77439E+03
    0.27312E+37    0.77607E+03
    0.27312E+37    0.77607E+03
    0.27312E+37    0.77607E+03
    0.27313E+37    0.77776E+03
    0.27313E+37    0.77776E+03
    0.27164E+37    0.77860E+03
    0.27164E+37    0.77860E+03
    0.27165E+37    0.77944E+03
    0.27167E+37    0.78028E+03
    0.27167E+37    0.78028E+03
    0.27168E+37    0.78196E+03
    0.27168E+37    0.78196E+03
    0.27172E+37    0.78364E+03
    0.27172E+37    0.78364E+03
    0.27749E+37    0.76598E+03
    0.28055E+37    0.76766E+03
    0.28055E+37    0.76766E+03
    0.27754E+37    0.76850E+03
    0.27601E+37    0.76850E+03
    0.27601E+37    0.76850E+03
    0.27912E+37    0.77271E+03
    0.27912E+37    0.77271E+03
    0.27912E+37    0.77271E+03
    0.27907E+37    0.77019E+03
    0.27907E+37    0.77019E+03
    0.28060E+37    0.77019E+03
    0.28221E+37    0.77607E+03
    0.28221E+37    0.77607E+03
    0.28221E+37    0.77607E+03
    0.28214E+37    0.77187E+03
    0.28214E+37    0.77187E+03
    0.28215E+37    0.77271E+03
    0.28223E+37    0.77692E+03
    0.28223E+37    0.77692E+03
    0.28226E+37    0.77860E+03
    0.28226E+37    0.77860E+03
    0.28226E+37    0.77860E+03
    0.28226E+37    0.77860E+03
    0.27467E+37    0.77860E+03
    0.27467E+37    0.77860E+03
    0.27467E+37    0.77860E+03
    0.28074E+37    0.77860E+03
    0.28069E+37    0.77607E+03
    0.28069E+37    0.77607E+03
    0.28066E+37    0.77355E+03
    0.28066E+37    0.77355E+03
    0.27910E+37    0.77187E+03
    0.27910E+37    0.77187E+03
    0.27758E+37    0.77103E+03
    0.27766E+37    0.77607E+03
    0.27769E+37    0.77776E+03
    0.27769E+37    0.77776E+03
    0.27770E+37    0.77860E+03
    0.27770E+37    0.77860E+03
    0.27764E+37    0.77523E+03
    0.27763E+37    0.77439E+03
    0.27763E+37    0.77439E+03
    0.27760E+37    0.77271E+03
    0.27760E+37    0.77271E+03
    0.28523E+37    0.77523E+03
    0.28523E+37    0.77523E+03
    0.28523E+37    0.77523E+03
    0.28518E+37    0.77271E+03
    0.28518E+37    0.77271E+03
    0.28518E+37    0.77271E+03
    0.28524E+37    0.77607E+03
    0.28531E+37    0.77944E+03
    0.28531E+37    0.77944E+03
    0.28532E+37    0.78028E+03
    0.28532E+37    0.78028E+03
    0.28537E+37    0.78364E+03
    0.28540E+37    0.78533E+03
    0.28540E+37    0.78533E+03
    0.28543E+37    0.78701E+03
    0.28543E+37    0.78701E+03
    0.28544E+37    0.78785E+03
    0.28546E+37    0.78869E+03
    0.28546E+37    0.78869E+03
    0.28540E+37    0.78533E+03
    0.28540E+37    0.78533E+03
    0.28534E+37    0.78112E+03
    0.28524E+37    0.77607E+03
    0.28677E+37    0.77692E+03
    0.28677E+37    0.77692E+03
    0.28677E+37    0.77692E+03
    0.28672E+37    0.77355E+03
    0.28672E+37    0.77355E+03
    0.28672E+37    0.77355E+03
    0.28217E+37    0.77355E+03
    0.28072E+37    0.77776E+03
    0.28072E+37    0.77776E+03
    0.28075E+37    0.77944E+03
    0.28075E+37    0.77944E+03
    0.28078E+37    0.78112E+03
    0.28078E+37    0.78112E+03
    0.28083E+37    0.78364E+03
    0.28086E+37    0.78617E+03
    0.28086E+37    0.78617E+03
    0.27938E+37    0.78785E+03
    0.27938E+37    0.78785E+03
    0.27941E+37    0.78953E+03
    0.27782E+37    0.78617E+03
    0.27779E+37    0.78364E+03
    0.27779E+37    0.78364E+03
    0.27778E+37    0.78280E+03
    0.27778E+37    0.78280E+03
    0.27322E+37    0.78280E+03
    0.27170E+37    0.78280E+03
    0.27170E+37    0.78280E+03
    0.27170E+37    0.78280E+03
    0.27170E+37    0.78280E+03
    0.27173E+37    0.78449E+03
    0.27179E+37    0.78785E+03
    0.27182E+37    0.78953E+03
    0.27182E+37    0.78953E+03
    0.27786E+37    0.78785E+03
    0.28089E+37    0.78785E+03
    0.28089E+37    0.78785E+03
    0.28544E+37    0.78785E+03
    0.28544E+37    0.78785E+03
    0.29000E+37    0.78785E+03
    0.29000E+37    0.78785E+03
    0.29000E+37    0.78785E+03
    0.29148E+37    0.78617E+03
    0.29148E+37    0.78617E+03
    0.29143E+37    0.78280E+03
    0.29151E+37    0.78785E+03
    0.29154E+37    0.78953E+03
    0.29154E+37    0.78953E+03
    0.28703E+37    0.79206E+03
    0.28703E+37    0.79206E+03
    0.28704E+37    0.79290E+03
    0.29012E+37    0.79542E+03
    0.29011E+37    0.79458E+03
    0.29011E+37    0.79458E+03
    0.29006E+37    0.79206E+03
    0.29006E+37    0.79206E+03
    0.29003E+37    0.79037E+03
    0.28998E+37    0.78701E+03
    0.28998E+37    0.78701E+03
    0.28992E+37    0.78364E+03
    0.27929E+37    0.78280E+03
    0.27920E+37    0.77692E+03
    0.27915E+37    0.77439E+03
    0.27915E+37    0.77439E+03
    0.27914E+37    0.77355E+03
    0.27914E+37    0.77355E+03
    0.28270E+37    0.80551E+03
    0.28119E+37    0.80551E+03
    0.28119E+37    0.80551E+03
    0.28118E+37    0.80467E+03
    0.28270E+37    0.80467E+03
    0.29480E+37    0.80299E+03
    0.29486E+37    0.80636E+03
    0.29486E+37    0.80636E+03
    0.29489E+37    0.80804E+03
    0.29489E+37    0.80804E+03
    0.29492E+37    0.81056E+03
    0.29492E+37    0.81056E+03
    0.29498E+37    0.81393E+03
    0.29504E+37    0.81729E+03
    0.29504E+37    0.81729E+03
    0.29509E+37    0.81981E+03
    0.29509E+37    0.81981E+03
    0.29513E+37    0.82234E+03
    0.29513E+37    0.82234E+03
    0.29515E+37    0.82402E+03
    0.29515E+37    0.82402E+03
    0.29519E+37    0.82654E+03
    0.29526E+37    0.82991E+03
    0.29526E+37    0.82991E+03
    0.29529E+37    0.83159E+03
    0.29529E+37    0.83159E+03
    0.29367E+37    0.82570E+03
    0.29364E+37    0.82402E+03
    0.29364E+37    0.82402E+03
    0.29361E+37    0.82234E+03
    0.29361E+37    0.82234E+03
    0.29358E+37    0.82065E+03
    0.29356E+37    0.81981E+03
    0.29356E+37    0.81981E+03
    0.29349E+37    0.81477E+03
    0.29343E+37    0.81140E+03
    0.29343E+37    0.81140E+03
    0.29340E+37    0.80972E+03
    0.29340E+37    0.80972E+03
    0.29338E+37    0.80888E+03
    0.29338E+37    0.80888E+03
    0.29335E+37    0.80720E+03
    0.29332E+37    0.80551E+03
    0.29332E+37    0.80551E+03
    0.29332E+37    0.80551E+03
    0.29332E+37    0.80551E+03
    0.29329E+37    0.80383E+03
    0.29027E+37    0.80467E+03
    0.29030E+37    0.80636E+03
    0.29030E+37    0.80636E+03
    0.29033E+37    0.80804E+03
    0.29033E+37    0.80804E+03
    0.29183E+37    0.80636E+03
    0.29189E+37    0.81056E+03
    0.29189E+37    0.81056E+03
    0.29190E+37    0.81140E+03
    0.29190E+37    0.81140E+03
    0.29192E+37    0.81224E+03
    0.29192E+37    0.81224E+03
    0.29195E+37    0.81393E+03
    0.29198E+37    0.81561E+03
    0.29198E+37    0.81561E+03
    0.29201E+37    0.81729E+03
    0.29201E+37    0.81729E+03
    0.29204E+37    0.81897E+03
    0.29207E+37    0.82065E+03
    0.29207E+37    0.82065E+03
    0.29209E+37    0.82234E+03
    0.29209E+37    0.82234E+03
    0.29210E+37    0.82318E+03
    0.29212E+37    0.82402E+03
    0.29212E+37    0.82402E+03
    0.29213E+37    0.82486E+03
    0.29213E+37    0.82486E+03
    0.29056E+37    0.82150E+03
    0.29056E+37    0.82150E+03
    0.29056E+37    0.82150E+03
    0.29053E+37    0.81981E+03
    0.29053E+37    0.81981E+03
    0.29047E+37    0.81645E+03
    0.29044E+37    0.81477E+03
    0.29044E+37    0.81477E+03
    0.29043E+37    0.81308E+03
    0.29043E+37    0.81308E+03
    0.29039E+37    0.81140E+03
    0.29036E+37    0.80972E+03
    0.29036E+37    0.80972E+03
    0.29030E+37    0.80636E+03
    0.29635E+37    0.80467E+03
    0.29638E+37    0.80720E+03
    0.29638E+37    0.80720E+03
    0.29644E+37    0.81056E+03
    0.29644E+37    0.81056E+03
    0.29647E+37    0.81224E+03
    0.29647E+37    0.81224E+03
    0.29652E+37    0.81477E+03
    0.29652E+37    0.81477E+03
    0.29655E+37    0.81645E+03
    0.29661E+37    0.82065E+03
    0.29663E+37    0.82150E+03
    0.29663E+37    0.82150E+03
    0.29666E+37    0.82318E+03
    0.29666E+37    0.82318E+03
    0.29667E+37    0.82402E+03
    0.29669E+37    0.82486E+03
    0.29669E+37    0.82486E+03
    0.29672E+37    0.82654E+03
    0.29672E+37    0.82654E+03
    0.29676E+37    0.82991E+03
    0.29681E+37    0.83243E+03
    0.29681E+37    0.83243E+03
    0.29682E+37    0.83327E+03
    0.29682E+37    0.83327E+03
    0.29995E+37    0.83832E+03
    0.29993E+37    0.83748E+03
    0.29993E+37    0.83748E+03
    0.29987E+37    0.83411E+03
    0.29987E+37    0.83411E+03
    0.29981E+37    0.83075E+03
    0.29978E+37    0.82822E+03
    0.29978E+37    0.82822E+03
    0.29973E+37    0.82570E+03
    0.29973E+37    0.82570E+03
    0.29967E+37    0.82234E+03
    0.29967E+37    0.82234E+03
    0.29967E+37    0.82234E+03
    0.30274E+37    0.82402E+03
    0.30281E+37    0.82822E+03
    0.30281E+37    0.82822E+03
    0.30284E+37    0.82991E+03
    0.30284E+37    0.82991E+03
    0.30287E+37    0.83159E+03
    0.30287E+37    0.83159E+03
    0.30287E+37    0.83243E+03
    0.30432E+37    0.82822E+03
    0.30429E+37    0.82570E+03
    0.30429E+37    0.82570E+03
    0.30428E+37    0.82486E+03
    0.30428E+37    0.82486E+03
    0.30426E+37    0.82402E+03
    0.30424E+37    0.82318E+03
    0.30424E+37    0.82318E+03
    0.30423E+37    0.82234E+03
    0.30423E+37    0.82234E+03
    0.30431E+37    0.82738E+03
    0.30434E+37    0.82907E+03
    0.30434E+37    0.82907E+03
    0.30580E+37    0.82570E+03
    0.30580E+37    0.82570E+03
    0.30580E+37    0.82570E+03
    0.30577E+37    0.82402E+03
    0.29132E+37    0.86692E+03
    0.29436E+37    0.86692E+03
    0.29434E+37    0.86607E+03
    0.29434E+37    0.86607E+03
    0.29280E+37    0.86439E+03
    0.29280E+37    0.86439E+03
    0.29583E+37    0.86439E+03
    0.29583E+37    0.86439E+03
    0.29583E+37    0.86439E+03
    0.29580E+37    0.86271E+03
    0.29580E+37    0.86271E+03
    0.29579E+37    0.86187E+03
    0.29574E+37    0.85850E+03
    0.29574E+37    0.85850E+03
    0.29877E+37    0.85850E+03
    0.29877E+37    0.85850E+03
    0.30028E+37    0.85850E+03
    0.30025E+37    0.85682E+03
    0.30025E+37    0.85682E+03
    0.30024E+37    0.85598E+03
    0.30024E+37    0.85598E+03
    0.30182E+37    0.85935E+03
    0.30335E+37    0.86019E+03
    0.30335E+37    0.86019E+03
    0.30335E+37    0.86019E+03
    0.30332E+37    0.85850E+03
    0.30344E+37    0.86523E+03
    0.31253E+37    0.86523E+03
    0.31406E+37    0.86523E+03
    0.31557E+37    0.86523E+03
    0.31557E+37    0.86523E+03
    0.31700E+37    0.86019E+03
    0.31698E+37    0.85935E+03
    0.31084E+37    0.85514E+03
    0.30939E+37    0.85850E+03
    0.37298E+37    0.85093E+03
    0.37301E+37    0.85346E+03
    0.37301E+37    0.85346E+03
    0.37301E+37    0.85346E+03
    0.37301E+37    0.85346E+03
    0.37756E+37    0.85346E+03
    0.38056E+37    0.85178E+03
    0.38062E+37    0.85514E+03
    0.38059E+37    0.85346E+03
    0.37604E+37    0.85262E+03
    0.37299E+37    0.85262E+03
    0.37299E+37    0.85262E+03
    0.37904E+37    0.85093E+03
    0.34601E+37    0.87112E+03
    0.34602E+37    0.87196E+03
    0.34602E+37    0.87196E+03
    0.34605E+37    0.87364E+03
    0.34605E+37    0.87364E+03
    0.34608E+37    0.87533E+03
    0.34610E+37    0.87701E+03
    0.34610E+37    0.87701E+03
    0.34919E+37    0.88037E+03
    0.34912E+37    0.87533E+03
    0.34910E+37    0.87449E+03
    0.34907E+37    0.87280E+03
    0.34907E+37    0.87280E+03
    0.34907E+37    0.87280E+03
    0.34907E+37    0.87280E+03
    0.34907E+37    0.87280E+03
    0.34915E+37    0.87701E+03
    0.34915E+37    0.87701E+03
    0.34915E+37    0.87785E+03
    0.34915E+37    0.87785E+03
    0.34764E+37    0.87785E+03
    0.34759E+37    0.87533E+03
    0.34759E+37    0.87533E+03
    0.34758E+37    0.87449E+03
    0.34758E+37    0.87449E+03
    0.34755E+37    0.87280E+03
    0.34752E+37    0.87028E+03
    0.34752E+37    0.87028E+03
    0.35064E+37    0.87617E+03
    0.35062E+37    0.87533E+03
    0.35062E+37    0.87533E+03
    0.35061E+37    0.87449E+03
    0.35061E+37    0.87449E+03
    0.35061E+37    0.87449E+03
    0.35058E+37    0.87280E+03
    0.35058E+37    0.87280E+03
    0.35206E+37    0.87028E+03
    0.35207E+37    0.87112E+03
    0.35207E+37    0.87112E+03
    0.35213E+37    0.87449E+03
    0.35213E+37    0.87449E+03
    0.35215E+37    0.87533E+03
    0.35219E+37    0.87869E+03
    0.35219E+37    0.87869E+03
    0.35222E+37    0.88037E+03
    0.35222E+37    0.88037E+03
    0.35219E+37    0.87785E+03
    0.35216E+37    0.87617E+03
    0.35216E+37    0.87617E+03
    0.35526E+37    0.87953E+03
    0.35523E+37    0.87785E+03
    0.35523E+37    0.87785E+03
    0.35515E+37    0.87364E+03
    0.35515E+37    0.87364E+03
    0.35515E+37    0.87364E+03
    0.35512E+37    0.87196E+03
    0.35512E+37    0.87196E+03
    0.35510E+37    0.87112E+03
    0.35507E+37    0.86944E+03
    0.35658E+37    0.86860E+03
    0.35660E+37    0.86944E+03
    0.35660E+37    0.86944E+03
    0.35661E+37    0.87028E+03
    0.35661E+37    0.87028E+03
    0.35663E+37    0.87112E+03
    0.35669E+37    0.87449E+03
    0.35669E+37    0.87449E+03
    0.35673E+37    0.87785E+03
    0.35673E+37    0.87785E+03
    0.35679E+37    0.88121E+03
    0.35679E+37    0.88121E+03
    0.35684E+37    0.88374E+03
    0.35684E+37    0.88374E+03
    0.35687E+37    0.88542E+03
    0.35687E+37    0.88542E+03
    0.35690E+37    0.88794E+03
    0.35695E+37    0.89047E+03
    0.35695E+37    0.89047E+03
    0.35996E+37    0.88963E+03
    0.35987E+37    0.88374E+03
    0.35984E+37    0.88206E+03
    0.35984E+37    0.88206E+03
    0.35980E+37    0.87953E+03
    0.35980E+37    0.87953E+03
    0.35975E+37    0.87701E+03
    0.35972E+37    0.87449E+03
    0.35972E+37    0.87449E+03
    0.35970E+37    0.87364E+03
    0.35970E+37    0.87364E+03
    0.35966E+37    0.87112E+03
    0.35957E+37    0.86607E+03
    0.35957E+37    0.86607E+03
    0.35954E+37    0.86439E+03
    0.35954E+37    0.86439E+03
    0.36258E+37    0.86523E+03
    0.36266E+37    0.86944E+03
    0.36266E+37    0.86944E+03
    0.36268E+37    0.87028E+03
    0.36268E+37    0.87028E+03
    0.36272E+37    0.87280E+03
    0.36272E+37    0.87280E+03
    0.36278E+37    0.87617E+03
    0.36283E+37    0.87953E+03
    0.36283E+37    0.87953E+03
    0.36284E+37    0.88037E+03
    0.36284E+37    0.88037E+03
    0.36286E+37    0.88121E+03
    0.36289E+37    0.88290E+03
    0.36289E+37    0.88290E+03
    0.36298E+37    0.88794E+03
    0.36300E+37    0.88963E+03
    0.36300E+37    0.88963E+03
    0.36303E+37    0.89131E+03
    0.36303E+37    0.89131E+03
    0.36304E+37    0.89215E+03
    0.36304E+37    0.89215E+03
    0.36304E+37    0.89215E+03
    0.36460E+37    0.89383E+03
    0.36450E+37    0.88879E+03
    0.36447E+37    0.88710E+03
    0.36444E+37    0.88542E+03
    0.36444E+37    0.88542E+03
    0.36440E+37    0.88206E+03
    0.36440E+37    0.88206E+03
    0.36586E+37    0.87953E+03
    0.36586E+37    0.87953E+03
    0.36584E+37    0.87785E+03
    0.36584E+37    0.87785E+03
    0.36581E+37    0.87617E+03
    0.36578E+37    0.87449E+03
    0.36578E+37    0.87449E+03
    0.36574E+37    0.87196E+03
    0.36574E+37    0.87196E+03
    0.36426E+37    0.87449E+03
    0.36432E+37    0.87785E+03
    0.36432E+37    0.87785E+03
    0.36440E+37    0.88206E+03
    0.36440E+37    0.88206E+03
    0.36443E+37    0.88374E+03
    0.36443E+37    0.88374E+03
    0.36761E+37    0.89299E+03
    0.36758E+37    0.89131E+03
    0.36758E+37    0.89131E+03
    0.36755E+37    0.88963E+03
    0.36755E+37    0.88963E+03
    0.36752E+37    0.88794E+03
    0.36749E+37    0.88626E+03
    0.36749E+37    0.88626E+03
    0.36748E+37    0.88458E+03
    0.36748E+37    0.88458E+03
    0.36744E+37    0.88290E+03
    0.36743E+37    0.88206E+03
    0.36743E+37    0.88206E+03
    0.36891E+37    0.88037E+03
    0.36891E+37    0.88037E+03
    0.36888E+37    0.87785E+03
    0.36746E+37    0.88374E+03
    0.36741E+37    0.88121E+03
    0.36741E+37    0.88121E+03
    0.36740E+37    0.88037E+03
    0.36740E+37    0.88037E+03
    0.36737E+37    0.87869E+03
    0.36732E+37    0.87617E+03
    0.36732E+37    0.87617E+03
    0.36731E+37    0.87533E+03
    0.36731E+37    0.87533E+03
    0.36725E+37    0.87112E+03
    0.36723E+37    0.87028E+03
    0.36723E+37    0.87028E+03
    0.37026E+37    0.87028E+03
    0.37029E+37    0.87196E+03
    0.37029E+37    0.87196E+03
    0.37034E+37    0.87533E+03
    0.37034E+37    0.87533E+03
    0.37043E+37    0.88037E+03
    0.37048E+37    0.88290E+03
    0.37048E+37    0.88290E+03
    0.37049E+37    0.88374E+03
    0.37049E+37    0.88374E+03
    0.37052E+37    0.88542E+03
    0.37055E+37    0.88794E+03
    0.37055E+37    0.88794E+03
    0.37058E+37    0.88963E+03
    0.37058E+37    0.88963E+03
    0.36912E+37    0.89215E+03
    0.36914E+37    0.89383E+03
    0.36914E+37    0.89383E+03
    0.37217E+37    0.89299E+03
    0.37211E+37    0.88963E+03
    0.37211E+37    0.88963E+03
    0.37203E+37    0.88542E+03
    0.37203E+37    0.88542E+03
    0.37197E+37    0.88121E+03
    0.37197E+37    0.88121E+03
    0.37195E+37    0.88037E+03
    0.37195E+37    0.88037E+03
    0.37191E+37    0.87785E+03
    0.37191E+37    0.87785E+03
    0.37189E+37    0.87701E+03
    0.37185E+37    0.87449E+03
    0.37185E+37    0.87449E+03
    0.37822E+37    0.89215E+03
    0.37819E+37    0.89047E+03
    0.37819E+37    0.89047E+03
    0.37814E+37    0.88794E+03
    0.37814E+37    0.88794E+03
    0.37811E+37    0.88626E+03
    0.37808E+37    0.88374E+03
    0.37808E+37    0.88374E+03
    0.37805E+37    0.88206E+03
    0.37805E+37    0.88206E+03
    0.37799E+37    0.87869E+03
    0.37797E+37    0.87785E+03
    0.37797E+37    0.87785E+03
    0.37796E+37    0.87701E+03
    0.37796E+37    0.87701E+03
    0.37490E+37    0.87533E+03
    0.37488E+37    0.87449E+03
    0.37488E+37    0.87449E+03
    0.37490E+37    0.87533E+03
    0.37490E+37    0.87533E+03
    0.37499E+37    0.88037E+03
    0.37500E+37    0.88121E+03
    0.37500E+37    0.88121E+03
    0.37502E+37    0.88290E+03
    0.37502E+37    0.88290E+03
    0.37505E+37    0.88458E+03
    0.37508E+37    0.88626E+03
    0.37508E+37    0.88626E+03
    0.37514E+37    0.88963E+03
    0.37514E+37    0.88963E+03
    0.37517E+37    0.89131E+03
    0.37517E+37    0.89131E+03
    0.37518E+37    0.89215E+03
    0.37518E+37    0.89215E+03
    0.37520E+37    0.89299E+03
    0.37523E+37    0.89467E+03
    0.37523E+37    0.89467E+03
    0.37826E+37    0.89467E+03
    0.37820E+37    0.89131E+03
    0.37820E+37    0.89131E+03
    0.37819E+37    0.89047E+03
    0.37819E+37    0.89047E+03
    0.37817E+37    0.88963E+03
    0.37814E+37    0.88794E+03
    0.37814E+37    0.88794E+03
    0.37813E+37    0.88710E+03
    0.37813E+37    0.88710E+03
    0.37809E+37    0.88542E+03
    0.37808E+37    0.88458E+03
    0.37808E+37    0.88458E+03
    0.37806E+37    0.88290E+03
    0.37806E+37    0.88290E+03
    0.37803E+37    0.88121E+03
    0.37800E+37    0.87953E+03
    0.37800E+37    0.87953E+03
    0.37797E+37    0.87785E+03
    0.37797E+37    0.87785E+03
    0.37796E+37    0.87701E+03
    0.38094E+37    0.87449E+03
    0.38093E+37    0.87364E+03
    0.38093E+37    0.87364E+03
    0.38093E+37    0.87280E+03
    0.38093E+37    0.87280E+03
    0.38096E+37    0.87533E+03
    0.38102E+37    0.87869E+03
    0.38102E+37    0.87869E+03
    0.38108E+37    0.88206E+03
    0.38108E+37    0.88206E+03
    0.38111E+37    0.88374E+03
    0.38111E+37    0.88374E+03
    0.38113E+37    0.88458E+03
    0.38113E+37    0.88458E+03
    0.38114E+37    0.88542E+03
    0.38117E+37    0.88794E+03
    0.38117E+37    0.88794E+03
    0.38122E+37    0.89047E+03
    0.38122E+37    0.89047E+03
    0.38126E+37    0.89299E+03
    0.38126E+37    0.89299E+03
    0.38129E+37    0.89467E+03
    0.38129E+37    0.89467E+03
    0.38280E+37    0.89467E+03
    0.38274E+37    0.89047E+03
    0.38274E+37    0.89047E+03
    0.38271E+37    0.88879E+03
    0.38271E+37    0.88879E+03
    0.38268E+37    0.88710E+03
    0.38268E+37    0.88710E+03
    0.38265E+37    0.88542E+03
    0.38259E+37    0.88206E+03
    0.38259E+37    0.88206E+03
    0.38256E+37    0.87953E+03
    0.38256E+37    0.87953E+03
    0.38248E+37    0.87533E+03
    0.38248E+37    0.87533E+03
    0.38242E+37    0.87196E+03
    0.38242E+37    0.87196E+03
    0.38238E+37    0.86944E+03
    0.38238E+37    0.86944E+03
    0.38395E+37    0.87196E+03
    0.38399E+37    0.87449E+03
    0.38399E+37    0.87449E+03
    0.38556E+37    0.87785E+03
    0.38556E+37    0.87785E+03
    0.38562E+37    0.88121E+03
    0.38565E+37    0.88374E+03
    0.38565E+37    0.88374E+03
    0.38570E+37    0.88626E+03
    0.38570E+37    0.88626E+03
    0.38574E+37    0.88879E+03
    0.38574E+37    0.88879E+03
    0.38579E+37    0.89131E+03
    0.38579E+37    0.89131E+03
    0.38582E+37    0.89299E+03
    0.38582E+37    0.89383E+03
    0.38582E+37    0.89383E+03
    0.38431E+37    0.89383E+03
    0.38424E+37    0.88963E+03
    0.38424E+37    0.88963E+03
    0.38419E+37    0.88710E+03
    0.38419E+37    0.88710E+03
    0.38414E+37    0.88374E+03
    0.38414E+37    0.88374E+03
    0.38411E+37    0.88206E+03
    0.38411E+37    0.88206E+03
    0.38410E+37    0.88121E+03
    0.38410E+37    0.88121E+03
    0.38405E+37    0.87869E+03
    0.38401E+37    0.87617E+03
    0.38401E+37    0.87617E+03
    0.38398E+37    0.87364E+03
    0.38398E+37    0.87364E+03
    0.38393E+37    0.87112E+03
    0.38393E+37    0.87112E+03
    0.38562E+37    0.88121E+03
    0.38716E+37    0.88290E+03
    0.38716E+37    0.88290E+03
    0.38721E+37    0.88542E+03
    0.38721E+37    0.88542E+03
    0.38727E+37    0.88963E+03
    0.38733E+37    0.89299E+03
    0.38733E+37    0.89299E+03
    0.38737E+37    0.89551E+03
    0.38737E+37    0.89551E+03
    0.38885E+37    0.89299E+03
    0.38881E+37    0.89047E+03
    0.38881E+37    0.89047E+03
    0.38876E+37    0.88794E+03
    0.38876E+37    0.88794E+03
    0.38873E+37    0.88626E+03
    0.38873E+37    0.88626E+03
    0.38868E+37    0.88374E+03
    0.38868E+37    0.88290E+03
    0.38868E+37    0.88290E+03
    0.39025E+37    0.88626E+03
    0.39025E+37    0.88626E+03
    0.39025E+37    0.88626E+03
    0.39024E+37    0.88542E+03
    0.39024E+37    0.88542E+03
    0.39021E+37    0.88374E+03
    0.39324E+37    0.88374E+03
    0.39324E+37    0.88374E+03
    0.39478E+37    0.88458E+03
    0.39478E+37    0.88458E+03
    0.39478E+37    0.88458E+03
    0.39024E+37    0.88542E+03
    0.39178E+37    0.88710E+03
    0.39330E+37    0.88710E+03
    0.39324E+37    0.88374E+03
    0.39319E+37    0.88121E+03
    0.39476E+37    0.88374E+03
    0.39473E+37    0.88206E+03
    0.39473E+37    0.88206E+03
    0.39472E+37    0.88121E+03
    0.39472E+37    0.88121E+03
    0.38705E+37    0.87701E+03
    0.37371E+37    0.89467E+03
    0.37375E+37    0.89720E+03
    0.37375E+37    0.89720E+03
    0.37380E+37    0.90056E+03
    0.37380E+37    0.90056E+03
    0.37381E+37    0.90140E+03
    0.37381E+37    0.90140E+03
    0.37384E+37    0.90308E+03
    0.36930E+37    0.90308E+03
    0.36930E+37    0.90308E+03
    0.36930E+37    0.90308E+03
    0.36930E+37    0.90308E+03
    0.37089E+37    0.90729E+03
    0.37240E+37    0.90729E+03
    0.37224E+37    0.89804E+03
    0.37224E+37    0.89804E+03
    0.37224E+37    0.89804E+03
    0.37224E+37    0.89804E+03
    0.37224E+37    0.89804E+03
    0.36620E+37    0.89888E+03
    0.36621E+37    0.89972E+03
    0.36621E+37    0.89972E+03
    0.36470E+37    0.90056E+03
    0.36470E+37    0.90056E+03
    0.36319E+37    0.90056E+03
    0.36167E+37    0.90056E+03
    0.36167E+37    0.90056E+03
    0.36019E+37    0.90308E+03
    0.36019E+37    0.90308E+03
    0.36019E+37    0.90308E+03
    0.35565E+37    0.90308E+03
    0.35565E+37    0.90308E+03
    0.35565E+37    0.90308E+03
    0.35565E+37    0.90308E+03
    0.35559E+37    0.89972E+03
    0.35862E+37    0.89972E+03
    0.35862E+37    0.89972E+03
    0.35861E+37    0.89888E+03
    0.35861E+37    0.89888E+03
    0.35699E+37    0.89299E+03
    0.36165E+37    0.89972E+03
    0.36318E+37    0.89972E+03
    0.36318E+37    0.89972E+03
    0.36467E+37    0.89888E+03
    0.36467E+37    0.89888E+03
    0.36616E+37    0.89720E+03
    0.36920E+37    0.89720E+03
    0.36920E+37    0.89720E+03
    0.37375E+37    0.89720E+03
    0.37375E+37    0.89720E+03
    0.37828E+37    0.89636E+03
    0.38132E+37    0.89636E+03
    0.38132E+37    0.89636E+03
    0.38283E+37    0.89636E+03
    0.38283E+37    0.89636E+03
    0.38587E+37    0.89636E+03
    0.38739E+37    0.89636E+03
    0.38739E+37    0.89636E+03
    0.38890E+37    0.89636E+03
    0.38890E+37    0.89636E+03
    0.38888E+37    0.89467E+03
    0.38888E+37    0.89551E+03
    0.38434E+37    0.89551E+03
    0.38434E+37    0.89551E+03
    0.38434E+37    0.89551E+03
    0.38434E+37    0.89551E+03
    0.38131E+37    0.89551E+03
    0.37828E+37    0.89551E+03
    0.37828E+37    0.89551E+03
    0.37835E+37    0.90056E+03
    0.37834E+37    0.89972E+03
    0.37834E+37    0.89972E+03
    0.38136E+37    0.89888E+03
    0.38591E+37    0.89888E+03
    0.38597E+37    0.90224E+03
    0.38597E+37    0.90224E+03
    0.38600E+37    0.90393E+03
    0.38600E+37    0.90393E+03
    0.38603E+37    0.90561E+03
    0.38603E+37    0.90561E+03
    0.38605E+37    0.90729E+03
    0.38606E+37    0.90813E+03
    0.38606E+37    0.90813E+03
    0.38606E+37    0.90813E+03
    0.38606E+37    0.90813E+03
    0.39813E+37    0.90393E+03
    0.40424E+37    0.90645E+03
    0.39991E+37    0.91991E+03
    0.39086E+37    0.92243E+03
    0.39528E+37    0.91486E+03
    0.36947E+37    0.91318E+03
    0.36341E+37    0.91318E+03
    0.35879E+37    0.90981E+03
    0.36499E+37    0.91738E+03
    0.35757E+37    0.92748E+03
    0.37240E+37    0.90729E+03
    0.37238E+37    0.90561E+03
    0.37238E+37    0.90561E+03
    0.37234E+37    0.90308E+03
    0.37234E+37    0.90308E+03
    0.37227E+37    0.89972E+03
    0.37226E+37    0.89888E+03
    0.37226E+37    0.89888E+03
    0.37867E+37    0.82907E+03
    0.37867E+37    0.82907E+03
    0.37867E+37    0.82907E+03
    0.37872E+37    0.83243E+03
    0.37872E+37    0.83243E+03
    0.37875E+37    0.83411E+03
    0.37880E+37    0.83664E+03
    0.37880E+37    0.83664E+03
    0.37883E+37    0.83832E+03
    0.37883E+37    0.83832E+03
    0.37884E+37    0.83916E+03
    0.37887E+37    0.84084E+03
    0.37887E+37    0.84084E+03
    0.38036E+37    0.84000E+03
    0.38036E+37    0.84000E+03
    0.38036E+37    0.84000E+03
    0.38035E+37    0.83916E+03
    0.38035E+37    0.83916E+03
    0.38032E+37    0.83748E+03
    0.38032E+37    0.83664E+03
    0.38032E+37    0.83664E+03
    0.38027E+37    0.83411E+03
    0.38027E+37    0.83411E+03
    0.38023E+37    0.83159E+03
    0.38018E+37    0.82907E+03
    0.38018E+37    0.82907E+03
    0.38015E+37    0.82738E+03
    0.38015E+37    0.82738E+03
    0.37717E+37    0.82991E+03
    0.37717E+37    0.82991E+03
    0.37717E+37    0.82991E+03
    0.37720E+37    0.83159E+03
    0.37720E+37    0.83159E+03
    0.37259E+37    0.82907E+03
    0.37272E+37    0.83579E+03
    0.37272E+37    0.83579E+03
    0.37878E+37    0.83579E+03
    0.37878E+37    0.83579E+03
    0.37878E+37    0.83579E+03
    0.37878E+37    0.83579E+03
    0.38183E+37    0.83664E+03
    0.38181E+37    0.83579E+03
    0.38181E+37    0.83579E+03
    0.38174E+37    0.83075E+03
    0.38171E+37    0.82907E+03
    0.38171E+37    0.82907E+03
    0.38168E+37    0.82738E+03
    0.38168E+37    0.82738E+03
    0.38163E+37    0.82486E+03
    0.38321E+37    0.82907E+03
    0.38324E+37    0.83075E+03
    0.38324E+37    0.83075E+03
    0.38328E+37    0.83243E+03
    0.38328E+37    0.83243E+03
    0.38329E+37    0.83327E+03
    0.38332E+37    0.83495E+03
    0.38332E+37    0.83495E+03
    0.38332E+37    0.83495E+03
    0.38332E+37    0.83495E+03
    0.38335E+37    0.83664E+03
    0.38486E+37    0.83664E+03
    0.38486E+37    0.83664E+03
    0.38638E+37    0.83664E+03
    0.38638E+37    0.83664E+03
    0.39092E+37    0.83664E+03
    0.39246E+37    0.83748E+03
    0.39246E+37    0.83748E+03
    0.39399E+37    0.83748E+03
    0.39399E+37    0.83748E+03
    0.39702E+37    0.83748E+03
    0.39853E+37    0.83748E+03
    0.39853E+37    0.83748E+03
    0.40459E+37    0.83748E+03
    0.40459E+37    0.83748E+03
    0.40764E+37    0.83748E+03
    0.40915E+37    0.83748E+03
    0.40915E+37    0.83748E+03
    0.41067E+37    0.83748E+03
    0.41067E+37    0.83748E+03
    0.41370E+37    0.83748E+03
    0.41673E+37    0.83748E+03
    0.41673E+37    0.83748E+03
    0.41977E+37    0.83748E+03
    0.41977E+37    0.83748E+03
    0.42129E+37    0.83748E+03
    0.41216E+37    0.83664E+03
    0.41213E+37    0.83495E+03
    0.41213E+37    0.83495E+03
    0.41065E+37    0.83664E+03
    0.41065E+37    0.83664E+03
    0.41065E+37    0.83664E+03
    0.40154E+37    0.83664E+03
    0.40154E+37    0.83664E+03
    0.40154E+37    0.83664E+03
    0.39696E+37    0.83411E+03
    0.39696E+37    0.83411E+03
    0.39696E+37    0.83411E+03
    0.39703E+37    0.83832E+03
    0.39703E+37    0.83832E+03
    0.39693E+37    0.83243E+03
    0.39693E+37    0.83243E+03
    0.39700E+37    0.83664E+03
    0.39546E+37    0.83579E+03
    0.39546E+37    0.83579E+03
    0.39542E+37    0.83327E+03
    0.39542E+37    0.83327E+03
    0.39540E+37    0.83243E+03
    0.38931E+37    0.83075E+03
    0.38931E+37    0.83075E+03
    0.38779E+37    0.82991E+03
    0.38779E+37    0.82991E+03
    0.39082E+37    0.82991E+03
    0.38928E+37    0.82822E+03
    0.38928E+37    0.82822E+03
    0.38925E+37    0.82654E+03
    0.38935E+37    0.83327E+03
    0.38937E+37    0.83411E+03
    0.38937E+37    0.83411E+03
    0.38940E+37    0.83579E+03
    0.38940E+37    0.83579E+03
    0.38940E+37    0.83579E+03
    0.38940E+37    0.83579E+03
    0.38940E+37    0.83579E+03
    0.38328E+37    0.83243E+03
    0.38783E+37    0.83243E+03
    0.39086E+37    0.83243E+03
    0.39086E+37    0.83243E+03
    0.39540E+37    0.83243E+03
    0.39540E+37    0.83243E+03
    0.39542E+37    0.83327E+03
    0.39553E+37    0.83916E+03
    0.39553E+37    0.83916E+03
    0.39553E+37    0.83916E+03
    0.39553E+37    0.83916E+03
    0.39553E+37    0.83916E+03
    0.39557E+37    0.84168E+03
    0.39559E+37    0.84252E+03
    0.39559E+37    0.84252E+03
    0.40173E+37    0.84673E+03
    0.40173E+37    0.84673E+03
    0.40173E+37    0.84673E+03
    0.40176E+37    0.84925E+03
    0.40176E+37    0.84925E+03
    0.40176E+37    0.84925E+03
    0.40327E+37    0.84841E+03
    0.40327E+37    0.84841E+03
    0.40476E+37    0.84673E+03
    0.40473E+37    0.84505E+03
    0.40473E+37    0.84505E+03
    0.39729E+37    0.85430E+03
    0.39580E+37    0.85514E+03
    0.39580E+37    0.85514E+03
    0.39885E+37    0.85598E+03
    0.39127E+37    0.85682E+03
    0.38975E+37    0.85682E+03
    0.38975E+37    0.85682E+03
    0.39132E+37    0.85935E+03
    0.39132E+37    0.85935E+03
    0.38366E+37    0.85514E+03
    0.38364E+37    0.85430E+03
    0.38364E+37    0.85430E+03
    0.38360E+37    0.85178E+03
    0.38360E+37    0.85178E+03
    0.38064E+37    0.85598E+03
    0.42933E+37    0.86523E+03
    0.42173E+37    0.86439E+03
    0.42190E+37    0.87449E+03
    0.43397E+37    0.87028E+03
    0.43403E+37    0.87364E+03
    0.43403E+37    0.87364E+03
    0.43406E+37    0.87533E+03
    0.43406E+37    0.87533E+03
    0.43410E+37    0.87785E+03
    0.43410E+37    0.87785E+03
    0.43413E+37    0.88037E+03
    0.43563E+37    0.87869E+03
    0.43560E+37    0.87701E+03
    0.43560E+37    0.87701E+03
    0.43558E+37    0.87617E+03
    0.43558E+37    0.87617E+03
    0.43855E+37    0.87196E+03
    0.43852E+37    0.87028E+03
    0.43852E+37    0.87028E+03
    0.43852E+37    0.87028E+03
    0.43852E+37    0.87028E+03
    0.43700E+37    0.87028E+03
    0.43701E+37    0.87112E+03
    0.44157E+37    0.87112E+03
    0.44460E+37    0.87112E+03
    0.44460E+37    0.87112E+03
    0.44763E+37    0.87112E+03
    0.44763E+37    0.87112E+03
    0.45219E+37    0.87112E+03
    0.45674E+37    0.87112E+03
    0.45674E+37    0.87112E+03
    0.45978E+37    0.87112E+03
    0.45978E+37    0.87112E+03
    0.46128E+37    0.87112E+03
    0.45671E+37    0.86944E+03
    0.45519E+37    0.86944E+03
    0.45519E+37    0.86944E+03
    0.45063E+37    0.86944E+03
    0.45063E+37    0.86944E+03
    0.44609E+37    0.86944E+03
    0.44609E+37    0.86944E+03
    0.44609E+37    0.86944E+03
    0.44763E+37    0.87112E+03
    0.44769E+37    0.87449E+03
    0.44769E+37    0.87449E+03
    0.44769E+37    0.87449E+03
    0.44769E+37    0.87449E+03
    0.44771E+37    0.87533E+03
    0.44772E+37    0.87617E+03
    0.44772E+37    0.87617E+03
    0.44469E+37    0.87617E+03
    0.44468E+37    0.87533E+03
    0.44468E+37    0.87533E+03
    0.44466E+37    0.87449E+03
    0.44466E+37    0.87449E+03
    0.44463E+37    0.87280E+03
    0.44460E+37    0.87112E+03
    0.44460E+37    0.87112E+03
    0.45067E+37    0.87112E+03
    0.45067E+37    0.87112E+03
    0.45070E+37    0.87280E+03
    0.45074E+37    0.87533E+03
    0.45074E+37    0.87533E+03
    0.45074E+37    0.87533E+03
    0.45074E+37    0.87533E+03
    0.45076E+37    0.87617E+03
    0.45077E+37    0.87701E+03
    0.45228E+37    0.87701E+03
    0.45226E+37    0.87617E+03
    0.45226E+37    0.87617E+03
    0.45223E+37    0.87364E+03
    0.45223E+37    0.87364E+03
    0.45220E+37    0.87196E+03
    0.45371E+37    0.87196E+03
    0.45371E+37    0.87196E+03
    0.45524E+37    0.87196E+03
    0.45524E+37    0.87196E+03
    0.45827E+37    0.87196E+03
    0.46130E+37    0.87196E+03
    0.46130E+37    0.87196E+03
    0.46433E+37    0.87196E+03
    0.46433E+37    0.87196E+03
    0.46281E+37    0.87112E+03
    0.46127E+37    0.87028E+03
    0.46124E+37    0.86860E+03
    0.45688E+37    0.87953E+03
    0.45690E+37    0.88037E+03
    0.45690E+37    0.88037E+03
    0.45693E+37    0.88206E+03
    0.45693E+37    0.88206E+03
    0.45699E+37    0.88626E+03
    0.44325E+37    0.88037E+03
    0.44021E+37    0.88037E+03
    0.44021E+37    0.88037E+03
    0.43869E+37    0.88037E+03
    0.43869E+37    0.88037E+03
    0.43880E+37    0.88626E+03
    0.44181E+37    0.88542E+03
    0.44174E+37    0.88121E+03
    0.45079E+37    0.87785E+03
    0.45088E+37    0.88374E+03
    0.45089E+37    0.88458E+03
    0.45089E+37    0.88458E+03
    0.45085E+37    0.88206E+03
    0.45085E+37    0.88206E+03
    0.43820E+37    0.85093E+03
    0.43819E+37    0.85009E+03
    0.44273E+37    0.85009E+03
    0.44273E+37    0.85009E+03
    0.44273E+37    0.85009E+03
    0.44273E+37    0.85009E+03
    0.44879E+37    0.84925E+03
    0.45182E+37    0.84925E+03
    0.45182E+37    0.84925E+03
    0.45484E+37    0.84841E+03
    0.45484E+37    0.84841E+03
    0.45635E+37    0.84841E+03
    0.45787E+37    0.84841E+03
    0.45787E+37    0.84841E+03
    0.46394E+37    0.84841E+03
    0.46394E+37    0.84841E+03
    0.46848E+37    0.84757E+03
    0.46848E+37    0.84757E+03
    0.46848E+37    0.84757E+03
    0.47000E+37    0.84757E+03
    0.47000E+37    0.84757E+03
    0.44417E+37    0.84589E+03
    0.44417E+37    0.84589E+03
    0.44417E+37    0.84589E+03
    0.44424E+37    0.84925E+03
    0.44424E+37    0.84925E+03
    0.44427E+37    0.85093E+03
    0.44431E+37    0.85346E+03
    0.44431E+37    0.85346E+03
    0.44434E+37    0.85598E+03
    0.44434E+37    0.85598E+03
    0.44888E+37    0.85514E+03
    0.44885E+37    0.85346E+03
    0.44885E+37    0.85346E+03
    0.44882E+37    0.85178E+03
    0.44882E+37    0.85178E+03
    0.44881E+37    0.85009E+03
    0.44879E+37    0.84925E+03
    0.44879E+37    0.84925E+03
    0.45027E+37    0.84757E+03
    0.45027E+37    0.84757E+03
    0.45025E+37    0.84673E+03
    0.45024E+37    0.84505E+03
    0.45024E+37    0.84505E+03
    0.45021E+37    0.84336E+03
    0.45021E+37    0.84336E+03
    0.44867E+37    0.84252E+03
    0.44867E+37    0.84252E+03
    0.44867E+37    0.84252E+03
    0.44870E+37    0.84421E+03
    0.44870E+37    0.84421E+03
    0.44871E+37    0.84505E+03
    0.44576E+37    0.85009E+03
    0.44576E+37    0.85009E+03
    0.44576E+37    0.85009E+03
    0.44881E+37    0.85009E+03
    0.44873E+37    0.84589E+03
    0.44873E+37    0.84589E+03
    0.44570E+37    0.84589E+03
    0.44570E+37    0.84589E+03
    0.44417E+37    0.84589E+03
    0.44414E+37    0.84421E+03
    0.44414E+37    0.84421E+03
    0.45326E+37    0.84421E+03
    0.45329E+37    0.84673E+03
    0.45330E+37    0.84757E+03
    0.45330E+37    0.84757E+03
    0.45336E+37    0.85093E+03
    0.45336E+37    0.85093E+03
    0.45341E+37    0.85346E+03
    0.45342E+37    0.85430E+03
    0.45342E+37    0.85430E+03
    0.45493E+37    0.85430E+03
    0.45490E+37    0.85178E+03
    0.45490E+37    0.85178E+03
    0.45487E+37    0.85009E+03
    0.45487E+37    0.85009E+03
    0.45486E+37    0.84925E+03
    0.45481E+37    0.84673E+03
    0.45481E+37    0.84673E+03
    0.45481E+37    0.84673E+03
    0.45481E+37    0.84673E+03
    0.45478E+37    0.84505E+03
    0.45175E+37    0.84505E+03
    0.45175E+37    0.84505E+03
    0.45175E+37    0.84505E+03
    0.45176E+37    0.84589E+03
    0.45176E+37    0.84589E+03
    0.45178E+37    0.84673E+03
    0.45181E+37    0.84841E+03
    0.45182E+37    0.84925E+03
    0.45182E+37    0.84925E+03
    0.45798E+37    0.85430E+03
    0.45798E+37    0.85430E+03
    0.45798E+37    0.85430E+03
    0.45798E+37    0.85430E+03
    0.45798E+37    0.85430E+03
    0.45793E+37    0.85178E+03
    0.45789E+37    0.84925E+03
    0.45789E+37    0.84925E+03
    0.45784E+37    0.84673E+03
    0.45784E+37    0.84673E+03
    0.45784E+37    0.84673E+03
    0.45784E+37    0.84673E+03
    0.45778E+37    0.84252E+03
    0.45775E+37    0.84084E+03
    0.45775E+37    0.84084E+03
    0.46078E+37    0.84084E+03
    0.46081E+37    0.84252E+03
    0.46081E+37    0.84252E+03
    0.46086E+37    0.84589E+03
    0.46087E+37    0.84673E+03
    0.46087E+37    0.84673E+03
    0.46087E+37    0.84673E+03
    0.46087E+37    0.84673E+03
    0.46090E+37    0.84841E+03
    0.46092E+37    0.84925E+03
    0.46092E+37    0.84925E+03
    0.46095E+37    0.85093E+03
    0.46095E+37    0.85093E+03
    0.46098E+37    0.85262E+03
    0.46100E+37    0.85346E+03
    0.46100E+37    0.85346E+03
    0.46101E+37    0.85430E+03
    0.46101E+37    0.85430E+03
    0.46104E+37    0.85598E+03
    0.45941E+37    0.85009E+03
    0.45941E+37    0.85009E+03
    0.45941E+37    0.85009E+03
    0.45941E+37    0.84925E+03
    0.45941E+37    0.84925E+03
    0.45935E+37    0.84589E+03
    0.45930E+37    0.84336E+03
    0.45930E+37    0.84336E+03
    0.45927E+37    0.84168E+03
    0.45927E+37    0.84168E+03
    0.46386E+37    0.84336E+03
    0.46389E+37    0.84589E+03
    0.46389E+37    0.84589E+03
    0.46391E+37    0.84673E+03
    0.46391E+37    0.84673E+03
    0.46394E+37    0.84841E+03
    0.46397E+37    0.85009E+03
    0.46397E+37    0.85009E+03
    0.46398E+37    0.85093E+03
    0.46398E+37    0.85093E+03
    0.46552E+37    0.85178E+03
    0.46552E+37    0.85262E+03
    0.46552E+37    0.85262E+03
    0.46552E+37    0.85262E+03
    0.46547E+37    0.84925E+03
    0.46547E+37    0.84925E+03
    0.46546E+37    0.84841E+03
    0.46540E+37    0.84505E+03
    0.46540E+37    0.84505E+03
    0.46538E+37    0.84421E+03
    0.46538E+37    0.84421E+03
    0.46538E+37    0.84421E+03
    0.46694E+37    0.84589E+03
    0.46695E+37    0.84757E+03
    0.46695E+37    0.84757E+03
    0.46695E+37    0.84757E+03
    0.46695E+37    0.84757E+03
    0.47000E+37    0.84841E+03
    0.47000E+37    0.84841E+03
    0.47000E+37    0.84841E+03
