    0.60306E+37    0.76178E+03
    0.58999E+37    0.76346E+03
    0.60972E+37    0.76346E+03
    0.59674E+37    0.76514E+03
    0.59687E+37    0.76682E+03
    0.59687E+37    0.76682E+03
    0.59691E+37    0.76766E+03
    0.59691E+37    0.76766E+03
    0.59700E+37    0.76935E+03
    0.59713E+37    0.77103E+03
    0.59713E+37    0.77103E+03
    0.59726E+37    0.77271E+03
    0.59726E+37    0.77271E+03
    0.59730E+37    0.77355E+03
    0.59739E+37    0.77439E+03
    0.59739E+37    0.77439E+03
    0.59752E+37    0.77607E+03
    0.59752E+37    0.77607E+03
    0.59756E+37    0.77692E+03
    0.59769E+37    0.77860E+03
    0.59769E+37    0.77860E+03
    0.59782E+37    0.78028E+03
    0.59782E+37    0.78028E+03
    0.59782E+37    0.78028E+03
    0.59782E+37    0.78112E+03
    0.58445E+37    0.77692E+03
    0.58441E+37    0.77607E+03
    0.58419E+37    0.77355E+03
    0.58406E+37    0.77187E+03
    0.58406E+37    0.77187E+03
    0.59038E+37    0.76850E+03
    0.59700E+37    0.76850E+03
    0.59700E+37    0.76850E+03
    0.59700E+37    0.76850E+03
    0.59717E+37    0.77187E+03
    0.59717E+37    0.77187E+03
    0.59726E+37    0.77271E+03
    0.59730E+37    0.77355E+03
    0.59730E+37    0.77355E+03
    0.59743E+37    0.77523E+03
    0.59743E+37    0.77523E+03
    0.59743E+37    0.77523E+03
    0.59752E+37    0.77607E+03
    0.59752E+37    0.77607E+03
    0.60444E+37    0.78112E+03
    0.60435E+37    0.78028E+03
    0.60435E+37    0.78028E+03
    0.60418E+37    0.77776E+03
    0.60418E+37    0.77776E+03
    0.60410E+37    0.77692E+03
    0.60397E+37    0.77439E+03
    0.60397E+37    0.77439E+03
    0.60397E+37    0.77439E+03
    0.60397E+37    0.77439E+03
    0.60392E+37    0.77355E+03
    0.60384E+37    0.77271E+03
    0.60384E+37    0.77271E+03
    0.60371E+37    0.77103E+03
    0.60371E+37    0.77103E+03
    0.60371E+37    0.77103E+03
    0.60366E+37    0.77019E+03
    0.60366E+37    0.77019E+03
    0.60349E+37    0.76850E+03
    0.60349E+37    0.76850E+03
    0.61011E+37    0.76850E+03
    0.61011E+37    0.76850E+03
    0.61011E+37    0.76850E+03
    0.61024E+37    0.77103E+03
    0.61024E+37    0.77103E+03
    0.61037E+37    0.77271E+03
    0.61041E+37    0.77355E+03
    0.61041E+37    0.77355E+03
    0.61054E+37    0.77523E+03
    0.61054E+37    0.77523E+03
    0.61063E+37    0.77607E+03
    0.61076E+37    0.77776E+03
    0.61076E+37    0.77776E+03
    0.61084E+37    0.77860E+03
    0.61084E+37    0.77860E+03
    0.61097E+37    0.78028E+03
    0.61097E+37    0.78028E+03
    0.61097E+37    0.78028E+03
    0.61102E+37    0.78112E+03
    0.61110E+37    0.78196E+03
    0.61110E+37    0.78196E+03
    0.61110E+37    0.78280E+03
    0.61110E+37    0.78280E+03
    0.61115E+37    0.78364E+03
    0.61123E+37    0.78449E+03
    0.61123E+37    0.78449E+03
    0.61128E+37    0.78533E+03
    0.61128E+37    0.78533E+03
    0.61746E+37    0.78028E+03
    0.61733E+37    0.77860E+03
    0.61716E+37    0.77523E+03
    0.61703E+37    0.77355E+03
    0.61703E+37    0.77355E+03
    0.61694E+37    0.77271E+03
    0.61694E+37    0.77271E+03
    0.61694E+37    0.77271E+03
    0.61694E+37    0.77271E+03
    0.61694E+37    0.77271E+03
    0.61681E+37    0.77103E+03
    0.61681E+37    0.77103E+03
    0.61677E+37    0.77019E+03
    0.61669E+37    0.76935E+03
    0.61669E+37    0.76935E+03
    0.61669E+37    0.76935E+03
    0.61669E+37    0.76935E+03
    0.61656E+37    0.76766E+03
    0.61656E+37    0.76766E+03
    0.61656E+37    0.76766E+03
    0.61651E+37    0.76682E+03
    0.61651E+37    0.76682E+03
    0.62330E+37    0.76935E+03
    0.62335E+37    0.77019E+03
    0.62343E+37    0.77103E+03
    0.62343E+37    0.77103E+03
    0.62335E+37    0.77019E+03
    0.63771E+37    0.78785E+03
    0.62460E+37    0.78785E+03
    0.63771E+37    0.78785E+03
    0.63118E+37    0.78785E+03
    0.63131E+37    0.78953E+03
    0.63131E+37    0.78953E+03
    0.63139E+37    0.79037E+03
    0.63139E+37    0.79037E+03
    0.63144E+37    0.79206E+03
    0.63152E+37    0.79290E+03
    0.63152E+37    0.79290E+03
    0.63161E+37    0.79374E+03
    0.63092E+37    0.78449E+03
    0.63105E+37    0.78617E+03
    0.66081E+37    0.74411E+03
    0.66081E+37    0.74411E+03
    0.66081E+37    0.74411E+03
    0.66107E+37    0.74748E+03
    0.66107E+37    0.74748E+03
    0.66125E+37    0.75000E+03
    0.66138E+37    0.75168E+03
    0.66138E+37    0.75168E+03
    0.66138E+37    0.75252E+03
    0.66138E+37    0.75252E+03
    0.66159E+37    0.75505E+03
    0.65467E+37    0.75000E+03
    0.65454E+37    0.74832E+03
    0.65454E+37    0.74832E+03
    0.65441E+37    0.74664E+03
    0.65441E+37    0.74664E+03
    0.65432E+37    0.74579E+03
    0.64792E+37    0.74748E+03
    0.66765E+37    0.74832E+03
    0.66752E+37    0.74664E+03
    0.66765E+37    0.74832E+03
    0.66791E+37    0.75168E+03
    0.66791E+37    0.75168E+03
    0.66804E+37    0.75336E+03
    0.66804E+37    0.75336E+03
    0.66813E+37    0.75421E+03
    0.66813E+37    0.75421E+03
    0.66839E+37    0.75757E+03
    0.66843E+37    0.75925E+03
    0.66843E+37    0.75925E+03
    0.66865E+37    0.76178E+03
    0.66865E+37    0.76178E+03
    0.66869E+37    0.76262E+03
    0.66882E+37    0.76430E+03
    0.66882E+37    0.76430E+03
    0.66895E+37    0.76598E+03
    0.66895E+37    0.76598E+03
    0.66903E+37    0.76682E+03
    0.66925E+37    0.76935E+03
    0.66925E+37    0.76935E+03
    0.66929E+37    0.77019E+03
    0.66929E+37    0.77019E+03
    0.66246E+37    0.76682E+03
    0.66220E+37    0.76262E+03
    0.66220E+37    0.76262E+03
    0.66203E+37    0.76093E+03
    0.66203E+37    0.76093E+03
    0.66190E+37    0.75925E+03
    0.66190E+37    0.75925E+03
    0.66185E+37    0.75841E+03
    0.65541E+37    0.76009E+03
    0.65558E+37    0.76262E+03
    0.65558E+37    0.76262E+03
    0.65567E+37    0.76346E+03
    0.65567E+37    0.76346E+03
    0.65571E+37    0.76430E+03
    0.67600E+37    0.77271E+03
    0.67574E+37    0.76935E+03
    0.67574E+37    0.76935E+03
    0.67557E+37    0.76682E+03
    0.67557E+37    0.76682E+03
    0.67535E+37    0.76346E+03
    0.67535E+37    0.76346E+03
    0.67509E+37    0.76009E+03
    0.67509E+37    0.76009E+03
    0.67470E+37    0.75505E+03
    0.67457E+37    0.75336E+03
    0.67457E+37    0.75336E+03
    0.67457E+37    0.75336E+03
    0.67457E+37    0.75336E+03
    0.68111E+37    0.75252E+03
    0.68111E+37    0.75252E+03
    0.68111E+37    0.75252E+03
    0.68136E+37    0.75589E+03
    0.68136E+37    0.75589E+03
    0.68149E+37    0.75757E+03
    0.68162E+37    0.76009E+03
    0.68162E+37    0.76009E+03
    0.68175E+37    0.76178E+03
    0.68175E+37    0.76178E+03
    0.68184E+37    0.76262E+03
    0.69482E+37    0.76009E+03
    0.69469E+37    0.75841E+03
    0.69469E+37    0.75841E+03
    0.69456E+37    0.75673E+03
    0.69456E+37    0.75673E+03
    0.68790E+37    0.75589E+03
    0.68781E+37    0.75505E+03
    0.68781E+37    0.75505E+03
    0.68781E+37    0.75505E+03
    0.68781E+37    0.75505E+03
    0.68816E+37    0.75925E+03
    0.68842E+37    0.76262E+03
    0.68842E+37    0.76262E+03
    0.68846E+37    0.76346E+03
    0.68846E+37    0.76346E+03
    0.68889E+37    0.76935E+03
    0.68902E+37    0.77103E+03
    0.68902E+37    0.77103E+03
    0.68907E+37    0.77187E+03
    0.68907E+37    0.77187E+03
    0.68915E+37    0.77271E+03
    0.68920E+37    0.77355E+03
    0.68920E+37    0.77355E+03
    0.68933E+37    0.77523E+03
    0.68933E+37    0.77523E+03
    0.68946E+37    0.77692E+03
    0.68958E+37    0.77860E+03
    0.68958E+37    0.77860E+03
    0.68971E+37    0.78112E+03
    0.68971E+37    0.78112E+03
    0.68984E+37    0.78280E+03
    0.68993E+37    0.78364E+03
    0.68993E+37    0.78364E+03
    0.68353E+37    0.78617E+03
    0.68353E+37    0.78617E+03
    0.68253E+37    0.77271E+03
    0.68266E+37    0.77439E+03
    0.68266E+37    0.77439E+03
    0.68288E+37    0.77692E+03
    0.68288E+37    0.77692E+03
    0.68292E+37    0.77776E+03
    0.68305E+37    0.77944E+03
    0.68305E+37    0.77944E+03
    0.68327E+37    0.78196E+03
    0.68327E+37    0.78196E+03
    0.68335E+37    0.78280E+03
    0.68340E+37    0.78364E+03
    0.68340E+37    0.78364E+03
    0.68348E+37    0.78533E+03
    0.68348E+37    0.78533E+03
    0.68353E+37    0.78617E+03
    0.68366E+37    0.78785E+03
    0.68366E+37    0.78785E+03
    0.68400E+37    0.79206E+03
    0.68400E+37    0.79206E+03
    0.68426E+37    0.79626E+03
    0.68426E+37    0.79626E+03
    0.68452E+37    0.79963E+03
    0.68452E+37    0.79963E+03
    0.68478E+37    0.80299E+03
    0.68478E+37    0.80299E+03
    0.68478E+37    0.80299E+03
    0.68478E+37    0.80299E+03
    0.68487E+37    0.80383E+03
    0.67795E+37    0.79879E+03
    0.67769E+37    0.79542E+03
    0.67769E+37    0.79542E+03
    0.67734E+37    0.79121E+03
    0.67734E+37    0.79121E+03
    0.67712E+37    0.78785E+03
    0.67712E+37    0.78785E+03
    0.67695E+37    0.78533E+03
    0.67695E+37    0.78533E+03
    0.67016E+37    0.78196E+03
    0.67007E+37    0.78112E+03
    0.67007E+37    0.78112E+03
    0.67003E+37    0.78028E+03
    0.67003E+37    0.78028E+03
    0.66994E+37    0.77944E+03
    0.66990E+37    0.77860E+03
    0.66990E+37    0.77860E+03
    0.66328E+37    0.77860E+03
    0.66354E+37    0.78196E+03
    0.66354E+37    0.78196E+03
    0.66376E+37    0.78449E+03
    0.66376E+37    0.78449E+03
    0.66402E+37    0.78869E+03
    0.66402E+37    0.78869E+03
    0.66415E+37    0.79037E+03
    0.66415E+37    0.79037E+03
    0.66436E+37    0.79290E+03
    0.66436E+37    0.79290E+03
    0.69620E+37    0.77944E+03
    0.69633E+37    0.78112E+03
    0.69633E+37    0.78112E+03
    0.69651E+37    0.78364E+03
    0.69651E+37    0.78364E+03
    0.69664E+37    0.78617E+03
    0.69677E+37    0.78785E+03
    0.69677E+37    0.78785E+03
    0.69690E+37    0.78953E+03
    0.69690E+37    0.78953E+03
    0.69703E+37    0.79121E+03
    0.69720E+37    0.79290E+03
    0.69720E+37    0.79290E+03
    0.69733E+37    0.79458E+03
    0.69733E+37    0.79458E+03
    0.69746E+37    0.79626E+03
    0.69750E+37    0.79794E+03
    0.69750E+37    0.79794E+03
    0.69772E+37    0.80047E+03
    0.69772E+37    0.80047E+03
    0.69776E+37    0.80131E+03
    0.69789E+37    0.80299E+03
    0.69789E+37    0.80299E+03
    0.69802E+37    0.80467E+03
    0.69802E+37    0.80467E+03
    0.69157E+37    0.80636E+03
    0.69166E+37    0.80720E+03
    0.69166E+37    0.80720E+03
    0.69802E+37    0.80467E+03
    0.69811E+37    0.80551E+03
    0.69811E+37    0.80551E+03
    0.69824E+37    0.80720E+03
    0.69824E+37    0.80720E+03
    0.69828E+37    0.80804E+03
    0.69850E+37    0.81140E+03
    0.69850E+37    0.81140E+03
    0.69876E+37    0.81477E+03
    0.69876E+37    0.81477E+03
    0.69876E+37    0.81477E+03
    0.69876E+37    0.81477E+03
    0.69876E+37    0.81477E+03
    0.69876E+37    0.81477E+03
    0.69876E+37    0.81477E+03
    0.69876E+37    0.81477E+03
    0.69876E+37    0.81477E+03
    0.69876E+37    0.81477E+03
    0.69876E+37    0.81477E+03
    0.69876E+37    0.81477E+03
    0.70581E+37    0.82150E+03
    0.70603E+37    0.82402E+03
    0.70603E+37    0.82402E+03
    0.70607E+37    0.82486E+03
    0.70607E+37    0.82486E+03
    0.70615E+37    0.82570E+03
    0.69975E+37    0.82822E+03
    0.69975E+37    0.82822E+03
    0.72584E+37    0.82654E+03
    0.71931E+37    0.82654E+03
    0.71931E+37    0.82654E+03
    0.71273E+37    0.82654E+03
    0.71273E+37    0.82654E+03
    0.71260E+37    0.82486E+03
    0.71260E+37    0.82486E+03
    0.71260E+37    0.82486E+03
    0.73250E+37    0.82738E+03
    0.73250E+37    0.82738E+03
    0.73220E+37    0.82318E+03
    0.73190E+37    0.81981E+03
    0.73190E+37    0.81981E+03
    0.73185E+37    0.81813E+03
    0.73185E+37    0.81813E+03
    0.73172E+37    0.81645E+03
    0.73172E+37    0.81645E+03
    0.73159E+37    0.81477E+03
    0.73146E+37    0.81308E+03
    0.73146E+37    0.81308E+03
    0.73133E+37    0.81140E+03
    0.73133E+37    0.81140E+03
    0.73125E+37    0.81056E+03
    0.73120E+37    0.80972E+03
    0.73120E+37    0.80972E+03
    0.73108E+37    0.80804E+03
    0.73108E+37    0.80804E+03
    0.73099E+37    0.80720E+03
    0.72433E+37    0.80551E+03
    0.71827E+37    0.81224E+03
    0.71853E+37    0.81561E+03
    0.71853E+37    0.81561E+03
    0.71874E+37    0.81897E+03
    0.71874E+37    0.81897E+03
    0.71853E+37    0.81561E+03
    0.71853E+37    0.81561E+03
    0.71836E+37    0.81308E+03
    0.71823E+37    0.81140E+03
    0.71823E+37    0.81140E+03
    0.71788E+37    0.80720E+03
    0.71788E+37    0.80720E+03
    0.71779E+37    0.80551E+03
    0.71779E+37    0.80551E+03
    0.71779E+37    0.80551E+03
    0.71779E+37    0.80551E+03
    0.71810E+37    0.80972E+03
    0.71853E+37    0.81561E+03
    0.71866E+37    0.81813E+03
    0.71866E+37    0.81813E+03
    0.71862E+37    0.81645E+03
    0.71862E+37    0.81645E+03
    0.71840E+37    0.81393E+03
    0.71792E+37    0.80804E+03
    0.71788E+37    0.80720E+03
    0.71788E+37    0.80720E+03
    0.71135E+37    0.80720E+03
    0.71169E+37    0.81224E+03
    0.71169E+37    0.81224E+03
    0.71195E+37    0.81561E+03
    0.71195E+37    0.81561E+03
    0.71221E+37    0.81897E+03
    0.71221E+37    0.81897E+03
    0.71234E+37    0.82065E+03
    0.71234E+37    0.82065E+03
    0.71256E+37    0.82402E+03
    0.71256E+37    0.82402E+03
    0.71269E+37    0.82570E+03
    0.71269E+37    0.82570E+03
    0.72368E+37    0.79626E+03
    0.72368E+37    0.79626E+03
    0.72368E+37    0.79626E+03
    0.72355E+37    0.79458E+03
    0.72355E+37    0.79458E+03
    0.72355E+37    0.79458E+03
    0.71044E+37    0.79458E+03
    0.71044E+37    0.79458E+03
    0.71044E+37    0.79458E+03
    0.71044E+37    0.79458E+03
    0.71044E+37    0.79458E+03
    0.71022E+37    0.79206E+03
    0.71022E+37    0.79206E+03
    0.71009E+37    0.79037E+03
    0.71009E+37    0.79037E+03
    0.71005E+37    0.78953E+03
    0.70992E+37    0.78785E+03
    0.70992E+37    0.78785E+03
    0.12262E+38    0.75757E+03
    0.12262E+38    0.75841E+03
    0.12262E+38    0.75841E+03
    0.12264E+38    0.76093E+03
    0.12264E+38    0.76093E+03
    0.12266E+38    0.76346E+03
    0.12267E+38    0.76514E+03
    0.12267E+38    0.76514E+03
    0.12333E+38    0.76514E+03
    0.12464E+38    0.76514E+03
    0.12464E+38    0.76514E+03
    0.12461E+38    0.76093E+03
    0.12398E+38    0.76430E+03
    0.12200E+38    0.76346E+03
    0.12263E+38    0.75925E+03
    0.12262E+38    0.75757E+03
    0.12262E+38    0.75757E+03
    0.12130E+38    0.75757E+03
    0.12130E+38    0.75757E+03
    0.12064E+38    0.75673E+03
    0.12064E+38    0.75673E+03
    0.12064E+38    0.75673E+03
    0.12066E+38    0.75925E+03
    0.12066E+38    0.75925E+03
    0.12067E+38    0.76009E+03
    0.12068E+38    0.76178E+03
    0.12068E+38    0.76178E+03
    0.12068E+38    0.76262E+03
    0.12068E+38    0.76262E+03
    0.12071E+38    0.76514E+03
    0.12072E+38    0.76766E+03
    0.12072E+38    0.76766E+03
    0.12072E+38    0.76850E+03
    0.12072E+38    0.76850E+03
    0.12074E+38    0.77019E+03
    0.12010E+38    0.77187E+03
    0.12010E+38    0.77187E+03
    0.12010E+38    0.77271E+03
    0.12010E+38    0.77271E+03
    0.12012E+38    0.77523E+03
    0.12012E+38    0.77523E+03
    0.12012E+38    0.77523E+03
    0.12143E+38    0.77523E+03
    0.12143E+38    0.77523E+03
    0.11875E+38    0.76682E+03
    0.12140E+38    0.77103E+03
    0.12140E+38    0.77103E+03
    0.12005E+38    0.76598E+03
    0.12005E+38    0.76598E+03
    0.12005E+38    0.76598E+03
    0.12006E+38    0.76682E+03
    0.12006E+38    0.76682E+03
    0.11875E+38    0.76682E+03
    0.11875E+38    0.76682E+03
    0.11874E+38    0.76598E+03
    0.11873E+38    0.76430E+03
    0.11873E+38    0.76430E+03
    0.11808E+38    0.76430E+03
    0.11808E+38    0.76430E+03
    0.11807E+38    0.76346E+03
    0.11805E+38    0.76093E+03
    0.11805E+38    0.76093E+03
    0.11805E+38    0.76093E+03
    0.11805E+38    0.76093E+03
    0.11804E+38    0.76009E+03
    0.11804E+38    0.75925E+03
    0.11804E+38    0.75925E+03
    0.11807E+38    0.76346E+03
    0.11808E+38    0.76598E+03
    0.11808E+38    0.76598E+03
    0.11809E+38    0.76682E+03
    0.11809E+38    0.76682E+03
    0.11810E+38    0.76850E+03
    0.11812E+38    0.77103E+03
    0.11812E+38    0.77103E+03
    0.11813E+38    0.77187E+03
    0.11813E+38    0.77187E+03
    0.11814E+38    0.77355E+03
    0.11815E+38    0.77439E+03
    0.11815E+38    0.77439E+03
    0.11816E+38    0.77607E+03
    0.11816E+38    0.77607E+03
    0.11816E+38    0.77607E+03
    0.11817E+38    0.77776E+03
    0.11817E+38    0.77776E+03
    0.11752E+38    0.77860E+03
    0.11752E+38    0.77860E+03
    0.11753E+38    0.77944E+03
    0.11754E+38    0.78028E+03
    0.11754E+38    0.78028E+03
    0.11754E+38    0.78196E+03
    0.11754E+38    0.78196E+03
    0.11756E+38    0.78364E+03
    0.11756E+38    0.78364E+03
    0.12005E+38    0.76598E+03
    0.12138E+38    0.76766E+03
    0.12138E+38    0.76766E+03
    0.12007E+38    0.76850E+03
    0.11941E+38    0.76850E+03
    0.11941E+38    0.76850E+03
    0.12076E+38    0.77271E+03
    0.12076E+38    0.77271E+03
    0.12076E+38    0.77271E+03
    0.12074E+38    0.77019E+03
    0.12074E+38    0.77019E+03
    0.12140E+38    0.77019E+03
    0.12210E+38    0.77607E+03
    0.12210E+38    0.77607E+03
    0.12210E+38    0.77607E+03
    0.12207E+38    0.77187E+03
    0.12207E+38    0.77187E+03
    0.12207E+38    0.77271E+03
    0.12210E+38    0.77692E+03
    0.12210E+38    0.77692E+03
    0.12212E+38    0.77860E+03
    0.12212E+38    0.77860E+03
    0.12212E+38    0.77860E+03
    0.12212E+38    0.77860E+03
    0.11883E+38    0.77860E+03
    0.11883E+38    0.77860E+03
    0.11883E+38    0.77860E+03
    0.12146E+38    0.77860E+03
    0.12144E+38    0.77607E+03
    0.12144E+38    0.77607E+03
    0.12142E+38    0.77355E+03
    0.12142E+38    0.77355E+03
    0.12075E+38    0.77187E+03
    0.12075E+38    0.77187E+03
    0.12009E+38    0.77103E+03
    0.12013E+38    0.77607E+03
    0.12014E+38    0.77776E+03
    0.12014E+38    0.77776E+03
    0.12014E+38    0.77860E+03
    0.12014E+38    0.77860E+03
    0.12012E+38    0.77523E+03
    0.12011E+38    0.77439E+03
    0.12011E+38    0.77439E+03
    0.12010E+38    0.77271E+03
    0.12010E+38    0.77271E+03
    0.12340E+38    0.77523E+03
    0.12340E+38    0.77523E+03
    0.12340E+38    0.77523E+03
    0.12338E+38    0.77271E+03
    0.12338E+38    0.77271E+03
    0.12338E+38    0.77271E+03
    0.12341E+38    0.77607E+03
    0.12344E+38    0.77944E+03
    0.12344E+38    0.77944E+03
    0.12344E+38    0.78028E+03
    0.12344E+38    0.78028E+03
    0.12346E+38    0.78364E+03
    0.12348E+38    0.78533E+03
    0.12348E+38    0.78533E+03
    0.12349E+38    0.78701E+03
    0.12349E+38    0.78701E+03
    0.12349E+38    0.78785E+03
    0.12350E+38    0.78869E+03
    0.12350E+38    0.78869E+03
    0.12348E+38    0.78533E+03
    0.12348E+38    0.78533E+03
    0.12345E+38    0.78112E+03
    0.12341E+38    0.77607E+03
    0.12407E+38    0.77692E+03
    0.12407E+38    0.77692E+03
    0.12407E+38    0.77692E+03
    0.12405E+38    0.77355E+03
    0.12405E+38    0.77355E+03
    0.12405E+38    0.77355E+03
    0.12208E+38    0.77355E+03
    0.12145E+38    0.77776E+03
    0.12145E+38    0.77776E+03
    0.12146E+38    0.77944E+03
    0.12146E+38    0.77944E+03
    0.12148E+38    0.78112E+03
    0.12148E+38    0.78112E+03
    0.12150E+38    0.78364E+03
    0.12151E+38    0.78617E+03
    0.12151E+38    0.78617E+03
    0.12087E+38    0.78785E+03
    0.12087E+38    0.78785E+03
    0.12088E+38    0.78953E+03
    0.12020E+38    0.78617E+03
    0.12018E+38    0.78364E+03
    0.12018E+38    0.78364E+03
    0.12018E+38    0.78280E+03
    0.12018E+38    0.78280E+03
    0.11821E+38    0.78280E+03
    0.11755E+38    0.78280E+03
    0.11755E+38    0.78280E+03
    0.11755E+38    0.78280E+03
    0.11755E+38    0.78280E+03
    0.11756E+38    0.78449E+03
    0.11759E+38    0.78785E+03
    0.11760E+38    0.78953E+03
    0.11760E+38    0.78953E+03
    0.12021E+38    0.78785E+03
    0.12152E+38    0.78785E+03
    0.12152E+38    0.78785E+03
    0.12349E+38    0.78785E+03
    0.12349E+38    0.78785E+03
    0.12547E+38    0.78785E+03
    0.12547E+38    0.78785E+03
    0.12547E+38    0.78785E+03
    0.12611E+38    0.78617E+03
    0.12611E+38    0.78617E+03
    0.12608E+38    0.78280E+03
    0.12612E+38    0.78785E+03
    0.12613E+38    0.78953E+03
    0.12613E+38    0.78953E+03
    0.12418E+38    0.79206E+03
    0.12418E+38    0.79206E+03
    0.12418E+38    0.79290E+03
    0.12552E+38    0.79542E+03
    0.12551E+38    0.79458E+03
    0.12551E+38    0.79458E+03
    0.12549E+38    0.79206E+03
    0.12549E+38    0.79206E+03
    0.12548E+38    0.79037E+03
    0.12546E+38    0.78701E+03
    0.12546E+38    0.78701E+03
    0.12543E+38    0.78364E+03
    0.12083E+38    0.78280E+03
    0.12079E+38    0.77692E+03
    0.12077E+38    0.77439E+03
    0.12077E+38    0.77439E+03
    0.12077E+38    0.77355E+03
    0.12077E+38    0.77355E+03
    0.12231E+38    0.80551E+03
    0.12165E+38    0.80551E+03
    0.12165E+38    0.80551E+03
    0.12165E+38    0.80467E+03
    0.12231E+38    0.80467E+03
    0.12754E+38    0.80299E+03
    0.12757E+38    0.80636E+03
    0.12757E+38    0.80636E+03
    0.12758E+38    0.80804E+03
    0.12758E+38    0.80804E+03
    0.12759E+38    0.81056E+03
    0.12759E+38    0.81056E+03
    0.12762E+38    0.81393E+03
    0.12765E+38    0.81729E+03
    0.12765E+38    0.81729E+03
    0.12767E+38    0.81981E+03
    0.12767E+38    0.81981E+03
    0.12769E+38    0.82234E+03
    0.12769E+38    0.82234E+03
    0.12769E+38    0.82402E+03
    0.12769E+38    0.82402E+03
    0.12771E+38    0.82654E+03
    0.12774E+38    0.82991E+03
    0.12774E+38    0.82991E+03
    0.12775E+38    0.83159E+03
    0.12775E+38    0.83159E+03
    0.12705E+38    0.82570E+03
    0.12704E+38    0.82402E+03
    0.12704E+38    0.82402E+03
    0.12703E+38    0.82234E+03
    0.12703E+38    0.82234E+03
    0.12701E+38    0.82065E+03
    0.12701E+38    0.81981E+03
    0.12701E+38    0.81981E+03
    0.12698E+38    0.81477E+03
    0.12695E+38    0.81140E+03
    0.12695E+38    0.81140E+03
    0.12694E+38    0.80972E+03
    0.12694E+38    0.80972E+03
    0.12693E+38    0.80888E+03
    0.12693E+38    0.80888E+03
    0.12691E+38    0.80720E+03
    0.12690E+38    0.80551E+03
    0.12690E+38    0.80551E+03
    0.12690E+38    0.80551E+03
    0.12690E+38    0.80551E+03
    0.12689E+38    0.80383E+03
    0.12558E+38    0.80467E+03
    0.12560E+38    0.80636E+03
    0.12560E+38    0.80636E+03
    0.12561E+38    0.80804E+03
    0.12561E+38    0.80804E+03
    0.12626E+38    0.80636E+03
    0.12628E+38    0.81056E+03
    0.12628E+38    0.81056E+03
    0.12629E+38    0.81140E+03
    0.12629E+38    0.81140E+03
    0.12630E+38    0.81224E+03
    0.12630E+38    0.81224E+03
    0.12631E+38    0.81393E+03
    0.12632E+38    0.81561E+03
    0.12632E+38    0.81561E+03
    0.12634E+38    0.81729E+03
    0.12634E+38    0.81729E+03
    0.12635E+38    0.81897E+03
    0.12636E+38    0.82065E+03
    0.12636E+38    0.82065E+03
    0.12637E+38    0.82234E+03
    0.12637E+38    0.82234E+03
    0.12637E+38    0.82318E+03
    0.12638E+38    0.82402E+03
    0.12638E+38    0.82402E+03
    0.12639E+38    0.82486E+03
    0.12639E+38    0.82486E+03
    0.12571E+38    0.82150E+03
    0.12571E+38    0.82150E+03
    0.12571E+38    0.82150E+03
    0.12569E+38    0.81981E+03
    0.12569E+38    0.81981E+03
    0.12567E+38    0.81645E+03
    0.12566E+38    0.81477E+03
    0.12566E+38    0.81477E+03
    0.12565E+38    0.81308E+03
    0.12565E+38    0.81308E+03
    0.12563E+38    0.81140E+03
    0.12562E+38    0.80972E+03
    0.12562E+38    0.80972E+03
    0.12560E+38    0.80636E+03
    0.12821E+38    0.80467E+03
    0.12823E+38    0.80720E+03
    0.12823E+38    0.80720E+03
    0.12825E+38    0.81056E+03
    0.12825E+38    0.81056E+03
    0.12826E+38    0.81224E+03
    0.12826E+38    0.81224E+03
    0.12829E+38    0.81477E+03
    0.12829E+38    0.81477E+03
    0.12830E+38    0.81645E+03
    0.12833E+38    0.82065E+03
    0.12833E+38    0.82150E+03
    0.12833E+38    0.82150E+03
    0.12835E+38    0.82318E+03
    0.12835E+38    0.82318E+03
    0.12835E+38    0.82402E+03
    0.12836E+38    0.82486E+03
    0.12836E+38    0.82486E+03
    0.12837E+38    0.82654E+03
    0.12837E+38    0.82654E+03
    0.12839E+38    0.82991E+03
    0.12841E+38    0.83243E+03
    0.12841E+38    0.83243E+03
    0.12842E+38    0.83327E+03
    0.12842E+38    0.83327E+03
    0.12977E+38    0.83832E+03
    0.12976E+38    0.83748E+03
    0.12976E+38    0.83748E+03
    0.12974E+38    0.83411E+03
    0.12974E+38    0.83411E+03
    0.12971E+38    0.83075E+03
    0.12970E+38    0.82822E+03
    0.12970E+38    0.82822E+03
    0.12968E+38    0.82570E+03
    0.12968E+38    0.82570E+03
    0.12965E+38    0.82234E+03
    0.12965E+38    0.82234E+03
    0.12965E+38    0.82234E+03
    0.13098E+38    0.82402E+03
    0.13101E+38    0.82822E+03
    0.13101E+38    0.82822E+03
    0.13102E+38    0.82991E+03
    0.13102E+38    0.82991E+03
    0.13103E+38    0.83159E+03
    0.13103E+38    0.83159E+03
    0.13103E+38    0.83243E+03
    0.13166E+38    0.82822E+03
    0.13165E+38    0.82570E+03
    0.13165E+38    0.82570E+03
    0.13164E+38    0.82486E+03
    0.13164E+38    0.82486E+03
    0.13164E+38    0.82402E+03
    0.13163E+38    0.82318E+03
    0.13163E+38    0.82318E+03
    0.13162E+38    0.82234E+03
    0.13162E+38    0.82234E+03
    0.13166E+38    0.82738E+03
    0.13167E+38    0.82907E+03
    0.13167E+38    0.82907E+03
    0.13230E+38    0.82570E+03
    0.13230E+38    0.82570E+03
    0.13230E+38    0.82570E+03
    0.13229E+38    0.82402E+03
    0.12604E+38    0.86692E+03
    0.12735E+38    0.86692E+03
    0.12734E+38    0.86607E+03
    0.12734E+38    0.86607E+03
    0.12668E+38    0.86439E+03
    0.12668E+38    0.86439E+03
    0.12799E+38    0.86439E+03
    0.12799E+38    0.86439E+03
    0.12799E+38    0.86439E+03
    0.12797E+38    0.86271E+03
    0.12797E+38    0.86271E+03
    0.12797E+38    0.86187E+03
    0.12795E+38    0.85850E+03
    0.12795E+38    0.85850E+03
    0.12926E+38    0.85850E+03
    0.12926E+38    0.85850E+03
    0.12991E+38    0.85850E+03
    0.12990E+38    0.85682E+03
    0.12990E+38    0.85682E+03
    0.12990E+38    0.85598E+03
    0.12990E+38    0.85598E+03
    0.13058E+38    0.85935E+03
    0.13124E+38    0.86019E+03
    0.13124E+38    0.86019E+03
    0.13124E+38    0.86019E+03
    0.13123E+38    0.85850E+03
    0.13128E+38    0.86523E+03
    0.13521E+38    0.86523E+03
    0.13587E+38    0.86523E+03
    0.13653E+38    0.86523E+03
    0.13653E+38    0.86523E+03
    0.13715E+38    0.86019E+03
    0.13714E+38    0.85935E+03
    0.13448E+38    0.85514E+03
    0.13385E+38    0.85850E+03
    0.16137E+38    0.85093E+03
    0.16138E+38    0.85346E+03
    0.16138E+38    0.85346E+03
    0.16138E+38    0.85346E+03
    0.16138E+38    0.85346E+03
    0.16335E+38    0.85346E+03
    0.16465E+38    0.85178E+03
    0.16467E+38    0.85514E+03
    0.16466E+38    0.85346E+03
    0.16269E+38    0.85262E+03
    0.16137E+38    0.85262E+03
    0.16137E+38    0.85262E+03
    0.16399E+38    0.85093E+03
    0.14970E+38    0.87112E+03
    0.14970E+38    0.87196E+03
    0.14970E+38    0.87196E+03
    0.14972E+38    0.87364E+03
    0.14972E+38    0.87364E+03
    0.14973E+38    0.87533E+03
    0.14974E+38    0.87701E+03
    0.14974E+38    0.87701E+03
    0.15107E+38    0.88037E+03
    0.15104E+38    0.87533E+03
    0.15103E+38    0.87449E+03
    0.15102E+38    0.87280E+03
    0.15102E+38    0.87280E+03
    0.15102E+38    0.87280E+03
    0.15102E+38    0.87280E+03
    0.15102E+38    0.87280E+03
    0.15106E+38    0.87701E+03
    0.15106E+38    0.87701E+03
    0.15106E+38    0.87785E+03
    0.15106E+38    0.87785E+03
    0.15040E+38    0.87785E+03
    0.15038E+38    0.87533E+03
    0.15038E+38    0.87533E+03
    0.15038E+38    0.87449E+03
    0.15038E+38    0.87449E+03
    0.15036E+38    0.87280E+03
    0.15035E+38    0.87028E+03
    0.15035E+38    0.87028E+03
    0.15170E+38    0.87617E+03
    0.15169E+38    0.87533E+03
    0.15169E+38    0.87533E+03
    0.15169E+38    0.87449E+03
    0.15169E+38    0.87449E+03
    0.15169E+38    0.87449E+03
    0.15167E+38    0.87280E+03
    0.15167E+38    0.87280E+03
    0.15232E+38    0.87028E+03
    0.15232E+38    0.87112E+03
    0.15232E+38    0.87112E+03
    0.15235E+38    0.87449E+03
    0.15235E+38    0.87449E+03
    0.15235E+38    0.87533E+03
    0.15237E+38    0.87869E+03
    0.15237E+38    0.87869E+03
    0.15238E+38    0.88037E+03
    0.15238E+38    0.88037E+03
    0.15237E+38    0.87785E+03
    0.15236E+38    0.87617E+03
    0.15236E+38    0.87617E+03
    0.15370E+38    0.87953E+03
    0.15369E+38    0.87785E+03
    0.15369E+38    0.87785E+03
    0.15365E+38    0.87364E+03
    0.15365E+38    0.87364E+03
    0.15365E+38    0.87364E+03
    0.15364E+38    0.87196E+03
    0.15364E+38    0.87196E+03
    0.15363E+38    0.87112E+03
    0.15362E+38    0.86944E+03
    0.15427E+38    0.86860E+03
    0.15428E+38    0.86944E+03
    0.15428E+38    0.86944E+03
    0.15428E+38    0.87028E+03
    0.15428E+38    0.87028E+03
    0.15429E+38    0.87112E+03
    0.15432E+38    0.87449E+03
    0.15432E+38    0.87449E+03
    0.15434E+38    0.87785E+03
    0.15434E+38    0.87785E+03
    0.15436E+38    0.88121E+03
    0.15436E+38    0.88121E+03
    0.15438E+38    0.88374E+03
    0.15438E+38    0.88374E+03
    0.15440E+38    0.88542E+03
    0.15440E+38    0.88542E+03
    0.15441E+38    0.88794E+03
    0.15443E+38    0.89047E+03
    0.15443E+38    0.89047E+03
    0.15573E+38    0.88963E+03
    0.15569E+38    0.88374E+03
    0.15568E+38    0.88206E+03
    0.15568E+38    0.88206E+03
    0.15566E+38    0.87953E+03
    0.15566E+38    0.87953E+03
    0.15564E+38    0.87701E+03
    0.15563E+38    0.87449E+03
    0.15563E+38    0.87449E+03
    0.15562E+38    0.87364E+03
    0.15562E+38    0.87364E+03
    0.15560E+38    0.87112E+03
    0.15556E+38    0.86607E+03
    0.15556E+38    0.86607E+03
    0.15555E+38    0.86439E+03
    0.15555E+38    0.86439E+03
    0.15687E+38    0.86523E+03
    0.15690E+38    0.86944E+03
    0.15690E+38    0.86944E+03
    0.15691E+38    0.87028E+03
    0.15691E+38    0.87028E+03
    0.15693E+38    0.87280E+03
    0.15693E+38    0.87280E+03
    0.15695E+38    0.87617E+03
    0.15697E+38    0.87953E+03
    0.15697E+38    0.87953E+03
    0.15698E+38    0.88037E+03
    0.15698E+38    0.88037E+03
    0.15699E+38    0.88121E+03
    0.15700E+38    0.88290E+03
    0.15700E+38    0.88290E+03
    0.15704E+38    0.88794E+03
    0.15705E+38    0.88963E+03
    0.15705E+38    0.88963E+03
    0.15706E+38    0.89131E+03
    0.15706E+38    0.89131E+03
    0.15707E+38    0.89215E+03
    0.15707E+38    0.89215E+03
    0.15707E+38    0.89215E+03
    0.15774E+38    0.89383E+03
    0.15770E+38    0.88879E+03
    0.15768E+38    0.88710E+03
    0.15767E+38    0.88542E+03
    0.15767E+38    0.88542E+03
    0.15765E+38    0.88206E+03
    0.15765E+38    0.88206E+03
    0.15829E+38    0.87953E+03
    0.15829E+38    0.87953E+03
    0.15828E+38    0.87785E+03
    0.15828E+38    0.87785E+03
    0.15826E+38    0.87617E+03
    0.15825E+38    0.87449E+03
    0.15825E+38    0.87449E+03
    0.15823E+38    0.87196E+03
    0.15823E+38    0.87196E+03
    0.15759E+38    0.87449E+03
    0.15762E+38    0.87785E+03
    0.15762E+38    0.87785E+03
    0.15765E+38    0.88206E+03
    0.15765E+38    0.88206E+03
    0.15767E+38    0.88374E+03
    0.15767E+38    0.88374E+03
    0.15904E+38    0.89299E+03
    0.15903E+38    0.89131E+03
    0.15903E+38    0.89131E+03
    0.15902E+38    0.88963E+03
    0.15902E+38    0.88963E+03
    0.15900E+38    0.88794E+03
    0.15899E+38    0.88626E+03
    0.15899E+38    0.88626E+03
    0.15899E+38    0.88458E+03
    0.15899E+38    0.88458E+03
    0.15897E+38    0.88290E+03
    0.15896E+38    0.88206E+03
    0.15896E+38    0.88206E+03
    0.15961E+38    0.88037E+03
    0.15961E+38    0.88037E+03
    0.15959E+38    0.87785E+03
    0.15898E+38    0.88374E+03
    0.15896E+38    0.88121E+03
    0.15896E+38    0.88121E+03
    0.15895E+38    0.88037E+03
    0.15895E+38    0.88037E+03
    0.15894E+38    0.87869E+03
    0.15892E+38    0.87617E+03
    0.15892E+38    0.87617E+03
    0.15891E+38    0.87533E+03
    0.15891E+38    0.87533E+03
    0.15889E+38    0.87112E+03
    0.15888E+38    0.87028E+03
    0.15888E+38    0.87028E+03
    0.16019E+38    0.87028E+03
    0.16020E+38    0.87196E+03
    0.16020E+38    0.87196E+03
    0.16022E+38    0.87533E+03
    0.16022E+38    0.87533E+03
    0.16026E+38    0.88037E+03
    0.16028E+38    0.88290E+03
    0.16028E+38    0.88290E+03
    0.16029E+38    0.88374E+03
    0.16029E+38    0.88374E+03
    0.16030E+38    0.88542E+03
    0.16031E+38    0.88794E+03
    0.16031E+38    0.88794E+03
    0.16033E+38    0.88963E+03
    0.16033E+38    0.88963E+03
    0.15970E+38    0.89215E+03
    0.15970E+38    0.89383E+03
    0.15970E+38    0.89383E+03
    0.16102E+38    0.89299E+03
    0.16099E+38    0.88963E+03
    0.16099E+38    0.88963E+03
    0.16096E+38    0.88542E+03
    0.16096E+38    0.88542E+03
    0.16093E+38    0.88121E+03
    0.16093E+38    0.88121E+03
    0.16092E+38    0.88037E+03
    0.16092E+38    0.88037E+03
    0.16090E+38    0.87785E+03
    0.16090E+38    0.87785E+03
    0.16089E+38    0.87701E+03
    0.16088E+38    0.87449E+03
    0.16088E+38    0.87449E+03
    0.16363E+38    0.89215E+03
    0.16362E+38    0.89047E+03
    0.16362E+38    0.89047E+03
    0.16360E+38    0.88794E+03
    0.16360E+38    0.88794E+03
    0.16359E+38    0.88626E+03
    0.16357E+38    0.88374E+03
    0.16357E+38    0.88374E+03
    0.16356E+38    0.88206E+03
    0.16356E+38    0.88206E+03
    0.16353E+38    0.87869E+03
    0.16352E+38    0.87785E+03
    0.16352E+38    0.87785E+03
    0.16352E+38    0.87701E+03
    0.16352E+38    0.87701E+03
    0.16220E+38    0.87533E+03
    0.16219E+38    0.87449E+03
    0.16219E+38    0.87449E+03
    0.16220E+38    0.87533E+03
    0.16220E+38    0.87533E+03
    0.16224E+38    0.88037E+03
    0.16224E+38    0.88121E+03
    0.16224E+38    0.88121E+03
    0.16225E+38    0.88290E+03
    0.16225E+38    0.88290E+03
    0.16226E+38    0.88458E+03
    0.16227E+38    0.88626E+03
    0.16227E+38    0.88626E+03
    0.16230E+38    0.88963E+03
    0.16230E+38    0.88963E+03
    0.16231E+38    0.89131E+03
    0.16231E+38    0.89131E+03
    0.16232E+38    0.89215E+03
    0.16232E+38    0.89215E+03
    0.16233E+38    0.89299E+03
    0.16234E+38    0.89467E+03
    0.16234E+38    0.89467E+03
    0.16365E+38    0.89467E+03
    0.16362E+38    0.89131E+03
    0.16362E+38    0.89131E+03
    0.16362E+38    0.89047E+03
    0.16362E+38    0.89047E+03
    0.16361E+38    0.88963E+03
    0.16360E+38    0.88794E+03
    0.16360E+38    0.88794E+03
    0.16359E+38    0.88710E+03
    0.16359E+38    0.88710E+03
    0.16358E+38    0.88542E+03
    0.16357E+38    0.88458E+03
    0.16357E+38    0.88458E+03
    0.16356E+38    0.88290E+03
    0.16356E+38    0.88290E+03
    0.16355E+38    0.88121E+03
    0.16354E+38    0.87953E+03
    0.16354E+38    0.87953E+03
    0.16352E+38    0.87785E+03
    0.16352E+38    0.87785E+03
    0.16352E+38    0.87701E+03
    0.16481E+38    0.87449E+03
    0.16481E+38    0.87364E+03
    0.16481E+38    0.87364E+03
    0.16481E+38    0.87280E+03
    0.16481E+38    0.87280E+03
    0.16482E+38    0.87533E+03
    0.16484E+38    0.87869E+03
    0.16484E+38    0.87869E+03
    0.16487E+38    0.88206E+03
    0.16487E+38    0.88206E+03
    0.16488E+38    0.88374E+03
    0.16488E+38    0.88374E+03
    0.16489E+38    0.88458E+03
    0.16489E+38    0.88458E+03
    0.16490E+38    0.88542E+03
    0.16491E+38    0.88794E+03
    0.16491E+38    0.88794E+03
    0.16493E+38    0.89047E+03
    0.16493E+38    0.89047E+03
    0.16495E+38    0.89299E+03
    0.16495E+38    0.89299E+03
    0.16496E+38    0.89467E+03
    0.16496E+38    0.89467E+03
    0.16561E+38    0.89467E+03
    0.16559E+38    0.89047E+03
    0.16559E+38    0.89047E+03
    0.16558E+38    0.88879E+03
    0.16558E+38    0.88879E+03
    0.16556E+38    0.88710E+03
    0.16556E+38    0.88710E+03
    0.16555E+38    0.88542E+03
    0.16552E+38    0.88206E+03
    0.16552E+38    0.88206E+03
    0.16551E+38    0.87953E+03
    0.16551E+38    0.87953E+03
    0.16548E+38    0.87533E+03
    0.16548E+38    0.87533E+03
    0.16545E+38    0.87196E+03
    0.16545E+38    0.87196E+03
    0.16543E+38    0.86944E+03
    0.16543E+38    0.86944E+03
    0.16611E+38    0.87196E+03
    0.16613E+38    0.87449E+03
    0.16613E+38    0.87449E+03
    0.16681E+38    0.87785E+03
    0.16681E+38    0.87785E+03
    0.16683E+38    0.88121E+03
    0.16685E+38    0.88374E+03
    0.16685E+38    0.88374E+03
    0.16687E+38    0.88626E+03
    0.16687E+38    0.88626E+03
    0.16689E+38    0.88879E+03
    0.16689E+38    0.88879E+03
    0.16691E+38    0.89131E+03
    0.16691E+38    0.89131E+03
    0.16692E+38    0.89299E+03
    0.16692E+38    0.89383E+03
    0.16692E+38    0.89383E+03
    0.16627E+38    0.89383E+03
    0.16624E+38    0.88963E+03
    0.16624E+38    0.88963E+03
    0.16622E+38    0.88710E+03
    0.16622E+38    0.88710E+03
    0.16619E+38    0.88374E+03
    0.16619E+38    0.88374E+03
    0.16618E+38    0.88206E+03
    0.16618E+38    0.88206E+03
    0.16618E+38    0.88121E+03
    0.16618E+38    0.88121E+03
    0.16616E+38    0.87869E+03
    0.16614E+38    0.87617E+03
    0.16614E+38    0.87617E+03
    0.16613E+38    0.87364E+03
    0.16613E+38    0.87364E+03
    0.16610E+38    0.87112E+03
    0.16610E+38    0.87112E+03
    0.16683E+38    0.88121E+03
    0.16750E+38    0.88290E+03
    0.16750E+38    0.88290E+03
    0.16752E+38    0.88542E+03
    0.16752E+38    0.88542E+03
    0.16755E+38    0.88963E+03
    0.16757E+38    0.89299E+03
    0.16757E+38    0.89299E+03
    0.16759E+38    0.89551E+03
    0.16759E+38    0.89551E+03
    0.16823E+38    0.89299E+03
    0.16821E+38    0.89047E+03
    0.16821E+38    0.89047E+03
    0.16819E+38    0.88794E+03
    0.16819E+38    0.88794E+03
    0.16818E+38    0.88626E+03
    0.16818E+38    0.88626E+03
    0.16816E+38    0.88374E+03
    0.16816E+38    0.88290E+03
    0.16816E+38    0.88290E+03
    0.16884E+38    0.88626E+03
    0.16884E+38    0.88626E+03
    0.16884E+38    0.88626E+03
    0.16883E+38    0.88542E+03
    0.16883E+38    0.88542E+03
    0.16882E+38    0.88374E+03
    0.17013E+38    0.88374E+03
    0.17013E+38    0.88374E+03
    0.17080E+38    0.88458E+03
    0.17080E+38    0.88458E+03
    0.17080E+38    0.88458E+03
    0.16883E+38    0.88542E+03
    0.16950E+38    0.88710E+03
    0.17016E+38    0.88710E+03
    0.17013E+38    0.88374E+03
    0.17011E+38    0.88121E+03
    0.17079E+38    0.88374E+03
    0.17078E+38    0.88206E+03
    0.17078E+38    0.88206E+03
    0.17077E+38    0.88121E+03
    0.17077E+38    0.88121E+03
    0.16745E+38    0.87701E+03
    0.16168E+38    0.89467E+03
    0.16170E+38    0.89720E+03
    0.16170E+38    0.89720E+03
    0.16172E+38    0.90056E+03
    0.16172E+38    0.90056E+03
    0.16173E+38    0.90140E+03
    0.16173E+38    0.90140E+03
    0.16174E+38    0.90308E+03
    0.15977E+38    0.90308E+03
    0.15977E+38    0.90308E+03
    0.15977E+38    0.90308E+03
    0.15977E+38    0.90308E+03
    0.16046E+38    0.90729E+03
    0.16112E+38    0.90729E+03
    0.16105E+38    0.89804E+03
    0.16105E+38    0.89804E+03
    0.16105E+38    0.89804E+03
    0.16105E+38    0.89804E+03
    0.16105E+38    0.89804E+03
    0.15843E+38    0.89888E+03
    0.15844E+38    0.89972E+03
    0.15844E+38    0.89972E+03
    0.15778E+38    0.90056E+03
    0.15778E+38    0.90056E+03
    0.15713E+38    0.90056E+03
    0.15647E+38    0.90056E+03
    0.15647E+38    0.90056E+03
    0.15583E+38    0.90308E+03
    0.15583E+38    0.90308E+03
    0.15583E+38    0.90308E+03
    0.15387E+38    0.90308E+03
    0.15387E+38    0.90308E+03
    0.15387E+38    0.90308E+03
    0.15387E+38    0.90308E+03
    0.15384E+38    0.89972E+03
    0.15515E+38    0.89972E+03
    0.15515E+38    0.89972E+03
    0.15515E+38    0.89888E+03
    0.15515E+38    0.89888E+03
    0.15445E+38    0.89299E+03
    0.15646E+38    0.89972E+03
    0.15713E+38    0.89972E+03
    0.15713E+38    0.89972E+03
    0.15777E+38    0.89888E+03
    0.15777E+38    0.89888E+03
    0.15842E+38    0.89720E+03
    0.15973E+38    0.89720E+03
    0.15973E+38    0.89720E+03
    0.16170E+38    0.89720E+03
    0.16170E+38    0.89720E+03
    0.16366E+38    0.89636E+03
    0.16497E+38    0.89636E+03
    0.16497E+38    0.89636E+03
    0.16563E+38    0.89636E+03
    0.16563E+38    0.89636E+03
    0.16694E+38    0.89636E+03
    0.16760E+38    0.89636E+03
    0.16760E+38    0.89636E+03
    0.16825E+38    0.89636E+03
    0.16825E+38    0.89636E+03
    0.16825E+38    0.89467E+03
    0.16825E+38    0.89551E+03
    0.16628E+38    0.89551E+03
    0.16628E+38    0.89551E+03
    0.16628E+38    0.89551E+03
    0.16628E+38    0.89551E+03
    0.16497E+38    0.89551E+03
    0.16366E+38    0.89551E+03
    0.16366E+38    0.89551E+03
    0.16369E+38    0.90056E+03
    0.16369E+38    0.89972E+03
    0.16369E+38    0.89972E+03
    0.16499E+38    0.89888E+03
    0.16696E+38    0.89888E+03
    0.16699E+38    0.90224E+03
    0.16699E+38    0.90224E+03
    0.16700E+38    0.90393E+03
    0.16700E+38    0.90393E+03
    0.16701E+38    0.90561E+03
    0.16701E+38    0.90561E+03
    0.16702E+38    0.90729E+03
    0.16702E+38    0.90813E+03
    0.16702E+38    0.90813E+03
    0.16702E+38    0.90813E+03
    0.16702E+38    0.90813E+03
    0.17225E+38    0.90393E+03
    0.17489E+38    0.90645E+03
    0.17302E+38    0.91991E+03
    0.16910E+38    0.92243E+03
    0.17101E+38    0.91486E+03
    0.15985E+38    0.91318E+03
    0.15723E+38    0.91318E+03
    0.15523E+38    0.90981E+03
    0.15791E+38    0.91738E+03
    0.15470E+38    0.92748E+03
    0.16112E+38    0.90729E+03
    0.16111E+38    0.90561E+03
    0.16111E+38    0.90561E+03
    0.16109E+38    0.90308E+03
    0.16109E+38    0.90308E+03
    0.16106E+38    0.89972E+03
    0.16105E+38    0.89888E+03
    0.16105E+38    0.89888E+03
    0.16383E+38    0.82907E+03
    0.16383E+38    0.82907E+03
    0.16383E+38    0.82907E+03
    0.16385E+38    0.83243E+03
    0.16385E+38    0.83243E+03
    0.16386E+38    0.83411E+03
    0.16388E+38    0.83664E+03
    0.16388E+38    0.83664E+03
    0.16390E+38    0.83832E+03
    0.16390E+38    0.83832E+03
    0.16390E+38    0.83916E+03
    0.16391E+38    0.84084E+03
    0.16391E+38    0.84084E+03
    0.16456E+38    0.84000E+03
    0.16456E+38    0.84000E+03
    0.16456E+38    0.84000E+03
    0.16455E+38    0.83916E+03
    0.16455E+38    0.83916E+03
    0.16454E+38    0.83748E+03
    0.16454E+38    0.83664E+03
    0.16454E+38    0.83664E+03
    0.16452E+38    0.83411E+03
    0.16452E+38    0.83411E+03
    0.16450E+38    0.83159E+03
    0.16448E+38    0.82907E+03
    0.16448E+38    0.82907E+03
    0.16447E+38    0.82738E+03
    0.16447E+38    0.82738E+03
    0.16318E+38    0.82991E+03
    0.16318E+38    0.82991E+03
    0.16318E+38    0.82991E+03
    0.16319E+38    0.83159E+03
    0.16319E+38    0.83159E+03
    0.16120E+38    0.82907E+03
    0.16125E+38    0.83579E+03
    0.16125E+38    0.83579E+03
    0.16388E+38    0.83579E+03
    0.16388E+38    0.83579E+03
    0.16388E+38    0.83579E+03
    0.16388E+38    0.83579E+03
    0.16519E+38    0.83664E+03
    0.16519E+38    0.83579E+03
    0.16519E+38    0.83579E+03
    0.16516E+38    0.83075E+03
    0.16514E+38    0.82907E+03
    0.16514E+38    0.82907E+03
    0.16513E+38    0.82738E+03
    0.16513E+38    0.82738E+03
    0.16511E+38    0.82486E+03
    0.16579E+38    0.82907E+03
    0.16580E+38    0.83075E+03
    0.16580E+38    0.83075E+03
    0.16582E+38    0.83243E+03
    0.16582E+38    0.83243E+03
    0.16583E+38    0.83327E+03
    0.16584E+38    0.83495E+03
    0.16584E+38    0.83495E+03
    0.16584E+38    0.83495E+03
    0.16584E+38    0.83495E+03
    0.16585E+38    0.83664E+03
    0.16651E+38    0.83664E+03
    0.16651E+38    0.83664E+03
    0.16716E+38    0.83664E+03
    0.16716E+38    0.83664E+03
    0.16913E+38    0.83664E+03
    0.16979E+38    0.83748E+03
    0.16979E+38    0.83748E+03
    0.17046E+38    0.83748E+03
    0.17046E+38    0.83748E+03
    0.17177E+38    0.83748E+03
    0.17242E+38    0.83748E+03
    0.17242E+38    0.83748E+03
    0.17504E+38    0.83748E+03
    0.17504E+38    0.83748E+03
    0.17636E+38    0.83748E+03
    0.17701E+38    0.83748E+03
    0.17701E+38    0.83748E+03
    0.17767E+38    0.83748E+03
    0.17767E+38    0.83748E+03
    0.17898E+38    0.83748E+03
    0.18029E+38    0.83748E+03
    0.18029E+38    0.83748E+03
    0.18161E+38    0.83748E+03
    0.18161E+38    0.83748E+03
    0.18227E+38    0.83748E+03
    0.17832E+38    0.83664E+03
    0.17830E+38    0.83495E+03
    0.17830E+38    0.83495E+03
    0.17766E+38    0.83664E+03
    0.17766E+38    0.83664E+03
    0.17766E+38    0.83664E+03
    0.17372E+38    0.83664E+03
    0.17372E+38    0.83664E+03
    0.17372E+38    0.83664E+03
    0.17174E+38    0.83411E+03
    0.17174E+38    0.83411E+03
    0.17174E+38    0.83411E+03
    0.17177E+38    0.83832E+03
    0.17177E+38    0.83832E+03
    0.17173E+38    0.83243E+03
    0.17173E+38    0.83243E+03
    0.17176E+38    0.83664E+03
    0.17109E+38    0.83579E+03
    0.17109E+38    0.83579E+03
    0.17107E+38    0.83327E+03
    0.17107E+38    0.83327E+03
    0.17107E+38    0.83243E+03
    0.16843E+38    0.83075E+03
    0.16843E+38    0.83075E+03
    0.16777E+38    0.82991E+03
    0.16777E+38    0.82991E+03
    0.16908E+38    0.82991E+03
    0.16842E+38    0.82822E+03
    0.16842E+38    0.82822E+03
    0.16841E+38    0.82654E+03
    0.16845E+38    0.83327E+03
    0.16846E+38    0.83411E+03
    0.16846E+38    0.83411E+03
    0.16847E+38    0.83579E+03
    0.16847E+38    0.83579E+03
    0.16847E+38    0.83579E+03
    0.16847E+38    0.83579E+03
    0.16847E+38    0.83579E+03
    0.16582E+38    0.83243E+03
    0.16779E+38    0.83243E+03
    0.16910E+38    0.83243E+03
    0.16910E+38    0.83243E+03
    0.17107E+38    0.83243E+03
    0.17107E+38    0.83243E+03
    0.17107E+38    0.83327E+03
    0.17112E+38    0.83916E+03
    0.17112E+38    0.83916E+03
    0.17112E+38    0.83916E+03
    0.17112E+38    0.83916E+03
    0.17112E+38    0.83916E+03
    0.17114E+38    0.84168E+03
    0.17115E+38    0.84252E+03
    0.17115E+38    0.84252E+03
    0.17380E+38    0.84673E+03
    0.17380E+38    0.84673E+03
    0.17380E+38    0.84673E+03
    0.17382E+38    0.84925E+03
    0.17382E+38    0.84925E+03
    0.17382E+38    0.84925E+03
    0.17447E+38    0.84841E+03
    0.17447E+38    0.84841E+03
    0.17512E+38    0.84673E+03
    0.17510E+38    0.84505E+03
    0.17510E+38    0.84505E+03
    0.17188E+38    0.85430E+03
    0.17124E+38    0.85514E+03
    0.17124E+38    0.85514E+03
    0.17256E+38    0.85598E+03
    0.16928E+38    0.85682E+03
    0.16862E+38    0.85682E+03
    0.16862E+38    0.85682E+03
    0.16930E+38    0.85935E+03
    0.16930E+38    0.85935E+03
    0.16599E+38    0.85514E+03
    0.16598E+38    0.85430E+03
    0.16598E+38    0.85430E+03
    0.16596E+38    0.85178E+03
    0.16596E+38    0.85178E+03
    0.16468E+38    0.85598E+03
    0.18575E+38    0.86523E+03
    0.18246E+38    0.86439E+03
    0.18253E+38    0.87449E+03
    0.18775E+38    0.87028E+03
    0.18778E+38    0.87364E+03
    0.18778E+38    0.87364E+03
    0.18779E+38    0.87533E+03
    0.18779E+38    0.87533E+03
    0.18781E+38    0.87785E+03
    0.18781E+38    0.87785E+03
    0.18782E+38    0.88037E+03
    0.18847E+38    0.87869E+03
    0.18846E+38    0.87701E+03
    0.18846E+38    0.87701E+03
    0.18845E+38    0.87617E+03
    0.18845E+38    0.87617E+03
    0.18973E+38    0.87196E+03
    0.18972E+38    0.87028E+03
    0.18972E+38    0.87028E+03
    0.18972E+38    0.87028E+03
    0.18972E+38    0.87028E+03
    0.18906E+38    0.87028E+03
    0.18907E+38    0.87112E+03
    0.19104E+38    0.87112E+03
    0.19235E+38    0.87112E+03
    0.19235E+38    0.87112E+03
    0.19366E+38    0.87112E+03
    0.19366E+38    0.87112E+03
    0.19564E+38    0.87112E+03
    0.19760E+38    0.87112E+03
    0.19760E+38    0.87112E+03
    0.19892E+38    0.87112E+03
    0.19892E+38    0.87112E+03
    0.19957E+38    0.87112E+03
    0.19759E+38    0.86944E+03
    0.19693E+38    0.86944E+03
    0.19693E+38    0.86944E+03
    0.19496E+38    0.86944E+03
    0.19496E+38    0.86944E+03
    0.19300E+38    0.86944E+03
    0.19300E+38    0.86944E+03
    0.19300E+38    0.86944E+03
    0.19366E+38    0.87112E+03
    0.19369E+38    0.87449E+03
    0.19369E+38    0.87449E+03
    0.19369E+38    0.87449E+03
    0.19369E+38    0.87449E+03
    0.19370E+38    0.87533E+03
    0.19370E+38    0.87617E+03
    0.19370E+38    0.87617E+03
    0.19239E+38    0.87617E+03
    0.19239E+38    0.87533E+03
    0.19239E+38    0.87533E+03
    0.19238E+38    0.87449E+03
    0.19238E+38    0.87449E+03
    0.19236E+38    0.87280E+03
    0.19235E+38    0.87112E+03
    0.19235E+38    0.87112E+03
    0.19498E+38    0.87112E+03
    0.19498E+38    0.87112E+03
    0.19499E+38    0.87280E+03
    0.19501E+38    0.87533E+03
    0.19501E+38    0.87533E+03
    0.19501E+38    0.87533E+03
    0.19501E+38    0.87533E+03
    0.19502E+38    0.87617E+03
    0.19502E+38    0.87701E+03
    0.19567E+38    0.87701E+03
    0.19567E+38    0.87617E+03
    0.19567E+38    0.87617E+03
    0.19565E+38    0.87364E+03
    0.19565E+38    0.87364E+03
    0.19564E+38    0.87196E+03
    0.19629E+38    0.87196E+03
    0.19629E+38    0.87196E+03
    0.19696E+38    0.87196E+03
    0.19696E+38    0.87196E+03
    0.19827E+38    0.87196E+03
    0.19958E+38    0.87196E+03
    0.19958E+38    0.87196E+03
    0.20089E+38    0.87196E+03
    0.20089E+38    0.87196E+03
    0.20023E+38    0.87112E+03
    0.19956E+38    0.87028E+03
    0.19955E+38    0.86860E+03
    0.19766E+38    0.87953E+03
    0.19767E+38    0.88037E+03
    0.19767E+38    0.88037E+03
    0.19769E+38    0.88206E+03
    0.19769E+38    0.88206E+03
    0.19771E+38    0.88626E+03
    0.19177E+38    0.88037E+03
    0.19045E+38    0.88037E+03
    0.19045E+38    0.88037E+03
    0.18979E+38    0.88037E+03
    0.18979E+38    0.88037E+03
    0.18984E+38    0.88626E+03
    0.19114E+38    0.88542E+03
    0.19111E+38    0.88121E+03
    0.19503E+38    0.87785E+03
    0.19507E+38    0.88374E+03
    0.19507E+38    0.88458E+03
    0.19507E+38    0.88458E+03
    0.19506E+38    0.88206E+03
    0.19506E+38    0.88206E+03
    0.18958E+38    0.85093E+03
    0.18958E+38    0.85009E+03
    0.19154E+38    0.85009E+03
    0.19154E+38    0.85009E+03
    0.19154E+38    0.85009E+03
    0.19154E+38    0.85009E+03
    0.19416E+38    0.84925E+03
    0.19548E+38    0.84925E+03
    0.19548E+38    0.84925E+03
    0.19678E+38    0.84841E+03
    0.19678E+38    0.84841E+03
    0.19744E+38    0.84841E+03
    0.19809E+38    0.84841E+03
    0.19809E+38    0.84841E+03
    0.20072E+38    0.84841E+03
    0.20072E+38    0.84841E+03
    0.20268E+38    0.84757E+03
    0.20268E+38    0.84757E+03
    0.20268E+38    0.84757E+03
    0.20334E+38    0.84757E+03
    0.20334E+38    0.84757E+03
    0.19217E+38    0.84589E+03
    0.19217E+38    0.84589E+03
    0.19217E+38    0.84589E+03
    0.19220E+38    0.84925E+03
    0.19220E+38    0.84925E+03
    0.19221E+38    0.85093E+03
    0.19223E+38    0.85346E+03
    0.19223E+38    0.85346E+03
    0.19224E+38    0.85598E+03
    0.19224E+38    0.85598E+03
    0.19420E+38    0.85514E+03
    0.19419E+38    0.85346E+03
    0.19419E+38    0.85346E+03
    0.19418E+38    0.85178E+03
    0.19418E+38    0.85178E+03
    0.19417E+38    0.85009E+03
    0.19416E+38    0.84925E+03
    0.19416E+38    0.84925E+03
    0.19480E+38    0.84757E+03
    0.19480E+38    0.84757E+03
    0.19480E+38    0.84673E+03
    0.19479E+38    0.84505E+03
    0.19479E+38    0.84505E+03
    0.19478E+38    0.84336E+03
    0.19478E+38    0.84336E+03
    0.19411E+38    0.84252E+03
    0.19411E+38    0.84252E+03
    0.19411E+38    0.84252E+03
    0.19413E+38    0.84421E+03
    0.19413E+38    0.84421E+03
    0.19413E+38    0.84505E+03
    0.19285E+38    0.85009E+03
    0.19285E+38    0.85009E+03
    0.19285E+38    0.85009E+03
    0.19417E+38    0.85009E+03
    0.19414E+38    0.84589E+03
    0.19414E+38    0.84589E+03
    0.19283E+38    0.84589E+03
    0.19283E+38    0.84589E+03
    0.19217E+38    0.84589E+03
    0.19215E+38    0.84421E+03
    0.19215E+38    0.84421E+03
    0.19610E+38    0.84421E+03
    0.19611E+38    0.84673E+03
    0.19612E+38    0.84757E+03
    0.19612E+38    0.84757E+03
    0.19614E+38    0.85093E+03
    0.19614E+38    0.85093E+03
    0.19616E+38    0.85346E+03
    0.19617E+38    0.85430E+03
    0.19617E+38    0.85430E+03
    0.19682E+38    0.85430E+03
    0.19681E+38    0.85178E+03
    0.19681E+38    0.85178E+03
    0.19679E+38    0.85009E+03
    0.19679E+38    0.85009E+03
    0.19679E+38    0.84925E+03
    0.19677E+38    0.84673E+03
    0.19677E+38    0.84673E+03
    0.19677E+38    0.84673E+03
    0.19677E+38    0.84673E+03
    0.19676E+38    0.84505E+03
    0.19545E+38    0.84505E+03
    0.19545E+38    0.84505E+03
    0.19545E+38    0.84505E+03
    0.19545E+38    0.84589E+03
    0.19545E+38    0.84589E+03
    0.19546E+38    0.84673E+03
    0.19547E+38    0.84841E+03
    0.19548E+38    0.84925E+03
    0.19548E+38    0.84925E+03
    0.19814E+38    0.85430E+03
    0.19814E+38    0.85430E+03
    0.19814E+38    0.85430E+03
    0.19814E+38    0.85430E+03
    0.19814E+38    0.85430E+03
    0.19812E+38    0.85178E+03
    0.19810E+38    0.84925E+03
    0.19810E+38    0.84925E+03
    0.19808E+38    0.84673E+03
    0.19808E+38    0.84673E+03
    0.19808E+38    0.84673E+03
    0.19808E+38    0.84673E+03
    0.19805E+38    0.84252E+03
    0.19804E+38    0.84084E+03
    0.19804E+38    0.84084E+03
    0.19935E+38    0.84084E+03
    0.19936E+38    0.84252E+03
    0.19936E+38    0.84252E+03
    0.19939E+38    0.84589E+03
    0.19939E+38    0.84673E+03
    0.19939E+38    0.84673E+03
    0.19939E+38    0.84673E+03
    0.19939E+38    0.84673E+03
    0.19940E+38    0.84841E+03
    0.19941E+38    0.84925E+03
    0.19941E+38    0.84925E+03
    0.19943E+38    0.85093E+03
    0.19943E+38    0.85093E+03
    0.19944E+38    0.85262E+03
    0.19945E+38    0.85346E+03
    0.19945E+38    0.85346E+03
    0.19945E+38    0.85430E+03
    0.19945E+38    0.85430E+03
    0.19946E+38    0.85598E+03
    0.19876E+38    0.85009E+03
    0.19876E+38    0.85009E+03
    0.19876E+38    0.85009E+03
    0.19876E+38    0.84925E+03
    0.19876E+38    0.84925E+03
    0.19873E+38    0.84589E+03
    0.19871E+38    0.84336E+03
    0.19871E+38    0.84336E+03
    0.19870E+38    0.84168E+03
    0.19870E+38    0.84168E+03
    0.20068E+38    0.84336E+03
    0.20070E+38    0.84589E+03
    0.20070E+38    0.84589E+03
    0.20071E+38    0.84673E+03
    0.20071E+38    0.84673E+03
    0.20072E+38    0.84841E+03
    0.20073E+38    0.85009E+03
    0.20073E+38    0.85009E+03
    0.20074E+38    0.85093E+03
    0.20074E+38    0.85093E+03
    0.20140E+38    0.85178E+03
    0.20140E+38    0.85262E+03
    0.20140E+38    0.85262E+03
    0.20140E+38    0.85262E+03
    0.20138E+38    0.84925E+03
    0.20138E+38    0.84925E+03
    0.20138E+38    0.84841E+03
    0.20135E+38    0.84505E+03
    0.20135E+38    0.84505E+03
    0.20134E+38    0.84421E+03
    0.20134E+38    0.84421E+03
    0.20134E+38    0.84421E+03
    0.20202E+38    0.84589E+03
    0.20202E+38    0.84757E+03
    0.20202E+38    0.84757E+03
    0.20202E+38    0.84757E+03
    0.20202E+38    0.84757E+03
    0.20334E+38    0.84841E+03
    0.20334E+38    0.84841E+03
    0.20334E+38    0.84841E+03
