0.009216155	1.77693339	276.4127	0.006404748	0.012027563
0.00682713	1.61752458	291.769		0.0047445	0.00890976
0.007431309	1.68969728	347.0516	0.005164373	0.009698246
0.009837355	1.44147277	322.4812	0.006836449	0.012838261
0.009096703	1.43656353	347.0519	0.006321735	0.011871672
0.145736248	1.23139106	218.059		0.1216146	0.169857896
0.145736248	1.23237778	221.130		0.1216146	0.169857896
0.151553134	1.22576313	221.086		0.1264687	0.176637569
0.159671682	1.213518	214.987		0.1332435	0.186099864
0.156577435	1.27705966	276.413		0.1306614	0.182493471
0.147650005	1.28195791	285.629		0.1232116	0.17208841
0.149588807	1.31546114	322.477		0.1248295	0.174348114
0.047943043	1.79956065	402.3342	0.036931676	0.058954409
0.2089841	1.35819982	282.5554	0			0
0.065087357	1.54125813	334.7666	0.059488244	0.071538373
0.072720238	1.42604754	370.5528	0.066032374	0.079408103
0.115225238	1.53406471	340.9091	0			0
0.157588693	1.41730552	300.9829	0			0
0.25002047	1.3817719	291.7694	0.223774986	0.276265955
1.069624504	1.60749829	322.4816	0.763675239	1.37557377
1.472453432	1.53310936	350.1232	1.051281288	1.893625576
1.742636919	1.54814114	282.5553	1.449900922	2.035372916
1.812191521	1.4442573	291.769		1.507771429	2.116611614
1.848003329	1.43836336	304.054		1.537567408	2.15843925
1.76552		1.3875964	300.9824	1.46894		2.0621
1.565432812	2.36548499	211.4251	1.455772206	1.675093418
2.226430323	1.66958377	463.2678	2.070465982	2.382394665
0.177580117	1.31524147	282.5555	0			0
1.596817605	1.47609796	300.9828	1.258525447	1.935109764
1.565874562	1.37108098	273.3417	1.234137811	1.897611314
0.378292	1.45106582	289.9		0			0
0.378718	1.53617298	329.8		0			0
0.378009	1.46049046	287.3		0			0
0.379818	1.42725289	254.6		0			0
0.378775	1.49763265	304.8		0			0
0.378392	1.40046118	260.5		0			0
0.378904	1.4419188	281.9		0			0
