    1.08628E+02    2.93871E+02    7.41885E+02    1.05076E+03
    1.23544E+02    3.21023E+02    7.03699E+02    1.03578E+03
    1.28233E+02    2.55058E+02    8.91766E+02    1.13916E+03
    1.29088E+02    2.57483E+02    8.23031E+02    1.08175E+03
    1.34832E+02    2.49772E+02    8.71718E+02    1.12051E+03
    1.38443E+02    2.74152E+02    7.77208E+02    1.05979E+03
    1.42223E+02    2.45469E+02    8.22076E+02    1.08113E+03
    1.49755E+02    3.36672E+02    7.05609E+02    1.03691E+03
    1.51567E+02    2.68155E+02    8.12530E+02    1.07531E+03
    1.54459E+02    2.74629E+02    8.15394E+02    1.07698E+03
    1.56254E+02    2.43027E+02    9.22315E+02    1.16884E+03
    1.57185E+02    2.86498E+02    7.72434E+02    1.05835E+03
    1.61896E+02    2.58374E+02    8.75537E+02    1.12398E+03
    1.62855E+02    3.02539E+02    7.31384E+02    1.04789E+03
    1.70344E+02    3.07598E+02    7.24702E+02    1.04570E+03
    1.71210E+02    2.86131E+02    7.73389E+02    1.05863E+03
    1.74106E+02    3.31303E+02    7.16110E+02    1.04228E+03
    1.75011E+02    2.92665E+02    7.43795E+02    1.05123E+03
    1.75960E+02    2.56604E+02    8.19212E+02    1.07931E+03
    1.86222E+02    2.33945E+02    9.03222E+02    1.15016E+03
    1.87184E+02    3.05678E+02    7.42840E+02    1.05099E+03
    1.89031E+02    2.77930E+02    7.93437E+02    1.06576E+03
    1.89978E+02    2.49810E+02    8.97494E+02    1.14463E+03
    1.97431E+02    2.60610E+02    8.86038E+02    1.13373E+03
    2.05001E+02    3.45691E+02    6.93198E+02    1.02850E+03
    2.06870E+02    2.97315E+02    7.58115E+02    1.05462E+03
    2.12433E+02    2.34108E+02    9.39499E+02    1.18585E+03
    2.12512E+02    3.41193E+02    6.76014E+02    1.01259E+03
    2.14278E+02    2.50592E+02    8.43079E+02    1.09619E+03
    2.15264E+02    3.22537E+02    7.31384E+02    1.04789E+03
    2.16206E+02    2.58891E+02    9.18496E+02    1.16508E+03
    2.20884E+02    2.54721E+02    9.06086E+02    1.15294E+03
    2.22737E+02    2.39489E+02    9.16587E+02    1.16320E+03
    2.23697E+02    3.22123E+02    6.91289E+02    1.02699E+03
    2.24578E+02    3.04317E+02    7.57160E+02    1.05439E+03
    2.25546E+02    3.22558E+02    7.13246E+02    1.04096E+03
    2.25575E+02    2.51014E+02    9.00358E+02    1.14739E+03
    2.38668E+02    2.64544E+02    8.28759E+02    1.08561E+03
    2.39591E+02    2.88733E+02    7.90573E+02    1.06457E+03
    2.54559E+02    2.42399E+02    9.28998E+02    1.17544E+03
    2.60177E+02    2.50807E+02    8.23986E+02    1.08238E+03
    2.62077E+02    2.65431E+02    8.54535E+02    1.10549E+03
    2.68599E+02    2.71138E+02    8.08711E+02    1.07317E+03
    2.81677E+02    2.54636E+02    9.00358E+02    1.14739E+03
    3.01370E+02    2.56147E+02    8.50716E+02    1.10232E+03
    3.05125E+02    2.57894E+02    7.96301E+02    1.06701E+03
    3.06968E+02    3.37035E+02    6.59785E+02    9.92871E+02
    3.35048E+02    3.29924E+02    6.32100E+02    9.50483E+02
    3.55635E+02    2.50329E+02    8.27804E+02    1.08495E+03
    3.99601E+02    2.45680E+02    8.87947E+02    1.13553E+03
    4.07086E+02    2.56440E+02    8.75537E+02    1.12398E+03
    1.56398E+03    2.46569E+02    8.95121E+02    1.14236E+03
    1.57583E+03    2.39491E+02    8.92435E+02    1.13979E+03
    1.58057E+03    2.40242E+02    9.01521E+02    1.14852E+03
    1.58057E+03    2.44334E+02    8.74248E+02    1.12280E+03
    1.58057E+03    2.37571E+02    8.88152E+02    1.13573E+03
    1.58294E+03    2.47926E+02    8.76919E+02    1.12525E+03
    1.58531E+03    2.60134E+02    8.78521E+02    1.12673E+03
    1.58768E+03    2.60740E+02    8.75310E+02    1.12377E+03
    1.59005E+03    2.33927E+02    8.98302E+02    1.14541E+03
    1.59005E+03    2.58973E+02    9.06858E+02    1.15369E+03
    1.59005E+03    2.47421E+02    8.94024E+02    1.14131E+03
    1.59479E+03    2.48778E+02    8.77441E+02    1.12573E+03
    1.59479E+03    2.44668E+02    8.60329E+02    1.11043E+03
    1.59953E+03    2.63111E+02    8.74762E+02    1.12327E+03
    1.59953E+03    2.47487E+02    8.86527E+02    1.13419E+03
    1.59953E+03    2.40591E+02    8.87597E+02    1.13520E+03
    1.59953E+03    2.35241E+02    8.89201E+02    1.13672E+03
    1.59953E+03    2.63831E+02    8.58185E+02    1.10858E+03
    1.60190E+03    2.37098E+02    8.61926E+02    1.11181E+03
    1.60427E+03    2.47356E+02    8.92939E+02    1.14027E+03
    1.60427E+03    2.44650E+02    8.79570E+02    1.12770E+03
    1.60427E+03    2.41689E+02    8.76362E+02    1.12474E+03
    1.60427E+03    2.63051E+02    8.56576E+02    1.10721E+03
    1.60427E+03    2.47803E+02    9.04169E+02    1.15108E+03
    1.60664E+03    2.49106E+02    8.59782E+02    1.10995E+03
    1.60664E+03    2.60243E+02    9.00958E+02    1.14797E+03
    1.60900E+03    2.34709E+02    8.78496E+02    1.12670E+03
    1.60900E+03    2.54680E+02    9.06838E+02    1.15367E+03
    1.60900E+03    2.55684E+02    8.88121E+02    1.13570E+03
    1.61137E+03    2.58539E+02    8.72611E+02    1.12132E+03
    1.61137E+03    2.35688E+02    9.03627E+02    1.15055E+03
    1.61137E+03    2.33942E+02    8.75284E+02    1.12375E+03
    1.61137E+03    2.56053E+02    8.58172E+02    1.10857E+03
    1.61611E+03    2.59381E+02    8.76884E+02    1.12522E+03
    1.61611E+03    2.50652E+02    9.09504E+02    1.15627E+03
    1.61611E+03    2.57806E+02    8.56028E+02    1.10675E+03
    1.61848E+03    2.53400E+02    9.15384E+02    1.16202E+03
    1.61848E+03    2.61687E+02    9.12175E+02    1.15888E+03
    1.61848E+03    2.59824E+02    8.79020E+02    1.12719E+03
    1.61848E+03    2.41303E+02    8.66721E+02    1.11603E+03
    1.61848E+03    2.41054E+02    9.05758E+02    1.15262E+03
    1.62322E+03    2.43542E+02    8.81154E+02    1.12917E+03
    1.62322E+03    2.48912E+02    8.74737E+02    1.12325E+03
    1.62559E+03    2.51439E+02    8.72595E+02    1.12130E+03
    1.62559E+03    2.58247E+02    8.83291E+02    1.13116E+03
    1.62559E+03    2.45697E+02    8.76874E+02    1.12521E+03
    1.62796E+03    2.57978E+02    8.85427E+02    1.13316E+03
    1.62796E+03    2.41168E+02    8.80080E+02    1.12817E+03
    1.62796E+03    2.44178E+02    9.11630E+02    1.15835E+03
    1.63033E+03    2.49633E+02    8.74729E+02    1.12324E+03
    1.63033E+03    2.45830E+02    9.08419E+02    1.15521E+03
    1.63033E+03    2.44421E+02    8.55478E+02    1.10628E+03
    1.63033E+03    2.38020E+02    8.86494E+02    1.13416E+03
    1.63507E+03    2.36645E+02    9.00393E+02    1.14743E+03
    1.63507E+03    2.49368E+02    8.95580E+02    1.14280E+03
    1.63744E+03    2.56052E+02    9.01995E+02    1.14897E+03
    1.63981E+03    2.32827E+02    9.06805E+02    1.15364E+03
    1.63981E+03    2.47682E+02    9.14826E+02    1.16147E+03
    1.64218E+03    2.46721E+02    9.09476E+02    1.15624E+03
    1.64218E+03    2.62369E+02    8.72578E+02    1.12129E+03
    1.64218E+03    2.54077E+02    9.15893E+02    1.16252E+03
    1.64455E+03    2.48342E+02    9.12147E+02    1.15885E+03
    1.64455E+03    2.58651E+02    9.03591E+02    1.15052E+03
    1.64455E+03    2.50416E+02    9.13752E+02    1.16042E+03
    1.64692E+03    2.56791E+02    9.21771E+02    1.16830E+03
    1.64929E+03    2.37733E+02    8.82196E+02    1.13014E+03
    1.64929E+03    2.40575E+02    8.67757E+02    1.11695E+03
    1.65640E+03    2.54242E+02    8.84327E+02    1.13213E+03
    1.65877E+03    2.35706E+02    9.08389E+02    1.15518E+03
    1.66351E+03    2.34368E+02    9.15336E+02    1.16197E+03
    1.66588E+03    2.40018E+02    9.08916E+02    1.15570E+03
    1.67062E+03    2.31956E+02    9.05702E+02    1.15257E+03
    1.67299E+03    2.44358E+02    9.03561E+02    1.15049E+03
    1.67299E+03    2.32523E+02    9.11582E+02    1.15830E+03
    1.67536E+03    2.53102E+02    9.07836E+02    1.15464E+03
    1.68246E+03    2.59904E+02    9.09433E+02    1.15620E+03
    1.68483E+03    2.39079E+02    9.05152E+02    1.15203E+03
    1.72275E+03    2.37562E+02    8.97625E+02    1.14476E+03
    1.72512E+03    2.41364E+02    9.06714E+02    1.15355E+03
    1.95972E+03    2.64432E+02    8.44431E+02    1.09725E+03
    1.97156E+03    2.57164E+02    8.45487E+02    1.09809E+03
    1.97630E+03    2.43416E+02    8.39600E+02    1.09351E+03
    1.97630E+03    2.58850E+02    8.41739E+02    1.09515E+03
    1.98104E+03    2.43621E+02    9.00023E+02    1.14707E+03
    1.98341E+03    2.43555E+02    9.03764E+02    1.15069E+03
    1.98815E+03    2.47039E+02    9.00015E+02    1.14706E+03
    1.99052E+03    2.43335E+02    8.39585E+02    1.09349E+03
    1.99289E+03    2.53482E+02    8.55090E+02    1.10596E+03
    2.00000E+03    2.63199E+02    8.44388E+02    1.09722E+03
    2.00237E+03    2.55313E+02    8.45455E+02    1.09806E+03
    2.00474E+03    2.64530E+02    8.55078E+02    1.10595E+03
    2.00474E+03    2.54862E+02    8.42778E+02    1.09596E+03
    2.00711E+03    2.40661E+02    8.52936E+02    1.10415E+03
    2.00711E+03    2.61360E+02    9.05877E+02    1.15274E+03
    2.00948E+03    2.51177E+02    8.39565E+02    1.09348E+03
    2.00948E+03    2.45909E+02    8.29404E+02    1.08606E+03
    2.00948E+03    2.54780E+02    8.44377E+02    1.09721E+03
    2.01185E+03    2.44247E+02    8.50257E+02    1.10194E+03
    2.01422E+03    2.51840E+02    8.47581E+02    1.09977E+03
    2.01422E+03    2.49707E+02    8.55602E+02    1.10639E+03
    2.01659E+03    2.60774E+02    9.03193E+02    1.15013E+03
    2.01659E+03    2.39999E+02    8.52926E+02    1.10414E+03
    2.01659E+03    2.44534E+02    8.41161E+02    1.09470E+03
    2.01896E+03    2.47527E+02    8.43833E+02    1.09678E+03
    2.01896E+03    2.54112E+02    8.59341E+02    1.10957E+03
    2.02133E+03    2.40203E+02    8.51851E+02    1.10325E+03
    2.02370E+03    2.58714E+02    8.38480E+02    1.09266E+03
    2.02370E+03    2.55432E+02    8.49710E+02    1.10149E+03
    2.02370E+03    2.61279E+02    8.47571E+02    1.09976E+03
    2.02607E+03    2.46102E+02    8.40616E+02    1.09428E+03
    2.02607E+03    2.51907E+02    8.45429E+02    1.09804E+03
    2.02607E+03    2.47551E+02    8.55055E+02    1.10593E+03
    2.02607E+03    2.41258E+02    8.59868E+02    1.11003E+03
    2.02844E+03    2.32713E+02    9.05854E+02    1.15272E+03
    2.02844E+03    2.65117E+02    8.43288E+02    1.09635E+03
    2.02844E+03    2.45621E+02    8.83929E+02    1.13176E+03
    2.02844E+03    2.36776E+02    8.89277E+02    1.13679E+03
    2.03081E+03    2.65408E+02    8.48633E+02    1.10062E+03
    2.03081E+03    2.48530E+02    8.52911E+02    1.10413E+03
    2.03081E+03    2.39560E+02    8.56654E+02    1.10728E+03
    2.03081E+03    2.59574E+02    8.81253E+02    1.12926E+03
    2.03081E+03    2.40381E+02    8.45424E+02    1.09804E+03
    2.03318E+03    2.45442E+02    8.33122E+02    1.08870E+03
    2.03318E+03    2.41311E+02    8.38470E+02    1.09265E+03
    2.03318E+03    2.44244E+02    8.77507E+02    1.12579E+03
    2.03318E+03    2.40107E+02    8.89272E+02    1.13679E+03
    2.03318E+03    2.40011E+02    8.54513E+02    1.10547E+03
    2.03318E+03    2.61679E+02    8.42748E+02    1.09593E+03
    2.03555E+03    2.50251E+02    8.50767E+02    1.10236E+03
    2.03555E+03    2.45648E+02    8.59858E+02    1.11002E+03
    2.03791E+03    2.50863E+02    8.47021E+02    1.09932E+03
    2.03791E+03    2.56996E+02    8.85523E+02    1.13325E+03
    2.03791E+03    2.66745E+02    8.40069E+02    1.09386E+03
    2.03791E+03    2.51458E+02    9.04240E+02    1.15115E+03
    2.04028E+03    2.44644E+02    8.42740E+02    1.09593E+03
    2.04028E+03    2.61420E+02    8.31510E+02    1.08754E+03
    2.04028E+03    2.63227E+02    8.54505E+02    1.10546E+03
    2.04265E+03    2.42893E+02    8.58246E+02    1.10863E+03
    2.04265E+03    2.58831E+02    8.81240E+02    1.12925E+03
    2.04265E+03    2.53584E+02    8.37390E+02    1.09184E+03
    2.04265E+03    2.51402E+02    8.52898E+02    1.10412E+03
    2.04265E+03    2.55967E+02    8.43807E+02    1.09676E+03
    2.04265E+03    2.61513E+02    8.48620E+02    1.10061E+03
    2.04265E+03    2.54537E+02    9.05839E+02    1.15270E+03
    2.04739E+03    2.48886E+02    8.60914E+02    1.11093E+03
    2.04739E+03    2.61403E+02    8.83374E+02    1.13124E+03
    2.04739E+03    2.56385E+02    8.46476E+02    1.09888E+03
    2.04739E+03    2.51607E+02    8.41663E+02    1.09509E+03
    2.04739E+03    2.61241E+02    8.51289E+02    1.10279E+03
    2.04976E+03    2.53334E+02    8.86580E+02    1.13425E+03
    2.04976E+03    2.56858E+02    8.55564E+02    1.10636E+03
    2.04976E+03    2.68667E+02    8.38987E+02    1.09304E+03
    2.04976E+03    2.60541E+02    9.04227E+02    1.15114E+03
    2.04976E+03    2.66573E+02    8.31500E+02    1.08754E+03
    2.05213E+03    2.46523E+02    8.44332E+02    1.09717E+03
    2.05213E+03    2.55983E+02    8.35776E+02    1.09064E+03
    2.05213E+03    2.51569E+02    8.53423E+02    1.10456E+03
    2.05213E+03    2.38650E+02    8.57166E+02    1.10771E+03
    2.05213E+03    2.44211E+02    9.08503E+02    1.15529E+03
    2.05213E+03    2.50503E+02    8.78556E+02    1.12676E+03
    2.05450E+03    2.59341E+02    8.80693E+02    1.12874E+03
    2.05450E+03    2.50089E+02    8.49142E+02    1.10103E+03
    2.05450E+03    2.59190E+02    8.47003E+02    1.09930E+03
    2.05687E+03    2.61027E+02    8.61439E+02    1.11139E+03
    2.05687E+03    2.56634E+02    8.59835E+02    1.11000E+03
    2.05687E+03    2.55869E+02    9.06359E+02    1.15321E+03
    2.05687E+03    2.59870E+02    8.40583E+02    1.09426E+03
    2.05687E+03    2.58753E+02    8.51279E+02    1.10278E+03
    2.05924E+03    2.39758E+02    8.38442E+02    1.09263E+03
    2.06161E+03    2.59409E+02    8.83894E+02    1.13172E+03
    2.06161E+03    2.53709E+02    8.43787E+02    1.09675E+03
    2.06161E+03    2.54046E+02    8.34696E+02    1.08984E+03
    2.06161E+03    2.34473E+02    8.89241E+02    1.13676E+03
    2.06161E+03    2.57280E+02    8.55017E+02    1.10589E+03
    2.06398E+03    2.47334E+02    8.86565E+02    1.13423E+03
    2.06398E+03    2.56724E+02    8.50201E+02    1.10189E+03
    2.06398E+03    2.57553E+02    8.48062E+02    1.10015E+03
    2.06635E+03    2.41950E+02    8.54477E+02    1.10544E+03
    2.06635E+03    2.67937E+02    8.33621E+02    1.08906E+03
    2.06635E+03    2.65429E+02    8.37365E+02    1.09182E+03
    2.06635E+03    2.63019E+02    8.52338E+02    1.10366E+03
    2.06635E+03    2.53942E+02    8.45386E+02    1.09801E+03
    2.06635E+03    2.42978E+02    8.40039E+02    1.09384E+03
    2.06635E+03    2.51822E+02    8.42178E+02    1.09549E+03
    2.06635E+03    2.64922E+02    8.59290E+02    1.10953E+03
    2.06872E+03    2.38479E+02    9.00999E+02    1.14801E+03
    2.07109E+03    2.45323E+02    9.03135E+02    1.15008E+03
    2.07109E+03    2.43714E+02    8.67306E+02    1.11655E+03
    2.07109E+03    2.50391E+02    8.61424E+02    1.11137E+03
    2.07109E+03    2.58595E+02    8.97253E+02    1.14440E+03
    2.07109E+03    2.52646E+02    8.37360E+02    1.09181E+03
    2.07346E+03    2.45752E+02    9.11154E+02    1.15788E+03
    2.07346E+03    2.56062E+02    9.05806E+02    1.15267E+03
    2.07346E+03    2.47947E+02    8.48587E+02    1.10058E+03
    2.07346E+03    2.44540E+02    8.42705E+02    1.09590E+03
    2.07346E+03    2.66573E+02    8.50726E+02    1.10233E+03
    2.07346E+03    2.37044E+02    8.90833E+02    1.13827E+03
    2.07583E+03    2.51581E+02    8.86552E+02    1.13422E+03
    2.07583E+03    2.58641E+02    8.34681E+02    1.08983E+03
    2.07583E+03    2.34763E+02    8.63023E+02    1.11277E+03
    2.07583E+03    2.38831E+02    8.40028E+02    1.09383E+03
    2.07820E+03    2.55996E+02    8.84411E+02    1.13221E+03
    2.07820E+03    2.54367E+02    8.88689E+02    1.13624E+03
    2.07820E+03    2.42660E+02    8.80133E+02    1.12822E+03
    2.07820E+03    2.50048E+02    8.45908E+02    1.09842E+03
    2.07820E+03    2.58324E+02    8.44304E+02    1.09715E+03
    2.07820E+03    2.56646E+02    8.52860E+02    1.10409E+03
    2.08057E+03    2.45615E+02    8.37350E+02    1.09181E+03
    2.08057E+03    2.57401E+02    8.93499E+02    1.14081E+03
    2.08057E+03    2.59464E+02    8.42697E+02    1.09589E+03
    2.08294E+03    2.57077E+02    8.95636E+02    1.14285E+03
    2.08294E+03    2.34850E+02    9.00983E+02    1.14800E+03
    2.08294E+03    2.39053E+02    8.50716E+02    1.10232E+03
    2.08294E+03    2.55030E+02    8.98310E+02    1.14542E+03
    2.08531E+03    2.50735E+02    9.06328E+02    1.15318E+03
    2.08531E+03    2.43310E+02    8.49109E+02    1.10100E+03
    2.08531E+03    2.45213E+02    8.40018E+02    1.09382E+03
    2.08531E+03    2.34895E+02    8.90286E+02    1.13775E+03
    2.08531E+03    2.49629E+02    8.43762E+02    1.09673E+03
    2.08768E+03    2.62267E+02    8.72636E+02    1.12134E+03
    2.08768E+03    2.66165E+02    8.44829E+02    1.09757E+03
    2.08768E+03    2.43460E+02    9.09534E+02    1.15630E+03
    2.08768E+03    2.40020E+02    9.03117E+02    1.15006E+03
    2.08768E+03    2.58070E+02    8.46968E+02    1.09927E+03
    2.09005E+03    2.47980E+02    8.37339E+02    1.09180E+03
    2.09005E+03    2.55009E+02    9.12206E+02    1.15891E+03
    2.09005E+03    2.59570E+02    8.53917E+02    1.10497E+03
    2.09005E+03    2.45538E+02    8.83329E+02    1.13119E+03
    2.09005E+03    2.48763E+02    8.34131E+02    1.08943E+03
    2.09242E+03    2.37929E+02    8.98299E+02    1.14541E+03
    2.09242E+03    2.36942E+02    8.50706E+02    1.10231E+03
    2.09242E+03    2.38840E+02    8.80118E+02    1.12820E+03
    2.09242E+03    2.67696E+02    8.42684E+02    1.09588E+03
    2.09242E+03    2.39631E+02    8.93487E+02    1.14080E+03
    2.09242E+03    2.57228E+02    8.87069E+02    1.13471E+03
    2.09242E+03    2.36824E+02    8.85465E+02    1.13320E+03
    2.09479E+03    2.44138E+02    8.96158E+02    1.14335E+03
    2.09479E+03    2.55027E+02    8.48564E+02    1.10056E+03
    2.09716E+03    2.44116E+02    8.40006E+02    1.09382E+03
    2.09716E+03    2.56509E+02    9.14337E+02    1.16100E+03
    2.09716E+03    2.37668E+02    8.82252E+02    1.13019E+03
    2.09716E+03    2.67051E+02    8.46423E+02    1.09884E+03
    2.09716E+03    2.39480E+02    9.09524E+02    1.15629E+03
    2.09716E+03    2.38887E+02    9.05246E+02    1.15213E+03
    2.09716E+03    2.35063E+02    9.00968E+02    1.14798E+03
    2.09716E+03    2.40093E+02    8.74765E+02    1.12328E+03
    2.09953E+03    2.55742E+02    8.50163E+02    1.10186E+03
    2.09953E+03    2.52583E+02    9.12196E+02    1.15890E+03
    2.09953E+03    2.63578E+02    8.36260E+02    1.09099E+03
    2.09953E+03    2.53407E+02    8.89201E+02    1.13672E+03
    2.09953E+03    2.60556E+02    8.43746E+02    1.09671E+03
    2.10190E+03    2.51905E+02    9.07380E+02    1.15420E+03
    2.10190E+03    2.51671E+02    8.86525E+02    1.13419E+03
    2.10190E+03    2.35498E+02    8.71551E+02    1.12036E+03
    2.10190E+03    2.54180E+02    8.52835E+02    1.10407E+03
    2.10190E+03    2.39607E+02    8.84386E+02    1.13218E+03
    2.10190E+03    2.48760E+02    8.38396E+02    1.09259E+03
    2.10427E+03    2.61298E+02    8.34116E+02    1.08942E+03
    2.10427E+03    2.35882E+02    8.92404E+02    1.13976E+03
    2.10427E+03    2.54431E+02    9.20212E+02    1.16677E+03
    2.10427E+03    2.49249E+02    8.75292E+02    1.12376E+03
    2.10427E+03    2.48812E+02    8.96148E+02    1.14334E+03
    2.10664E+03    2.50726E+02    8.80102E+02    1.12819E+03
    2.10664E+03    2.41785E+02    9.04701E+02    1.15160E+03
    2.10664E+03    2.58505E+02    8.46413E+02    1.09883E+03
    2.10664E+03    2.42854E+02    8.41065E+02    1.09463E+03
    2.10664E+03    2.42820E+02    8.43739E+02    1.09671E+03
    2.10664E+03    2.46218E+02    9.14327E+02    1.16099E+03
    2.10664E+03    2.57897E+02    8.98819E+02    1.14591E+03
    2.10664E+03    2.60723E+02    8.52295E+02    1.10362E+03
    2.10664E+03    2.53603E+02    8.49086E+02    1.10098E+03
    2.10900E+03    2.53750E+02    9.18603E+02    1.16518E+03
    2.10900E+03    2.49217E+02    8.36250E+02    1.09099E+03
    2.10900E+03    2.36580E+02    8.89191E+02    1.13671E+03
    2.10900E+03    2.47853E+02    9.01490E+02    1.14849E+03
    2.11137E+03    2.41991E+02    8.86514E+02    1.13418E+03
    2.11137E+03    2.56843E+02    8.38386E+02    1.09259E+03
    2.11374E+03    2.53400E+02    8.44266E+02    1.09712E+03
    2.11374E+03    2.44653E+02    9.11111E+02    1.15784E+03
    2.11374E+03    2.39413E+02    9.14854E+02    1.16150E+03
    2.11374E+03    2.42913E+02    9.07902E+02    1.15471E+03
    2.11374E+03    2.48494E+02    8.50148E+02    1.10185E+03
    2.11611E+03    2.51151E+02    8.44798E+02    1.09754E+03
    2.11611E+03    2.47326E+02    8.80627E+02    1.12868E+03
    2.11611E+03    2.48242E+02    8.50680E+02    1.10229E+03
    2.11611E+03    2.40393E+02    9.00948E+02    1.14796E+03
    2.11611E+03    2.40791E+02    8.41590E+02    1.09503E+03
    2.11611E+03    2.43379E+02    8.93996E+02    1.14128E+03
    2.11611E+03    2.46688E+02    8.38916E+02    1.09299E+03
    2.11611E+03    2.52264E+02    8.98274E+02    1.14538E+03
    2.11848E+03    2.52182E+02    9.04689E+02    1.15158E+03
    2.11848E+03    2.48320E+02    8.82764E+02    1.13067E+03
    2.12085E+03    2.53678E+02    9.07360E+02    1.15418E+03
    2.12085E+03    2.54144E+02    8.89178E+02    1.13670E+03
    2.12085E+03    2.60728E+02    8.91852E+02    1.13924E+03
    2.12085E+03    2.51239E+02    8.46397E+02    1.09882E+03
    2.12322E+03    2.60400E+02    8.96127E+02    1.14332E+03
    2.12322E+03    2.42316E+02    8.86502E+02    1.13417E+03
    2.12322E+03    2.47519E+02    8.72598E+02    1.12130E+03
    2.12559E+03    2.47511E+02    9.01472E+02    1.14847E+03
    2.12559E+03    2.53008E+02    8.79013E+02    1.12718E+03
    2.12559E+03    2.46021E+02    8.69922E+02    1.11889E+03
    2.12559E+03    2.49885E+02    9.11633E+02    1.15835E+03
    2.12796E+03    2.61175E+02    9.18582E+02    1.16516E+03
    2.12796E+03    2.36057E+02    9.20721E+02    1.16727E+03
    2.12796E+03    2.58671E+02    8.41042E+02    1.09461E+03
    2.12796E+03    2.42210E+02    9.04679E+02    1.15157E+03
    2.12796E+03    2.47889E+02    9.15374E+02    1.16201E+03
    2.12796E+03    2.48587E+02    8.82753E+02    1.13066E+03
    2.12796E+03    2.56968E+02    8.98796E+02    1.14589E+03
    2.13033E+03    2.38197E+02    8.44783E+02    1.09753E+03
    2.13033E+03    2.40047E+02    9.07350E+02    1.15417E+03
    2.13033E+03    2.51030E+02    9.10558E+02    1.15730E+03
    2.13033E+03    2.48671E+02    8.93981E+02    1.14127E+03
    2.13033E+03    2.61242E+02    8.72590E+02    1.12130E+03
    2.13270E+03    2.40732E+02    8.85422E+02    1.13316E+03
    2.13507E+03    2.61174E+02    8.99323E+02    1.14640E+03
    2.13507E+03    2.39895E+02    8.89698E+02    1.13719E+03
    2.13507E+03    2.57732E+02    8.91302E+02    1.13871E+03
    2.13507E+03    2.59515E+02    8.40500E+02    1.09419E+03
    2.13744E+03    2.46576E+02    8.82743E+02    1.13065E+03
    2.13744E+03    2.56458E+02    9.03064E+02    1.15001E+03
    2.13744E+03    2.32128E+02    9.26594E+02    1.17306E+03
    2.13744E+03    2.36431E+02    9.16968E+02    1.16358E+03
    2.13744E+03    2.53848E+02    8.87021E+02    1.13466E+03
    2.13744E+03    2.53028E+02    9.08412E+02    1.15520E+03
    2.13744E+03    2.44758E+02    9.14294E+02    1.16095E+03
    2.13744E+03    2.48972E+02    9.23920E+02    1.17042E+03
    2.13981E+03    2.54097E+02    9.20709E+02    1.16725E+03
    2.13981E+03    2.62797E+02    8.80602E+02    1.12865E+03
    2.14218E+03    2.59947E+02    8.38888E+02    1.09296E+03
    2.14218E+03    2.47081E+02    8.40492E+02    1.09419E+03
    2.14218E+03    2.54095E+02    9.25519E+02    1.17200E+03
    2.14455E+03    2.36864E+02    9.11078E+02    1.15781E+03
    2.14455E+03    2.32143E+02    9.00917E+02    1.14793E+03
    2.14692E+03    2.46324E+02    9.27653E+02    1.17411E+03
    2.14692E+03    2.34343E+02    9.03054E+02    1.15000E+03
    2.14692E+03    2.37359E+02    8.90220E+02    1.13769E+03
    2.14929E+03    2.59211E+02    8.98239E+02    1.14535E+03
    2.14929E+03    2.56041E+02    8.88613E+02    1.13616E+03
    2.14929E+03    2.53923E+02    9.22303E+02    1.16882E+03
    2.14929E+03    2.45289E+02    8.96100E+02    1.14330E+03
    2.14929E+03    2.31427E+02    9.75244E+02    1.22148E+03
    2.15166E+03    2.51512E+02    8.69894E+02    1.11886E+03
    2.15166E+03    2.54252E+02    8.40482E+02    1.09418E+03
    2.15166E+03    2.33586E+02    9.18557E+02    1.16514E+03
    2.15166E+03    2.47969E+02    9.14814E+02    1.16146E+03
    2.15403E+03    2.43178E+02    9.24971E+02    1.17146E+03
    2.15403E+03    2.37801E+02    9.43153E+02    1.18948E+03
    2.15403E+03    2.43353E+02    9.08929E+02    1.15571E+03
    2.15640E+03    2.50236E+02    9.29782E+02    1.17621E+03
    2.15640E+03    2.51788E+02    9.00905E+02    1.14792E+03
    2.15877E+03    2.52516E+02    9.75234E+02    1.22147E+03
    2.15877E+03    2.47626E+02    9.26571E+02    1.17304E+03
    2.16114E+03    2.40216E+02    9.07852E+02    1.15466E+03
    2.16114E+03    2.56033E+02    9.20151E+02    1.16671E+03
    2.16351E+03    2.42672E+02    9.22822E+02    1.16934E+03
    2.16351E+03    2.51819E+02    9.75229E+02    1.22147E+03
    2.16351E+03    2.40954E+02    9.14801E+02    1.16145E+03
    2.16588E+03    2.32334E+02    8.99825E+02    1.14688E+03
    2.16588E+03    2.35094E+02    9.01964E+02    1.14894E+03
    2.16588E+03    2.47894E+02    8.94478E+02    1.14174E+03
    2.16588E+03    2.55189E+02    9.04103E+02    1.15102E+03
    2.16825E+03    2.37857E+02    9.75224E+02    1.22146E+03
    2.16825E+03    2.33138E+02    9.25491E+02    1.17197E+03
    2.17062E+03    2.33649E+02    9.21745E+02    1.16828E+03
    2.17299E+03    2.36644E+02    9.06769E+02    1.15361E+03
    2.17299E+03    2.53161E+02    9.28160E+02    1.17461E+03
    2.17536E+03    2.40465E+02    9.20136E+02    1.16669E+03
    2.17536E+03    2.33784E+02    8.94467E+02    1.14173E+03
    2.17773E+03    2.46005E+02    9.13716E+02    1.16039E+03
    2.17773E+03    2.45215E+02    9.23877E+02    1.17038E+03
    2.18009E+03    2.46924E+02    9.43660E+02    1.18998E+03
    2.18483E+03    2.44976E+02    9.18521E+02    1.16510E+03
    2.18483E+03    2.35878E+02    9.36703E+02    1.18307E+03
    2.18483E+03    2.40228E+02    9.14778E+02    1.16143E+03
    2.18483E+03    2.56282E+02    9.56489E+02    1.20276E+03
    2.18720E+03    2.52317E+02    9.28145E+02    1.17459E+03
    2.18720E+03    2.48764E+02    9.29749E+02    1.17618E+03
    2.18720E+03    2.51915E+02    9.25471E+02    1.17195E+03
    2.18957E+03    2.41466E+02    9.21725E+02    1.16826E+03
    2.19194E+03    2.32961E+02    9.75198E+02    1.22143E+03
    2.19194E+03    2.60900E+02    9.50065E+02    1.19636E+03
    2.19431E+03    2.47543E+02    9.56479E+02    1.20275E+03
    2.19431E+03    2.31377E+02    9.43110E+02    1.18944E+03
    2.19668E+03    2.57258E+02    9.19044E+02    1.16562E+03
    2.19905E+03    2.32389E+02    9.23319E+02    1.16983E+03
    2.19905E+03    2.43009E+02    9.13159E+02    1.15984E+03
    2.20142E+03    2.45979E+02    9.51124E+02    1.19741E+03
    2.20142E+03    2.48758E+02    9.25990E+02    1.17246E+03
    2.20379E+03    2.53440E+02    9.56469E+02    1.20274E+03
    2.20379E+03    2.51707E+02    9.43100E+02    1.18943E+03
    2.20616E+03    2.47530E+02    9.28659E+02    1.17510E+03
    2.20853E+03    2.32463E+02    9.33469E+02    1.17986E+03
    2.20853E+03    2.35248E+02    9.19031E+02    1.16560E+03
    2.21090E+03    2.60558E+02    9.38280E+02    1.18464E+03
    2.21090E+03    2.37122E+02    9.25980E+02    1.17245E+03
    2.21090E+03    2.41827E+02    9.51649E+02    1.19794E+03
    2.21090E+03    2.49653E+02    9.83199E+02    1.22943E+03
    2.21090E+03    2.49597E+02    9.36675E+02    1.18304E+03
    2.21327E+03    2.35294E+02    9.22769E+02    1.16928E+03
    2.21564E+03    2.47858E+02    9.56456E+02    1.20273E+03
    2.21564E+03    2.59948E+02    9.43087E+02    1.18941E+03
    2.21801E+03    2.42156E+02    9.28112E+02    1.17456E+03
    2.21801E+03    2.56623E+02    9.25438E+02    1.17192E+03
    2.21801E+03    2.60457E+02    9.83192E+02    1.22942E+03
    2.21801E+03    2.39343E+02    9.19021E+02    1.16559E+03
    2.22038E+03    2.39218E+02    9.13671E+02    1.16034E+03
    2.22038E+03    2.44018E+02    9.51638E+02    1.19793E+03
    2.22275E+03    2.55761E+02    9.36663E+02    1.18303E+03
    2.22749E+03    2.58418E+02    9.25428E+02    1.17191E+03
    2.22749E+03    2.38625E+02    9.51631E+02    1.19792E+03
    2.22749E+03    2.54334E+02    9.22754E+02    1.16927E+03
    2.22986E+03    2.52170E+02    9.43607E+02    1.18993E+03
    2.22986E+03    2.45010E+02    9.27564E+02    1.17402E+03
    2.23223E+03    2.39295E+02    9.34514E+02    1.18090E+03
    2.23460E+03    2.51414E+02    9.28094E+02    1.17454E+03
    2.23460E+03    2.34733E+02    9.75687E+02    1.22192E+03
    2.23697E+03    2.37644E+02    9.38252E+02    1.18461E+03
    2.23697E+03    2.34698E+02    9.51621E+02    1.19791E+03
    2.23697E+03    2.47638E+02    9.83172E+02    1.22940E+03
    2.24408E+03    2.31510E+02    9.43057E+02    1.18938E+03
    2.24882E+03    2.36567E+02    9.51608E+02    1.19790E+03
    2.24882E+03    2.49346E+02    9.37170E+02    1.18354E+03
    2.24882E+03    2.44186E+02    9.83159E+02    1.22939E+03
    2.25355E+03    2.34116E+02    9.15239E+02    1.16188E+03
    2.25592E+03    2.51912E+02    9.51066E+02    1.19736E+03
    2.26066E+03    2.42613E+02    9.38761E+02    1.18512E+03
    2.26066E+03    2.56376E+02    9.51061E+02    1.19735E+03
    2.26540E+03    2.35096E+02    9.34478E+02    1.18086E+03
    2.26777E+03    2.60841E+02    9.15224E+02    1.16186E+03
    2.27488E+03    2.32243E+02    9.38746E+02    1.18510E+03
    2.27725E+03    2.33797E+02    9.34465E+02    1.18085E+03
    2.27962E+03    2.46315E+02    9.24837E+02    1.17132E+03
    2.27962E+03    2.54724E+02    9.15211E+02    1.16185E+03
    2.28199E+03    2.59253E+02    9.79380E+02    1.22561E+03
    2.28199E+03    2.38793E+02    9.51573E+02    1.19786E+03
    2.28436E+03    2.42080E+02    9.51035E+02    1.19733E+03
    2.28673E+03    2.54428E+02    9.38733E+02    1.18509E+03
    2.28910E+03    2.46386E+02    9.34453E+02    1.18084E+03
    2.29147E+03    2.53695E+02    1.06814E+03    1.31436E+03
    2.29384E+03    2.51798E+02    9.15196E+02    1.16184E+03
    2.29384E+03    2.51669E+02    1.01359E+03    1.25981E+03
    2.29621E+03    2.54191E+02    9.24819E+02    1.17131E+03
    2.29858E+03    2.32318E+02    9.86849E+02    1.23308E+03
    2.30095E+03    2.38146E+02    9.83103E+02    1.22933E+03
    2.30569E+03    2.37882E+02    9.79889E+02    1.22612E+03
    2.30806E+03    2.48366E+02    9.24807E+02    1.17129E+03
    2.30806E+03    2.50796E+02    1.06759E+03    1.31380E+03
    2.30806E+03    2.50001E+02    9.23737E+02    1.17024E+03
    2.30806E+03    2.42796E+02    9.14646E+02    1.16130E+03
    2.31043E+03    2.37971E+02    9.86836E+02    1.23306E+03
    2.31517E+03    2.38243E+02    9.79345E+02    1.22558E+03
    2.31754E+03    2.50818E+02    9.86294E+02    1.23252E+03
    2.32701E+03    2.36205E+02    9.86819E+02    1.23305E+03
    2.32701E+03    2.53540E+02    1.06757E+03    1.31378E+03
    2.33175E+03    2.36021E+02    9.84140E+02    1.23037E+03
    2.33886E+03    2.32650E+02    1.00392E+03    1.25014E+03
    2.33886E+03    2.51086E+02    9.87341E+02    1.23357E+03
    2.34123E+03    2.34966E+02    1.02263E+03    1.26885E+03
    2.34123E+03    2.59704E+02    9.83595E+02    1.22982E+03
    2.34360E+03    2.45743E+02    1.06755E+03    1.31377E+03
    2.34597E+03    2.49864E+02    9.79312E+02    1.22554E+03
    2.34834E+03    2.58639E+02    1.02209E+03    1.26831E+03
    2.34834E+03    2.31759E+02    1.00391E+03    1.25013E+03
    2.35545E+03    2.49039E+02    9.79302E+02    1.22553E+03
    2.35782E+03    2.52873E+02    1.06753E+03    1.31375E+03
    2.36256E+03    2.46126E+02    9.83572E+02    1.22980E+03
    2.36493E+03    2.32830E+02    1.01352E+03    1.25973E+03
    2.36730E+03    2.44466E+02    1.06752E+03    1.31374E+03
    2.36967E+03    2.46804E+02    9.83564E+02    1.22979E+03
    2.37441E+03    2.54391E+02    9.79281E+02    1.22551E+03
    2.38389E+03    2.33180E+02    1.01350E+03    1.25971E+03
    2.38389E+03    2.44501E+02    1.02900E+03    1.27522E+03
    2.38389E+03    2.60544E+02    9.83549E+02    1.22978E+03
    2.39100E+03    2.45253E+02    1.00386E+03    1.25008E+03
    2.39336E+03    2.41091E+02    1.01349E+03    1.25970E+03
    2.40284E+03    2.44598E+02    1.00438E+03    1.25060E+03
    2.41232E+03    2.53520E+02    9.99562E+02    1.24578E+03
    2.41232E+03    2.37381E+02    1.00491E+03    1.25113E+03
    2.41706E+03    2.36362E+02    1.00383E+03    1.25006E+03
    2.41706E+03    2.42393E+02    1.02950E+03    1.27572E+03
    2.41943E+03    2.59411E+02    1.01346E+03    1.25968E+03
    2.42654E+03    2.60166E+02    1.00436E+03    1.25058E+03
    2.42891E+03    2.38868E+02    1.01398E+03    1.26020E+03
    2.43602E+03    2.33328E+02    1.02895E+03    1.27517E+03
    2.44787E+03    2.34937E+02    9.98989E+02    1.24521E+03
    2.46445E+03    2.47008E+02    1.02892E+03    1.27514E+03
    2.47156E+03    2.36024E+02    9.99498E+02    1.24572E+03
    2.47630E+03    2.46753E+02    9.99493E+02    1.24571E+03
    2.48341E+03    2.34376E+02    1.00376E+03    1.24998E+03
    2.48815E+03    2.56465E+02    1.02889E+03    1.27511E+03
    2.50474E+03    2.42278E+02    1.00321E+03    1.24943E+03
    2.50948E+03    2.43938E+02    9.98923E+02    1.24514E+03
    2.53081E+03    2.41037E+02    1.00371E+03    1.24993E+03
    2.54502E+03    2.52627E+02    1.00370E+03    1.24992E+03
