    2.41332E+36    1.99000E+16    3.63503E+06    2.65238E+02    3.61663E-02   -7.66731E-02
    2.66139E+36    2.19455E+16    3.53482E+06    2.76597E+02    3.58937E-02   -4.74763E-02
    2.89691E+36    2.38876E+16    3.45021E+06    2.86834E+02    3.49199E-02   -3.03965E-02
    2.73174E+36    2.25256E+16    3.50857E+06    2.79707E+02    3.93865E-02   -4.62133E-02
    2.57599E+36    2.12413E+16    3.56791E+06    2.72757E+02    3.95450E-02   -6.16158E-02
    4.28457E+36    3.53300E+16    3.08519E+06    3.39215E+02    1.12622E-01    1.65745E-02
    4.09333E+36    3.37531E+16    3.12570E+06    3.32641E+02    8.89486E-02    6.33133E-03
    4.48474E+36    3.69806E+16    3.04520E+06    3.45918E+02    7.76884E-02    1.62300E-02
    6.37840E+36    5.25955E+16    2.75365E+06    4.02285E+02    9.03837E-02    5.03716E-02
    6.72008E+36    5.54129E+16    2.71290E+06    4.11383E+02    9.14705E-02    5.42376E-02
    6.76406E+36    5.57756E+16    2.70785E+06    4.12535E+02    9.84802E-02    5.88339E-02
    8.38864E+36    6.91717E+16    2.54633E+06    4.52403E+02    9.42189E-02    6.75770E-02
    8.38864E+36    6.91717E+16    2.54633E+06    4.52403E+02    8.96328E-02    6.43298E-02
    9.31145E+36    7.67811E+16    2.47152E+06    4.73098E+02    9.40123E-02    7.18466E-02
    1.07483E+37    8.86293E+16    2.37224E+06    5.03107E+02    1.06356E-01    8.69480E-02
    9.37239E+36    7.72836E+16    2.46692E+06    4.74422E+02    1.13490E-01    8.67874E-02
    1.22461E+37    1.00980E+17    2.28544E+06    5.32038E+02    1.21751E-01    1.04350E-01
    1.39526E+37    1.15051E+17    2.20182E+06    5.62631E+02    1.24153E-01    1.10871E-01
    1.28182E+37    1.05697E+17    2.25582E+06    5.42551E+02    1.29215E-01    1.12285E-01
    1.23262E+37    1.01641E+17    2.28119E+06    5.33527E+02    1.34109E-01    1.14925E-01
    1.20088E+37    9.90229E+16    2.29826E+06    5.27594E+02    1.54269E-01    1.30665E-01
    1.00041E+37    8.24927E+16    2.42137E+06    4.87872E+02    1.61973E-01    1.27664E-01
    1.16995E+37    9.64727E+16    2.31545E+06    5.21728E+02    1.58508E-01    1.32990E-01
    1.42283E+37    1.17325E+17    2.18955E+06    5.67370E+02    1.65500E-01    1.47376E-01
    1.69684E+37    1.39919E+17    2.08210E+06    6.11852E+02    1.61610E-01    1.50311E-01
    1.58969E+37    1.31084E+17    2.12126E+06    5.94985E+02    1.48925E-01    1.36848E-01
    1.62110E+37    1.33674E+17    2.10944E+06    5.99995E+02    1.41396E-01    1.30783E-01
    1.84700E+37    1.52302E+17    2.03226E+06    6.34497E+02    1.40573E-01    1.33870E-01
