    2.38436E+37    1.96611E+17    1.31741E+06    1.21567E+03    2.47865E-01    2.69510E-01
    2.73440E+37    2.25475E+17    1.26685E+06    1.28917E+03    2.47048E-01    2.70770E-01
    2.73440E+37    2.25475E+17    1.26685E+06    1.28917E+03    2.41752E-01    2.65603E-01
    2.82505E+37    2.32950E+17    1.25510E+06    1.30732E+03    2.47874E-01    2.72043E-01
    2.91870E+37    2.40672E+17    1.24346E+06    1.32572E+03    2.46064E-01    2.70739E-01
    2.93780E+37    2.42247E+17    1.24114E+06    1.32943E+03    2.53711E-01    2.78278E-01
    2.88088E+37    2.37553E+17    1.24810E+06    1.31833E+03    2.67130E-01    2.90979E-01
    3.26098E+37    2.68896E+17    1.20468E+06    1.39024E+03    2.50520E-01    2.76605E-01
    3.64340E+37    3.00430E+17    1.16711E+06    1.45791E+03    2.55856E-01    2.83260E-01
    3.64340E+37    3.00430E+17    1.16711E+06    1.45791E+03    2.53275E-01    2.80743E-01
    3.69125E+37    3.04376E+17    1.16277E+06    1.46609E+03    2.37867E-01    2.65784E-01
    3.73973E+37    3.08373E+17    1.15844E+06    1.47431E+03    2.36515E-01    2.64608E-01
    3.78883E+37    3.12422E+17    1.15413E+06    1.48257E+03    2.48783E-01    2.76842E-01
    3.91443E+37    3.22779E+17    1.14343E+06    1.50344E+03    2.46410E-01    2.74916E-01
    3.99180E+37    3.29159E+17    1.13705E+06    1.51610E+03    2.45508E-01    2.74267E-01
    4.21128E+36    3.47257E+16    2.16198E+06    5.78255E+02    1.41560E-01    1.27677E-01
    4.78955E+36    3.94940E+16    2.08395E+06    6.11038E+02    1.61773E-01    1.50074E-01
    4.97130E+36    4.09927E+16    2.06189E+06    6.20870E+02    1.21285E-01    1.14993E-01
    5.00445E+36    4.12661E+16    2.05798E+06    6.22641E+02    1.35563E-01    1.28063E-01
    5.22715E+36    4.31024E+16    2.03253E+06    6.34368E+02    1.28473E-01    1.22903E-01
    5.36713E+36    4.42567E+16    2.01725E+06    6.41594E+02    1.51320E-01    1.44444E-01
    5.51365E+36    4.54649E+16    2.00178E+06    6.49043E+02    1.42715E-01    1.37404E-01
    5.80568E+36    4.78729E+16    1.97248E+06    6.63558E+02    1.77020E-01    1.70336E-01
    5.87593E+36    4.84522E+16    1.96571E+06    6.66987E+02    1.49561E-01    1.45505E-01
    5.98805E+36    4.93767E+16    1.95513E+06    6.72413E+02    1.50278E-01    1.46698E-01
    6.05760E+36    4.99502E+16    1.94869E+06    6.75749E+02    1.28483E-01    1.26771E-01
    6.09370E+36    5.02479E+16    1.94538E+06    6.77472E+02    1.62257E-01    1.58259E-01
    6.27633E+36    5.17538E+16    1.92904E+06    6.86100E+02    1.40220E-01    1.38616E-01
    6.31353E+36    5.20606E+16    1.92578E+06    6.87840E+02    1.76332E-01    1.72304E-01
    6.60385E+36    5.44545E+16    1.90120E+06    7.01222E+02    1.81959E-01    1.78849E-01
    6.63740E+36    5.47312E+16    1.89845E+06    7.02746E+02    1.68651E-01    1.66626E-01
    6.74970E+36    5.56572E+16    1.88937E+06    7.07817E+02    1.86344E-01    1.83563E-01
    6.78478E+36    5.59464E+16    1.88658E+06    7.09391E+02    1.78590E-01    1.76503E-01
    6.82155E+36    5.62497E+16    1.88367E+06    7.11037E+02    1.59028E-01    1.58378E-01
    7.21943E+36    5.95305E+16    1.85340E+06    7.28523E+02    1.44081E-01    1.45687E-01
    7.25670E+36    5.98379E+16    1.85068E+06    7.30133E+02    1.84315E-01    1.83740E-01
    7.32830E+36    6.04283E+16    1.84549E+06    7.33211E+02    1.71027E-01    1.71530E-01
    7.36500E+36    6.07309E+16    1.84286E+06    7.34783E+02    1.46675E-01    1.48621E-01
    7.65398E+36    6.31137E+16    1.82271E+06    7.47003E+02    1.51866E-01    1.54464E-01
    7.94745E+36    6.55337E+16    1.80322E+06    7.59146E+02    2.07432E-01    2.07931E-01
    8.01990E+36    6.61311E+16    1.79855E+06    7.62105E+02    1.87964E-01    1.89855E-01
    8.23555E+36    6.79093E+16    1.78497E+06    7.70821E+02    1.45589E-01    1.50092E-01
    8.23863E+36    6.79347E+16    1.78478E+06    7.70944E+02    2.16392E-01    2.17337E-01
    8.30708E+36    6.84991E+16    1.78056E+06    7.73683E+02    1.67885E-01    1.71671E-01
    8.34530E+36    6.88143E+16    1.77823E+06    7.75206E+02    1.99272E-01    2.01571E-01
    8.38183E+36    6.91155E+16    1.77601E+06    7.76659E+02    1.51184E-01    1.55864E-01
    8.56318E+36    7.06109E+16    1.76518E+06    7.83816E+02    1.55377E-01    1.60371E-01
    8.63503E+36    7.12034E+16    1.76097E+06    7.86628E+02    1.53670E-01    1.58908E-01
    8.67223E+36    7.15101E+16    1.75881E+06    7.88079E+02    2.15582E-01    2.17969E-01
    8.70638E+36    7.17917E+16    1.75684E+06    7.89407E+02    1.94914E-01    1.98534E-01
    8.74393E+36    7.21013E+16    1.75468E+06    7.90864E+02    2.08966E-01    2.11945E-01
    8.74503E+36    7.21104E+16    1.75461E+06    7.90907E+02    1.58142E-01    1.63495E-01
    9.25263E+36    7.62960E+16    1.72656E+06    8.10265E+02    1.79710E-01    1.85495E-01
    9.28838E+36    7.65908E+16    1.72465E+06    8.11605E+02    1.90421E-01    1.95836E-01
    9.86870E+36    8.13761E+16    1.69505E+06    8.32962E+02    1.60344E-01    1.68181E-01
    1.00865E+37    8.31718E+16    1.68451E+06    8.40790E+02    1.87658E-01    1.95078E-01
    1.01601E+37    8.37792E+16    1.68101E+06    8.43416E+02    1.80175E-01    1.88022E-01
    1.04130E+37    8.58643E+16    1.66925E+06    8.52349E+02    1.94375E-01    2.02247E-01
    1.09200E+37    9.00450E+16    1.64673E+06    8.69894E+02    1.74219E-01    1.83747E-01
    1.16835E+37    9.63403E+16    1.61524E+06    8.95456E+02    1.91874E-01    2.02286E-01
    1.18290E+37    9.75407E+16    1.60953E+06    9.00220E+02    2.08161E-01    2.18289E-01
    1.19005E+37    9.81297E+16    1.60677E+06    9.02546E+02    2.54742E-01    2.62892E-01
    1.29891E+37    1.07106E+17    1.56708E+06    9.37046E+02    2.73491E-01    2.82630E-01
    1.37872E+37    1.13687E+17    1.54061E+06    9.61302E+02    2.11258E-01    2.24405E-01
    1.54917E+37    1.27742E+17    1.49014E+06    1.01054E+03    2.03736E-01    2.19251E-01
    1.57818E+37    1.30135E+17    1.48227E+06    1.01861E+03    2.08523E-01    2.24268E-01
