    2.38436E+37    1.96611E+17    1.31741E+06    1.21567E+03    4.52792E-01    6.04646E-01
    2.73440E+37    2.25475E+17    1.26685E+06    1.28917E+03    4.45591E-01    5.95519E-01
    2.73440E+37    2.25475E+17    1.26685E+06    1.28917E+03    4.28655E-01    5.71088E-01
    2.82505E+37    2.32950E+17    1.25510E+06    1.30732E+03    4.47274E-01    5.98284E-01
    2.91870E+37    2.40672E+17    1.24346E+06    1.32572E+03    4.40450E-01    5.88764E-01
    2.93780E+37    2.42247E+17    1.24114E+06    1.32943E+03    4.65357E-01    6.24904E-01
    2.88088E+37    2.37553E+17    1.24810E+06    1.31833E+03    5.13360E-01    6.95482E-01
    3.26098E+37    2.68896E+17    1.20468E+06    1.39024E+03    4.51617E-01    6.05971E-01
    3.64340E+37    3.00430E+17    1.16711E+06    1.45791E+03    4.65953E-01    6.27675E-01
    3.64340E+37    3.00430E+17    1.16711E+06    1.45791E+03    4.57464E-01    6.15447E-01
    3.69125E+37    3.04376E+17    1.16277E+06    1.46609E+03    4.09260E-01    5.46910E-01
    3.73973E+37    3.08373E+17    1.15844E+06    1.47431E+03    4.04993E-01    5.41043E-01
    3.78883E+37    3.12422E+17    1.15413E+06    1.48257E+03    4.42013E-01    5.93693E-01
    3.91443E+37    3.22779E+17    1.14343E+06    1.50344E+03    4.33791E-01    5.82317E-01
    3.99180E+37    3.29159E+17    1.13705E+06    1.51610E+03    4.30546E-01    5.77913E-01
    4.21128E+36    3.47257E+16    2.16198E+06    5.78255E+02    2.14449E-01    2.29760E-01
    4.78955E+36    3.94940E+16    2.08395E+06    6.11038E+02    2.59373E-01    2.92944E-01
    4.97130E+36    4.09927E+16    2.06189E+06    6.20870E+02    1.68375E-01    1.81641E-01
    5.00445E+36    4.12661E+16    2.05798E+06    6.22641E+02    1.97074E-01    2.16074E-01
    5.22715E+36    4.31024E+16    2.03253E+06    6.34368E+02    1.81692E-01    1.99187E-01
    5.36713E+36    4.42567E+16    2.01725E+06    6.41594E+02    2.30315E-01    2.60122E-01
    5.51365E+36    4.54649E+16    2.00178E+06    6.49043E+02    2.10369E-01    2.36082E-01
    5.80568E+36    4.78729E+16    1.97248E+06    6.63558E+02    2.92383E-01    3.45343E-01
    5.87593E+36    4.84522E+16    1.96571E+06    6.66987E+02    2.24071E-01    2.55590E-01
    5.98805E+36    4.93767E+16    1.95513E+06    6.72413E+02    2.25246E-01    2.57753E-01
    6.05760E+36    4.99502E+16    1.94869E+06    6.75749E+02    1.79418E-01    2.01409E-01
    6.09370E+36    5.02479E+16    1.94538E+06    6.77472E+02    2.52768E-01    2.93895E-01
    6.27633E+36    5.17538E+16    1.92904E+06    6.86100E+02    2.02520E-01    2.30829E-01
    6.31353E+36    5.20606E+16    1.92578E+06    6.87840E+02    2.87373E-01    3.41480E-01
    6.60385E+36    5.44545E+16    1.90120E+06    7.01222E+02    3.00885E-01    3.61602E-01
    6.63740E+36    5.47312E+16    1.89845E+06    7.02746E+02    2.66006E-01    3.14362E-01
    6.74970E+36    5.56572E+16    1.88937E+06    7.07817E+02    3.12183E-01    3.78076E-01
    6.78478E+36    5.59464E+16    1.88658E+06    7.09391E+02    2.90836E-01    3.48640E-01
    6.82155E+36    5.62497E+16    1.88367E+06    7.11037E+02    2.42170E-01    2.83908E-01
    7.21943E+36    5.95305E+16    1.85340E+06    7.28523E+02    2.08150E-01    2.42200E-01
    7.25670E+36    5.98379E+16    1.85068E+06    7.30133E+02    3.03846E-01    3.68702E-01
    7.32830E+36    6.04283E+16    1.84549E+06    7.33211E+02    2.69071E-01    3.21648E-01
    7.36500E+36    6.07309E+16    1.84286E+06    7.34783E+02    2.13257E-01    2.49229E-01
    7.65398E+36    6.31137E+16    1.82271E+06    7.47003E+02    2.23683E-01    2.63617E-01
    7.94745E+36    6.55337E+16    1.80322E+06    7.59146E+02    3.67583E-01    4.62534E-01
    8.01990E+36    6.61311E+16    1.79855E+06    7.62105E+02    3.10266E-01    3.80558E-01
    8.23555E+36    6.79093E+16    1.78497E+06    7.70821E+02    2.09165E-01    2.47183E-01
    8.23863E+36    6.79347E+16    1.78478E+06    7.70944E+02    3.94688E-01    5.03907E-01
    8.30708E+36    6.84991E+16    1.78056E+06    7.73683E+02    2.58282E-01    3.11011E-01
    8.34530E+36    6.88143E+16    1.77823E+06    7.75206E+02    3.40697E-01    4.24620E-01
    8.38183E+36    6.91155E+16    1.77601E+06    7.76659E+02    2.20611E-01    2.62231E-01
    8.56318E+36    7.06109E+16    1.76518E+06    7.83816E+02    2.29269E-01    2.73937E-01
    8.63503E+36    7.12034E+16    1.76097E+06    7.86628E+02    2.25428E-01    2.69211E-01
    8.67223E+36    7.15101E+16    1.75881E+06    7.88079E+02    3.89311E-01    4.96811E-01
    8.70638E+36    7.17917E+16    1.75684E+06    7.89407E+02    3.26603E-01    4.05672E-01
    8.74393E+36    7.21013E+16    1.75468E+06    7.90864E+02    3.67883E-01    4.65178E-01
    8.74503E+36    7.21104E+16    1.75461E+06    7.90907E+02    2.34948E-01    2.81850E-01
    9.25263E+36    7.62960E+16    1.72656E+06    8.10265E+02    2.84425E-01    3.48973E-01
    9.28838E+36    7.65908E+16    1.72465E+06    8.11605E+02    3.12100E-01    3.87035E-01
    9.86870E+36    8.13761E+16    1.69505E+06    8.32962E+02    2.37634E-01    2.88455E-01
    1.00865E+37    8.31718E+16    1.68451E+06    8.40790E+02    3.02386E-01    3.75673E-01
    1.01601E+37    8.37792E+16    1.68101E+06    8.43416E+02    2.83242E-01    3.49751E-01
    1.04130E+37    8.58643E+16    1.66925E+06    8.52349E+02    3.19246E-01    3.99762E-01
    1.09200E+37    9.00450E+16    1.64673E+06    8.69894E+02    2.67283E-01    3.30047E-01
    1.16835E+37    9.63403E+16    1.61524E+06    8.95456E+02    3.09406E-01    3.88758E-01
    1.18290E+37    9.75407E+16    1.60953E+06    9.00220E+02    3.53661E-01    4.51033E-01
    1.19005E+37    9.81297E+16    1.60677E+06    9.02546E+02    5.12628E-01    6.92806E-01
    1.29891E+37    1.07106E+17    1.56708E+06    9.37046E+02    5.86728E-01    8.15273E-01
    1.37872E+37    1.13687E+17    1.54061E+06    9.61302E+02    3.57624E-01    4.59611E-01
    1.54917E+37    1.27742E+17    1.49014E+06    1.01054E+03    3.33541E-01    4.27918E-01
    1.57818E+37    1.30135E+17    1.48227E+06    1.01861E+03    3.46072E-01    4.45766E-01
