    4.86286E+36    4.00985E+16    1.55472E+06    9.48241E+02    4.67125E-01    5.08717E-01
    4.58560E+36    3.78123E+16    1.58102E+06    9.24681E+02    3.49240E-01    3.75972E-01
    2.50000E+36    2.06147E+16    1.88023E+06    7.12988E+02    3.17766E-01    3.36349E-01
    2.90466E+36    2.39515E+16    1.80134E+06    7.60337E+02    2.86444E-01    3.03253E-01
    5.09005E+36    4.19719E+16    1.53457E+06    9.66979E+02    3.82053E-01    4.13114E-01
    5.22460E+36    4.30814E+16    1.52317E+06    9.77853E+02    3.27835E-01    3.53086E-01
    7.00700E+36    5.77789E+16    1.40064E+06    1.10894E+03    4.46053E-01    4.86340E-01
    7.47930E+36    6.16734E+16    1.37478E+06    1.14038E+03    4.86049E-01    5.31652E-01
    7.62710E+36    6.28921E+16    1.36712E+06    1.14998E+03    4.84376E-01    5.29824E-01
    7.98343E+36    6.58303E+16    1.34940E+06    1.17271E+03    4.60164E-01    5.02700E-01
